0 0.521844 0.356095 0.22032 0.246186 0.942071
0 0.50096 0.22545 0.215592 0.227216 0.641001
0 0.531021 0.337864 0.18744 0.191388 0.631703
0 0.546774 0.340203 0.242811 0.268459 0.857234
0 0.541586 0.339595 0.237674 0.261938 0.629167
0 0.537868 0.349475 0.218602 0.270657 0.88072
0 0.543734 0.342544 0.226366 0.26028 0.820506
0 0.538026 0.347133 0.207625 0.248825 0.741976
0 0.540755 0.33891 0.232966 0.271634 0.781058
0 0.539083 0.349005 0.215805 0.246455 0.83952
0 0.542963 0.340688 0.235069 0.272514 0.784538
0 0.53879 0.333304 0.2532 0.282877 0.696218
0 0.545271 0.33436 0.243265 0.273514 0.707729
0 0.540569 0.334204 0.237249 0.268489 0.780918
0 0.542489 0.338934 0.245862 0.287807 0.781077
0 0.539138 0.328521 0.233641 0.280547 0.783708
0 0.545371 0.327657 0.240361 0.287596 0.775165
0 0.539104 0.336097 0.23383 0.279972 0.744691
0 0.542414 0.330422 0.237479 0.278249 0.700252
0 0.538658 0.331725 0.245737 0.283302 0.796522
0 0.541512 0.334561 0.233595 0.273142 0.816116
0 0.543053 0.336864 0.247442 0.289445 0.803516
0 0.54038 0.330813 0.258262 0.282736 0.808239
0 0.535566 0.331046 0.256715 0.291368 0.872673
0 0.542014 0.328416 0.268491 0.302112 0.844474
0 0.535637 0.330153 0.260866 0.294806 0.841149
0 0.540354 0.332035 0.265104 0.296973 0.743319
0 0.536766 0.324612 0.255235 0.270883 0.631693
0 0.541498 0.327552 0.265112 0.296074 0.781155
0 0.542024 0.324851 0.263299 0.29068 0.794494
0 0.544549 0.331396 0.257045 0.287716 0.735929
0 0.541547 0.335709 0.245737 0.295361 0.819872
0 0.54428 0.328922 0.276819 0.293173 0.756252
0 0.545142 0.333872 0.257796 0.288416 0.741324
0 0.542708 0.326109 0.271403 0.300593 0.703733
0 0.5402 0.330392 0.258602 0.287243 0.763156
0 0.54202 0.330416 0.256495 0.284815 0.812837
0 0.539432 0.326339 0.256033 0.281369 0.781621
0 0.542356 0.329702 0.254214 0.289759 0.74543
0 0.538386 0.327505 0.254329 0.293522 0.82266
0 0.5404 0.333189 0.250949 0.285229 0.787051
0 0.541567 0.329696 0.257847 0.289664 0.787366
0 0.54201 0.338617 0.253919 0.286506 0.777921
0 0.537909 0.330942 0.252019 0.274351 0.792229
0 0.535663 0.330926 0.25519 0.28547 0.801904
0 0.540129 0.335039 0.258496 0.300403 0.776389
0 0.539542 0.333046 0.259328 0.296202 0.781792
0 0.53393 0.330471 0.253027 0.286781 0.783829
0 0.5401 0.332937 0.248088 0.286154 0.770905
0 0.537394 0.332932 0.255646 0.291299 0.805029
0 0.539126 0.334376 0.259945 0.290808 0.809731
0 0.541402 0.33095 0.250681 0.285031 0.795104
0 0.538324 0.337967 0.234702 0.281734 0.758015
0 0.536233 0.328532 0.25689 0.287119 0.722029
0 0.537288 0.332288 0.260665 0.289494 0.774907
0 0.539408 0.333835 0.233688 0.27072 0.747386
0 0.533513 0.334414 0.243178 0.280229 0.819124
0 0.53654 0.329377 0.246611 0.279028 0.770726
0 0.539654 0.328903 0.252235 0.282841 0.794532
0 0.536333 0.334805 0.243314 0.289425 0.816854
0 0.539068 0.33382 0.248471 0.283966 0.798123
0 0.538952 0.326795 0.260709 0.294033 0.732456
0 0.533548 0.334144 0.252599 0.290456 0.779966
0 0.536995 0.334372 0.247186 0.292156 0.812007
0 0.539401 0.336634 0.244492 0.284407 0.819039
0 0.535468 0.331109 0.246613 0.283024 0.807877
0 0.532017 0.336702 0.250035 0.293199 0.782676
0 0.534967 0.332918 0.25474 0.287315 0.806508
0 0.536067 0.332559 0.259134 0.297493 0.795328
0 0.532381 0.33166 0.252665 0.287027 0.829579
0 0.534975 0.334937 0.250919 0.28358 0.815756
0 0.540143 0.333996 0.244109 0.288753 0.778614
0 0.534996 0.331144 0.254334 0.2827 0.795346
0 0.538281 0.329511 0.260226 0.291884 0.832546
0 0.542295 0.330776 0.240993 0.283449 0.825546
0 0.536722 0.324454 0.260154 0.292964 0.795814
0 0.537997 0.325567 0.251415 0.281792 0.794854
0 0.536326 0.330504 0.250474 0.281757 0.810134
0 0.536455 0.328892 0.251077 0.281294 0.791118
0 0.53887 0.332756 0.248842 0.291015 0.80804
0 0.536473 0.32813 0.255469 0.292789 0.806937
0 0.540585 0.330034 0.246337 0.289153 0.79808
0 0.541111 0.331688 0.246954 0.284673 0.804491
0 0.537593 0.330189 0.241543 0.283129 0.82291
0 0.538166 0.330914 0.243103 0.284602 0.819078
0 0.5381 0.332444 0.245064 0.283651 0.83021
0 0.537721 0.333399 0.240049 0.279871 0.799882
0 0.536459 0.331507 0.253593 0.283895 0.811517
0 0.537259 0.331778 0.249769 0.28095 0.801805
0 0.539022 0.333403 0.242062 0.281221 0.810989
0 0.537649 0.33409 0.244215 0.283313 0.830338
0 0.538631 0.33017 0.255054 0.288307 0.800823
0 0.537965 0.334535 0.245759 0.284261 0.82493
0 0.538527 0.333545 0.240908 0.281531 0.819259
0 0.538733 0.333931 0.241604 0.28205 0.832846
0 0.537816 0.333395 0.247543 0.287879 0.821011
0 0.538487 0.334594 0.242562 0.283528 0.826353
0 0.538717 0.33392 0.241601 0.282029 0.832605
