0 0.701732 0.420723 0.151872 0.178835 0.864125
0 0.678983 0.42277 0.144658 0.17267 0.61341
0 0.689801 0.422556 0.138327 0.150213 0.865529
0 0.675958 0.423551 0.134936 0.162378 0.607654
0 0.678359 0.419961 0.149798 0.181823 0.738238
0 0.685139 0.426084 0.158616 0.18328 0.68599
0 0.684091 0.427583 0.158079 0.185843 0.691697
0 0.681069 0.422714 0.14456 0.170085 0.687738
0 0.678775 0.425559 0.153531 0.177499 0.714606
0 0.682691 0.426906 0.155982 0.17836 0.655451
0 0.673895 0.427319 0.140679 0.168664 0.621768
0 0.680513 0.425659 0.154891 0.182705 0.648872
0 0.684433 0.42559 0.150967 0.176307 0.738809
0 0.683879 0.424599 0.158984 0.182035 0.73944
0 0.677189 0.424221 0.144967 0.173486 0.798624
0 0.679176 0.424297 0.149943 0.174639 0.72104
0 0.685734 0.424789 0.153869 0.18009 0.763116
0 0.679994 0.423671 0.147143 0.176225 0.720516
0 0.677526 0.426099 0.156328 0.178304 0.634672
0 0.680709 0.425412 0.151611 0.175253 0.717822
0 0.67859 0.428768 0.152789 0.177364 0.806677
0 0.682364 0.429315 0.152742 0.174903 0.666313
0 0.681129 0.425801 0.151643 0.17321 0.744274
0 0.682 0.425777 0.154963 0.177604 0.789383
0 0.683809 0.428953 0.155531 0.183498 0.749691
0 0.679744 0.42796 0.152902 0.175473 0.732467
0 0.676689 0.42764 0.147474 0.170969 0.749327
0 0.684394 0.428164 0.153281 0.175012 0.729899
0 0.681892 0.426913 0.151503 0.176654 0.745399
0 0.683627 0.430738 0.152524 0.177342 0.761078
0 0.681614 0.427136 0.154999 0.178836 0.788056
0 0.683197 0.430634 0.158352 0.181134 0.791184
0 0.680659 0.4325 0.15535 0.179578 0.792549
0 0.687603 0.429606 0.161373 0.186803 0.72428
0 0.682528 0.426748 0.150757 0.174823 0.68308
0 0.682706 0.430314 0.153952 0.176224 0.775014
0 0.68225 0.427815 0.154131 0.17892 0.747257
0 0.677621 0.42923 0.153112 0.175768 0.721162
0 0.681603 0.428337 0.15071 0.178613 0.711738
0 0.683883 0.429524 0.150584 0.179317 0.759524
0 0.681908 0.428675 0.153913 0.177369 0.724659
0 0.6826 0.431298 0.157303 0.184016 0.774405
0 0.682872 0.430142 0.153588 0.182138 0.771509
0 0.681149 0.426687 0.152746 0.177248 0.762394
0 0.680447 0.428149 0.153172 0.178311 0.744842
0 0.679784 0.429606 0.146713 0.173492 0.766423
0 0.678657 0.428647 0.149782 0.173469 0.753333
0 0.678503 0.428723 0.152643 0.180856 0.719388
0 0.681267 0.430728 0.155697 0.180025 0.702857
0 0.680359 0.432891 0.151378 0.177883 0.747942
0 0.681766 0.428943 0.150533 0.175039 0.769138
0 0.682125 0.429602 0.154134 0.180521 0.79157
0 0.682756 0.431267 0.147755 0.172485 0.768296
0 0.681627 0.429537 0.1512 0.174776 0.757881
0 0.678065 0.430564 0.151979 0.177299 0.700004
0 0.680973 0.431227 0.14888 0.173675 0.779046
0 0.679635 0.430155 0.154484 0.17993 0.80463
0 0.680381 0.428881 0.153062 0.175952 0.718153
0 0.679545 0.430537 0.151557 0.174972 0.7708
0 0.68163 0.431923 0.154786 0.181022 0.807437
0 0.681908 0.430912 0.150943 0.175594 0.767457
0 0.680205 0.431298 0.150952 0.174747 0.733231
0 0.681549 0.431938 0.148894 0.173245 0.808445
0 0.683716 0.433356 0.15488 0.18342 0.787444
0 0.682372 0.431033 0.153011 0.180042 0.783558
0 0.683271 0.431258 0.150282 0.175529 0.759621
0 0.680579 0.432721 0.151565 0.176584 0.773532
0 0.682177 0.432881 0.157354 0.186193 0.813792
0 0.679874 0.432929 0.155223 0.178639 0.787657
0 0.680737 0.429942 0.15563 0.1809 0.852802
0 0.680536 0.43143 0.152449 0.17772 0.760358
0 0.68265 0.432065 0.155506 0.181158 0.793357
0 0.682898 0.432065 0.1565 0.182289 0.814442
0 0.683974 0.430899 0.155672 0.180034 0.818336
0 0.681589 0.42959 0.152246 0.177829 0.806258
0 0.682847 0.428069 0.149747 0.175505 0.780499
0 0.68372 0.427123 0.150499 0.174476 0.732141
0 0.681416 0.430769 0.152646 0.177586 0.787654
0 0.682071 0.430491 0.155799 0.18135 0.736606
0 0.682871 0.431543 0.152403 0.177521 0.805701
0 0.682432 0.431488 0.156887 0.181771 0.771128
0 0.682734 0.432077 0.151868 0.177069 0.77012
0 0.681904 0.431069 0.15513 0.181988 0.733856
0 0.681804 0.430755 0.154057 0.179133 0.814224
0 0.683121 0.432185 0.155331 0.181076 0.80831
0 0.681065 0.430714 0.154155 0.178819 0.800334
0 0.682633 0.430654 0.152804 0.178676 0.759687
0 0.683049 0.430452 0.151868 0.17815 0.762304
0 0.682673 0.432539 0.151836 0.17573 0.786237
0 0.682186 0.430182 0.151894 0.174528 0.812431
0 0.682149 0.429637 0.15219 0.176551 0.807545
0 0.683769 0.430836 0.15134 0.176991 0.789271
0 0.682036 0.431127 0.153025 0.177309 0.810931
0 0.681979 0.431137 0.15233 0.176344 0.808832
0 0.682505 0.431925 0.15397 0.178311 0.826786
0 0.682016 0.430791 0.152547 0.176842 0.791548
0 0.682949 0.430796 0.152581 0.177627 0.807591
0 0.682506 0.431916 0.153976 0.178303 0.826363
