0 0.509944 0.141542 0.175113 0.204526 0.964319
0 0.518656 0.142032 0.144444 0.171145 0.915216
0 0.510837 0.145204 0.160845 0.189663 0.818145
0 0.517264 0.135839 0.1619 0.199442 0.91513
0 0.517585 0.142853 0.152558 0.193215 0.935128
0 0.522803 0.13566 0.168723 0.203389 0.807922
0 0.517498 0.142176 0.166036 0.204862 0.858915
0 0.517083 0.146534 0.166928 0.201754 0.829644
0 0.517516 0.142965 0.161327 0.190627 0.891985
0 0.515576 0.141344 0.16991 0.198819 0.922517
0 0.516995 0.14096 0.158858 0.187145 0.817588
0 0.517318 0.140995 0.168915 0.203398 0.809963
0 0.51638 0.145263 0.16195 0.18491 0.830297
0 0.523176 0.144827 0.176036 0.20692 0.83501
0 0.517638 0.142244 0.15979 0.191013 0.868799
0 0.51527 0.139209 0.168533 0.202316 0.802836
0 0.519498 0.139412 0.171855 0.205205 0.879798
0 0.514828 0.144527 0.160184 0.194643 0.822826
0 0.515838 0.140017 0.170095 0.19926 0.778374
0 0.517918 0.143449 0.162889 0.190398 0.828288
0 0.513134 0.149279 0.152705 0.17788 0.881011
0 0.519155 0.142933 0.1676 0.19981 0.830822
0 0.514303 0.141622 0.157455 0.185069 0.864795
0 0.517238 0.143862 0.163037 0.193595 0.839618
0 0.515254 0.146434 0.170651 0.196516 0.893113
0 0.514656 0.145679 0.167363 0.190089 0.904644
0 0.516249 0.142568 0.168281 0.196057 0.80751
0 0.515986 0.145146 0.158325 0.186803 0.804854
0 0.516183 0.141015 0.168192 0.199331 0.809123
0 0.515325 0.142119 0.167135 0.195195 0.856488
0 0.51529 0.142492 0.161768 0.194475 0.876167
0 0.517896 0.14338 0.167181 0.197468 0.892707
0 0.515043 0.145529 0.170048 0.193779 0.840395
0 0.51584 0.141081 0.170474 0.200585 0.82923
0 0.516656 0.140948 0.161588 0.189668 0.823621
0 0.516764 0.144012 0.165429 0.193444 0.858373
0 0.519475 0.140603 0.166322 0.198985 0.875374
0 0.516735 0.141193 0.164404 0.194407 0.842178
0 0.515922 0.143144 0.163997 0.196731 0.82121
0 0.518361 0.142299 0.166794 0.199207 0.917759
0 0.515715 0.140505 0.167343 0.198491 0.83646
0 0.516725 0.142616 0.169139 0.194802 0.866168
0 0.516484 0.142985 0.159392 0.190744 0.880686
0 0.517826 0.143184 0.161965 0.191067 0.865333
0 0.516744 0.143108 0.164989 0.194972 0.855781
0 0.515435 0.144523 0.162462 0.192453 0.878641
0 0.516293 0.146745 0.162689 0.188545 0.869294
0 0.515288 0.144025 0.165302 0.194633 0.849982
0 0.515696 0.144779 0.164582 0.192105 0.837985
0 0.515768 0.143773 0.164778 0.193021 0.869546
0 0.51641 0.143352 0.162435 0.190111 0.887567
0 0.516868 0.1429 0.167622 0.194191 0.903487
0 0.516505 0.144325 0.162386 0.190369 0.879644
0 0.516091 0.143501 0.16143 0.18828 0.883621
0 0.516339 0.142833 0.166799 0.195672 0.825623
0 0.517337 0.143645 0.161566 0.190822 0.849132
0 0.516461 0.143229 0.164977 0.193964 0.901183
0 0.517405 0.140879 0.165863 0.193766 0.828335
0 0.515364 0.141993 0.167129 0.194027 0.845993
0 0.514485 0.145751 0.161243 0.191432 0.878965
0 0.516156 0.144152 0.160764 0.188211 0.865705
0 0.518423 0.143183 0.161895 0.190505 0.818896
0 0.517661 0.143982 0.163047 0.192193 0.905012
0 0.51538 0.144426 0.162968 0.192746 0.896464
0 0.516515 0.143841 0.162554 0.193803 0.901555
0 0.516787 0.144257 0.161064 0.189213 0.914657
0 0.516522 0.145866 0.161415 0.188813 0.914557
0 0.516142 0.144147 0.164757 0.193601 0.915664
0 0.515991 0.146515 0.164693 0.190866 0.899665
0 0.515404 0.142715 0.166815 0.193663 0.939968
0 0.515642 0.144194 0.163836 0.191305 0.914466
0 0.515221 0.143734 0.165159 0.193571 0.909396
0 0.515787 0.142956 0.163243 0.19099 0.898275
0 0.517528 0.142409 0.1625 0.192432 0.912247
0 0.516262 0.141836 0.162213 0.191629 0.907353
0 0.516523 0.140615 0.161196 0.191616 0.896863
0 0.516523 0.141437 0.160689 0.189968 0.8694
0 0.51635 0.143955 0.163392 0.191969 0.9073
0 0.51466 0.14236 0.166536 0.194631 0.868549
0 0.516475 0.142943 0.162392 0.192628 0.901724
0 0.516294 0.144392 0.161503 0.192316 0.871925
0 0.516665 0.143008 0.161596 0.191928 0.879538
0 0.516853 0.143532 0.163706 0.193866 0.879312
0 0.515966 0.142676 0.161801 0.191419 0.905293
0 0.516128 0.142984 0.162016 0.191183 0.896293
0 0.515974 0.142687 0.163703 0.192715 0.91212
0 0.516349 0.142824 0.163065 0.192759 0.892992
0 0.515804 0.142853 0.16402 0.194194 0.908423
0 0.516214 0.144646 0.163383 0.192485 0.911783
0 0.516896 0.142921 0.16328 0.193102 0.906832
0 0.516658 0.142588 0.163721 0.194137 0.913716
0 0.517571 0.142875 0.162125 0.193066 0.896833
0 0.516179 0.143906 0.163415 0.192278 0.919373
0 0.516221 0.143907 0.163488 0.192661 0.910476
0 0.516613 0.143905 0.164848 0.193932 0.920421
0 0.516376 0.143778 0.163905 0.193528 0.910338
0 0.516693 0.143758 0.16414 0.193949 0.913957
0 0.516613 0.143899 0.164836 0.193937 0.920236
