0 0.393082 0.220945 0.22785 0.261446 0.792544
0 0.471327 0.209817 0.288213 0.341297 0.674077
0 0.434847 0.210832 0.284678 0.327005 0.663133
0 0.445849 0.221987 0.281374 0.332532 0.636392
0 0.429533 0.211048 0.282069 0.319466 0.769149
0 0.430961 0.212902 0.283843 0.331999 0.730446
0 0.445551 0.207757 0.276513 0.322336 0.809172
0 0.448242 0.219086 0.276627 0.314905 0.7645
0 0.443497 0.221301 0.276014 0.301648 0.614946
0 0.449643 0.221736 0.268217 0.313396 0.707296
0 0.443314 0.215848 0.27326 0.313836 0.776081
0 0.440186 0.218671 0.253946 0.298857 0.696354
0 0.439828 0.213088 0.278922 0.320501 0.810713
0 0.429975 0.22005 0.279934 0.319393 0.68371
0 0.437475 0.213535 0.305283 0.34108 0.736205
0 0.44361 0.216901 0.276619 0.310194 0.818726
0 0.436842 0.220726 0.265679 0.300103 0.733969
0 0.438519 0.225374 0.269772 0.321826 0.799765
0 0.433773 0.215034 0.271784 0.310335 0.732172
0 0.443514 0.221759 0.26762 0.319632 0.880564
0 0.440898 0.225517 0.275999 0.318395 0.795067
0 0.436041 0.222464 0.278676 0.320807 0.797354
0 0.443691 0.216596 0.270803 0.316142 0.679354
0 0.436265 0.222105 0.274637 0.30366 0.760947
0 0.440469 0.214868 0.285245 0.327036 0.770048
0 0.435817 0.218462 0.280564 0.318407 0.816294
0 0.438094 0.215561 0.28126 0.32708 0.744193
0 0.4327 0.219133 0.276077 0.32864 0.800589
0 0.428374 0.220678 0.284284 0.319359 0.700021
0 0.441263 0.213802 0.273687 0.325227 0.701056
0 0.435279 0.213564 0.287589 0.319712 0.775411
0 0.43975 0.216662 0.267532 0.315593 0.741341
0 0.441538 0.218226 0.277995 0.330219 0.778357
0 0.438583 0.216799 0.289656 0.326194 0.756642
0 0.441087 0.217661 0.274884 0.312162 0.769628
0 0.434639 0.217343 0.272349 0.322142 0.878528
0 0.433327 0.216542 0.277696 0.322892 0.836577
0 0.433722 0.218149 0.279758 0.31933 0.836775
0 0.433443 0.223638 0.288199 0.325654 0.834913
0 0.437994 0.21386 0.281415 0.320704 0.816944
0 0.433168 0.21138 0.268425 0.31458 0.800239
0 0.436788 0.221319 0.282265 0.328351 0.756203
0 0.43301 0.223612 0.272007 0.319214 0.810592
0 0.440433 0.219302 0.272992 0.314761 0.817918
0 0.443092 0.2189 0.271277 0.323553 0.783871
0 0.43158 0.222087 0.277613 0.318406 0.807922
0 0.433434 0.218734 0.278081 0.317482 0.852875
0 0.435372 0.216617 0.275008 0.317097 0.845236
0 0.434327 0.220262 0.269923 0.312257 0.804386
0 0.430031 0.21936 0.272052 0.318346 0.813189
0 0.439708 0.216775 0.274163 0.324076 0.828149
0 0.437909 0.223271 0.276957 0.316711 0.792859
0 0.439038 0.21844 0.267548 0.312892 0.83119
0 0.439813 0.215361 0.271467 0.31944 0.780659
0 0.441981 0.216528 0.273061 0.318187 0.813429
0 0.429626 0.220463 0.278405 0.323901 0.866169
0 0.434797 0.220732 0.273071 0.31928 0.82562
0 0.433566 0.219052 0.271758 0.314888 0.816126
0 0.437107 0.220876 0.277717 0.318341 0.802703
0 0.435004 0.220939 0.265516 0.319773 0.841311
0 0.429073 0.218382 0.256553 0.314951 0.824479
0 0.438238 0.22367 0.277025 0.318137 0.818663
0 0.430058 0.221492 0.276735 0.323724 0.820264
0 0.432641 0.217066 0.268878 0.31033 0.848121
0 0.436437 0.220338 0.269804 0.312495 0.828612
0 0.437066 0.216319 0.281205 0.322632 0.848344
0 0.434729 0.219134 0.282399 0.326178 0.848812
0 0.432617 0.221314 0.276905 0.317968 0.828606
0 0.436605 0.218668 0.270194 0.310159 0.852188
0 0.434017 0.218251 0.280458 0.320636 0.899784
0 0.434096 0.216176 0.276139 0.319062 0.867372
0 0.432843 0.215368 0.279465 0.320861 0.863882
0 0.433429 0.213908 0.281105 0.325224 0.854986
0 0.437254 0.219172 0.26751 0.318411 0.866983
0 0.431636 0.219393 0.278535 0.319132 0.852586
0 0.432405 0.218088 0.278507 0.322378 0.869197
0 0.43191 0.216674 0.275647 0.321809 0.869801
0 0.433959 0.218935 0.2784 0.323285 0.859959
0 0.433083 0.218227 0.273923 0.311518 0.851824
0 0.431487 0.216041 0.274667 0.316481 0.872049
0 0.433592 0.221109 0.2753 0.316877 0.876131
0 0.432053 0.220956 0.275314 0.317961 0.873294
0 0.433309 0.221955 0.274965 0.319951 0.880447
0 0.436483 0.218388 0.274311 0.316037 0.899231
0 0.436114 0.221033 0.272666 0.319375 0.88816
0 0.433165 0.219953 0.275976 0.319043 0.891051
0 0.43524 0.220271 0.273841 0.320497 0.891728
0 0.433399 0.218003 0.277807 0.322584 0.881774
0 0.437684 0.220722 0.274735 0.320751 0.893642
0 0.432064 0.220971 0.279437 0.321425 0.894989
0 0.432008 0.221058 0.279671 0.321501 0.904866
0 0.432185 0.220294 0.278383 0.321291 0.901902
0 0.433676 0.220109 0.278858 0.322647 0.900785
0 0.432007 0.221053 0.279673 0.321487 0.904754
