0 0.469217 0.144431 0.288335 0.288862 0.607075
0 0.440607 0.297688 0.42313 0.49068 0.66385
0 0.457434 0.329266 0.510618 0.60821 0.637796
0 0.479354 0.321983 0.490635 0.577089 0.738895
0 0.450426 0.325838 0.467355 0.587073 0.66816
0 0.451388 0.313411 0.482302 0.543344 0.778465
0 0.491091 0.325683 0.486467 0.570944 0.642351
0 0.488873 0.306196 0.539278 0.56668 0.761862
0 0.50004 0.310841 0.502136 0.56086 0.800441
0 0.475075 0.315728 0.456709 0.564465 0.793887
0 0.473392 0.323039 0.438041 0.527459 0.668933
0 0.497341 0.305433 0.505953 0.57337 0.691222
0 0.491004 0.308147 0.507272 0.566573 0.704686
0 0.477489 0.298895 0.443753 0.522236 0.803309
0 0.492032 0.306922 0.489199 0.551513 0.83546
0 0.472897 0.306941 0.4559 0.535659 0.87393
0 0.481083 0.317386 0.569966 0.61369 0.894421
0 0.489701 0.291255 0.472297 0.582509 0.74643
0 0.473758 0.302153 0.412189 0.504567 0.789496
0 0.481941 0.308802 0.458365 0.54285 0.826026
0 0.496805 0.31708 0.465519 0.575221 0.864108
0 0.487211 0.316878 0.478888 0.571802 0.718463
0 0.478102 0.305038 0.433633 0.520219 0.774213
0 0.472539 0.307322 0.480769 0.563452 0.683408
0 0.493585 0.310423 0.488677 0.561987 0.842662
0 0.485571 0.318775 0.470141 0.553696 0.751789
0 0.482376 0.323534 0.471004 0.561677 0.796343
0 0.502237 0.307823 0.488384 0.555997 0.710051
0 0.499577 0.306442 0.43482 0.548806 0.764852
0 0.507772 0.321763 0.474123 0.548831 0.816195
0 0.487952 0.312589 0.459065 0.51386 0.763464
0 0.492652 0.310769 0.437039 0.542511 0.775009
0 0.495403 0.315556 0.479071 0.538074 0.761831
0 0.479828 0.305384 0.455054 0.525705 0.763538
0 0.490488 0.319538 0.50243 0.565646 0.786929
0 0.499107 0.322853 0.453065 0.523207 0.886147
0 0.492866 0.307268 0.484939 0.566849 0.749911
0 0.489048 0.31574 0.450616 0.548681 0.85535
0 0.498828 0.309576 0.45018 0.531851 0.822691
0 0.483781 0.311122 0.428513 0.524714 0.695592
0 0.495319 0.315987 0.451461 0.529688 0.797759
0 0.490946 0.328033 0.429199 0.528671 0.80266
0 0.494562 0.31632 0.460549 0.532738 0.832327
0 0.486433 0.312774 0.439231 0.521715 0.801418
0 0.494585 0.323964 0.477376 0.539719 0.798194
0 0.490778 0.322017 0.477598 0.555084 0.800598
0 0.496245 0.307866 0.47189 0.557136 0.8269
0 0.485606 0.319678 0.433295 0.523951 0.856716
0 0.486454 0.304802 0.442453 0.523269 0.831706
0 0.496862 0.310832 0.446109 0.524556 0.844546
0 0.485357 0.319925 0.4419 0.525372 0.867363
0 0.483658 0.312185 0.461866 0.518426 0.770212
0 0.494613 0.311939 0.433047 0.511503 0.81404
0 0.485804 0.310363 0.467388 0.541099 0.798095
0 0.486327 0.314607 0.426738 0.518963 0.785132
0 0.487303 0.314016 0.439879 0.522877 0.814396
0 0.477611 0.302609 0.44865 0.530548 0.818698
0 0.487679 0.313658 0.457217 0.531527 0.842043
0 0.493942 0.315267 0.460404 0.536087 0.826476
0 0.489222 0.308494 0.462801 0.535122 0.827516
0 0.494376 0.30899 0.454132 0.523953 0.837672
0 0.491617 0.32457 0.459439 0.528062 0.80865
0 0.49063 0.313641 0.450335 0.530595 0.840212
0 0.489227 0.314561 0.453114 0.539388 0.840884
0 0.489137 0.322505 0.471863 0.546309 0.853743
0 0.486389 0.318426 0.442026 0.533863 0.794133
0 0.49433 0.321598 0.463291 0.531705 0.816467
0 0.491575 0.321321 0.463815 0.537687 0.835102
0 0.489161 0.312996 0.433454 0.519214 0.824723
0 0.488715 0.32004 0.45669 0.535892 0.826058
0 0.486377 0.314178 0.449285 0.532252 0.830404
0 0.490162 0.317977 0.459294 0.538879 0.820944
0 0.485731 0.314904 0.451214 0.528278 0.866275
0 0.489261 0.321399 0.446459 0.531384 0.856817
0 0.487629 0.317532 0.460533 0.53945 0.860473
0 0.49656 0.312851 0.465843 0.532259 0.843114
0 0.491075 0.312926 0.467989 0.540771 0.827369
0 0.492915 0.31501 0.462404 0.53102 0.857586
0 0.485722 0.322104 0.458333 0.537354 0.851703
0 0.488809 0.316694 0.448703 0.525552 0.838123
0 0.487344 0.317201 0.45502 0.533706 0.857001
0 0.489379 0.323379 0.452302 0.528472 0.858615
0 0.48999 0.315669 0.454659 0.528238 0.852579
0 0.485941 0.318866 0.439705 0.529691 0.86608
0 0.490655 0.319153 0.449514 0.533675 0.865441
0 0.486199 0.320117 0.447379 0.533046 0.8645
0 0.490668 0.316566 0.457148 0.531293 0.851293
0 0.48875 0.316947 0.455984 0.534639 0.880096
0 0.49115 0.318926 0.450981 0.531587 0.870647
0 0.489209 0.317292 0.449437 0.528341 0.882954
0 0.49308 0.318593 0.456473 0.534383 0.884846
0 0.491453 0.316481 0.453037 0.530048 0.879605
0 0.489197 0.317295 0.449431 0.528327 0.883139
