0 0.576476 0.367133 0.255166 0.294631 0.900955
0 0.56512 0.362286 0.414473 0.450268 0.806197
0 0.583977 0.362494 0.295888 0.365694 0.739301
0 0.600846 0.311864 0.214139 0.239604 0.661637
0 0.598211 0.374934 0.314032 0.407656 0.880145
0 0.589173 0.361128 0.326082 0.376931 0.974587
0 0.623523 0.380773 0.345194 0.430321 0.637309
0 0.622906 0.383448 0.358181 0.441345 0.755509
0 0.604335 0.372123 0.369458 0.439604 0.757644
0 0.603909 0.359703 0.36533 0.444069 0.812684
0 0.603968 0.378301 0.338466 0.408845 0.799816
0 0.594931 0.38223 0.341433 0.412257 0.787259
0 0.585615 0.36933 0.331174 0.407043 0.862673
0 0.615462 0.368578 0.340986 0.40214 0.802132
0 0.6179 0.3679 0.365337 0.430099 0.739685
0 0.62131 0.370203 0.381882 0.420198 0.725563
0 0.612749 0.366343 0.376292 0.424789 0.657339
0 0.600644 0.380907 0.364202 0.41476 0.81576
0 0.607247 0.376749 0.327835 0.382713 0.880537
0 0.599795 0.374343 0.336986 0.396133 0.834483
0 0.61003 0.373441 0.363299 0.423461 0.800623
0 0.597444 0.374406 0.358394 0.407478 0.847473
0 0.590761 0.369124 0.36799 0.428174 0.836119
0 0.590928 0.373493 0.338473 0.394041 0.880197
0 0.609127 0.374805 0.372101 0.433251 0.828601
0 0.593343 0.373399 0.366042 0.42401 0.809086
0 0.605831 0.371258 0.343461 0.413487 0.815239
0 0.611412 0.379351 0.371187 0.42305 0.906954
0 0.613188 0.379278 0.347367 0.398554 0.873834
0 0.616667 0.380736 0.355542 0.418495 0.788635
0 0.598272 0.37203 0.347621 0.417624 0.849536
0 0.615056 0.367777 0.364995 0.438382 0.771889
0 0.613395 0.369293 0.349255 0.403284 0.836641
0 0.604576 0.370935 0.3491 0.415655 0.761332
0 0.607426 0.373177 0.350101 0.414448 0.883145
0 0.603041 0.370107 0.348676 0.421905 0.782159
0 0.607116 0.374238 0.347522 0.418252 0.813065
0 0.600499 0.368352 0.354618 0.414599 0.816733
0 0.598148 0.373271 0.347735 0.403982 0.807375
0 0.602639 0.377519 0.337737 0.409819 0.806095
0 0.60413 0.3754 0.349607 0.402871 0.805028
0 0.614041 0.372138 0.362755 0.423583 0.811099
0 0.591605 0.375988 0.362452 0.432627 0.852248
0 0.608075 0.383073 0.348543 0.413958 0.859929
0 0.616332 0.372031 0.361178 0.424044 0.803375
0 0.599888 0.380729 0.351081 0.422757 0.866602
0 0.603522 0.381894 0.365908 0.437027 0.861327
0 0.599712 0.38203 0.349145 0.421648 0.770074
0 0.603319 0.379161 0.370641 0.428623 0.840098
0 0.605857 0.386738 0.36614 0.421715 0.818379
0 0.606702 0.379 0.365883 0.425908 0.8316
0 0.608365 0.374343 0.358397 0.428043 0.807398
0 0.608171 0.381244 0.349396 0.416931 0.832998
0 0.608705 0.378303 0.363534 0.419533 0.803975
0 0.607869 0.377213 0.351361 0.417099 0.843091
0 0.607094 0.386949 0.341174 0.406093 0.825473
0 0.605037 0.376898 0.366443 0.427893 0.835969
0 0.608074 0.377732 0.355145 0.418679 0.845237
0 0.611373 0.382467 0.345893 0.416659 0.861861
0 0.610756 0.375907 0.36092 0.414917 0.826606
0 0.613831 0.380033 0.34273 0.400133 0.83103
0 0.608673 0.371032 0.348425 0.414515 0.81899
0 0.609639 0.378119 0.356637 0.415924 0.82708
0 0.612099 0.38135 0.348946 0.408016 0.826196
0 0.604291 0.371703 0.352803 0.409376 0.859444
0 0.608356 0.376298 0.356933 0.415778 0.844306
0 0.608168 0.375563 0.34991 0.414599 0.867599
0 0.607408 0.374115 0.352246 0.416218 0.851017
0 0.611138 0.374909 0.360883 0.418518 0.868001
0 0.607628 0.379018 0.357839 0.419917 0.834745
0 0.612974 0.381606 0.346094 0.405077 0.856859
0 0.614577 0.379977 0.342598 0.407119 0.848547
0 0.610041 0.375892 0.356005 0.417875 0.883165
0 0.607582 0.373576 0.353014 0.418911 0.833701
0 0.604572 0.375664 0.352316 0.416092 0.840403
0 0.600761 0.37301 0.338008 0.402346 0.876902
0 0.604742 0.375193 0.335097 0.404549 0.864626
0 0.605012 0.377417 0.343478 0.408817 0.868413
0 0.602497 0.373328 0.346798 0.414968 0.881138
0 0.605977 0.37155 0.34754 0.418639 0.843961
0 0.604485 0.375429 0.348734 0.410562 0.879498
0 0.607341 0.383061 0.3476 0.411848 0.873739
0 0.603717 0.374773 0.344561 0.416294 0.869484
0 0.611312 0.377168 0.348978 0.41842 0.869904
0 0.613373 0.380538 0.352855 0.416356 0.859787
0 0.607906 0.378596 0.347456 0.412153 0.864858
0 0.604817 0.380585 0.353572 0.413129 0.859589
0 0.605557 0.379227 0.338361 0.403317 0.876636
0 0.603649 0.375978 0.342435 0.410879 0.892088
0 0.607149 0.381728 0.3478 0.408167 0.882644
0 0.60707 0.374613 0.345209 0.408359 0.879532
0 0.60307 0.376703 0.342006 0.407126 0.889487
0 0.605276 0.375166 0.343709 0.409716 0.892049
0 0.603553 0.373691 0.341785 0.410147 0.893439
0 0.609422 0.374374 0.348195 0.41273 0.87856
0 0.606085 0.375125 0.346382 0.40949 0.893591
0 0.606098 0.375439 0.346117 0.410867 0.886348
0 0.602848 0.376288 0.344026 0.407154 0.895989
0 0.606126 0.375727 0.345286 0.410161 0.89629
0 0.604402 0.376333 0.3457 0.410152 0.891923
0 0.602838 0.37628 0.344027 0.407119 0.89618
