0 0.826838 0.470915 0.346324 0.408105 0.8481
0 0.379267 0.394584 0.226851 0.274881 0.833098
0 0.166898 0.467305 0.188348 0.225499 0.988045
0 0.827186 0.474735 0.345627 0.456651 0.787335
0 0.829059 0.487966 0.337683 0.446771 0.817535
0 0.25766 0.339924 0.293828 0.347323 0.703901
0 0.826293 0.472679 0.347415 0.405811 0.760822
0 0.820485 0.501412 0.359029 0.531742 0.775481
0 0.506188 0.608764 0.26107 0.310675 0.710348
0 0.826989 0.483666 0.346022 0.500087 0.717159
0 0.255588 0.335237 0.246138 0.284049 0.686484
0 0.822159 0.486369 0.355683 0.523784 0.732939
0 0.258812 0.334211 0.227557 0.269683 0.693558
0 0.513456 0.592707 0.301435 0.385306 0.682694
0 0.265807 0.329179 0.278464 0.329671 0.615397
0 0.510155 0.600669 0.271016 0.315213 0.736662
0 0.826488 0.476851 0.347023 0.441941 0.697704
0 0.828062 0.470332 0.338696 0.425036 0.691956
0 0.51236 0.600591 0.285101 0.3245 0.676113
0 0.511888 0.603367 0.266686 0.304613 0.737366
0 0.832113 0.477639 0.335773 0.44802 0.676018
0 0.521532 0.602995 0.279307 0.322946 0.716028
0 0.829461 0.479215 0.341078 0.43885 0.602153
0 0.524068 0.603019 0.270633 0.315881 0.767226
0 0.26164 0.322717 0.235038 0.271566 0.709293
0 0.832752 0.479156 0.334495 0.458735 0.664275
0 0.515965 0.605645 0.279851 0.325847 0.800936
0 0.255607 0.333521 0.23425 0.275746 0.735684
0 0.836283 0.479021 0.327433 0.44381 0.762447
0 0.516884 0.599248 0.274131 0.313061 0.727739
0 0.255599 0.326025 0.237322 0.274903 0.611186
0 0.520384 0.595154 0.287279 0.334874 0.765683
0 0.833838 0.472555 0.332323 0.433248 0.670022
0 0.266236 0.320221 0.26013 0.301431 0.607195
0 0.249492 0.327859 0.237761 0.28037 0.685251
0 0.518554 0.603237 0.274617 0.327591 0.604038
0 0.830508 0.481225 0.338984 0.421353 0.743214
0 0.513114 0.598417 0.255776 0.301806 0.678942
0 0.252873 0.316455 0.241302 0.273154 0.659523
0 0.519438 0.604167 0.274147 0.315851 0.808885
0 0.822224 0.47338 0.355552 0.45302 0.697584
0 0.261312 0.323027 0.253522 0.284544 0.680429
0 0.52225 0.599447 0.263021 0.307582 0.780221
0 0.829466 0.482325 0.341067 0.429715 0.754389
0 0.250634 0.322662 0.235799 0.271648 0.63755
0 0.251872 0.324133 0.244252 0.289025 0.749292
0 0.520446 0.607196 0.268596 0.321865 0.721048
0 0.816026 0.478992 0.367949 0.481611 0.682064
0 0.512246 0.599052 0.283588 0.31657 0.738302
0 0.245426 0.315287 0.249494 0.280676 0.717911
0 0.819468 0.473418 0.361064 0.46164 0.711833
0 0.515722 0.593476 0.275431 0.344668 0.841732
0 0.251526 0.320821 0.250106 0.280321 0.690697
0 0.831777 0.474561 0.336446 0.464084 0.61026
0 0.524334 0.588627 0.307862 0.349917 0.765024
0 0.82619 0.480774 0.347621 0.47296 0.691174
0 0.253102 0.321655 0.269384 0.300601 0.653146
0 0.832318 0.480236 0.335364 0.449871 0.794094
0 0.510247 0.600672 0.287124 0.338191 0.775431
0 0.250688 0.326323 0.263954 0.300992 0.740858
0 0.392786 0.380258 0.265283 0.322841 0.625815
0 0.253169 0.328023 0.251009 0.288322 0.718113
0 0.824484 0.485396 0.351031 0.461947 0.703119
0 0.513534 0.588951 0.296634 0.34876 0.682622
0 0.516602 0.60204 0.275729 0.315134 0.693775
0 0.258887 0.322451 0.248118 0.279262 0.633173
0 0.831222 0.476344 0.337557 0.472068 0.603619
0 0.25738 0.321129 0.249922 0.286059 0.746683
0 0.830541 0.47465 0.338918 0.464302 0.699317
0 0.515698 0.591445 0.301777 0.347503 0.694316
0 0.512533 0.59343 0.28488 0.330221 0.796628
0 0.821997 0.468445 0.356005 0.461074 0.783028
0 0.258617 0.314288 0.262667 0.296682 0.743956
0 0.514921 0.601858 0.295792 0.337181 0.7326
0 0.254755 0.32268 0.261831 0.303295 0.729924
0 0.833633 0.474153 0.332734 0.429572 0.693319
0 0.506115 0.602989 0.277363 0.319388 0.808359
0 0.247957 0.32399 0.24532 0.286591 0.798857
0 0.820153 0.47836 0.359695 0.472004 0.76066
0 0.251673 0.324657 0.259341 0.289636 0.721439
0 0.512462 0.595587 0.294319 0.333675 0.690033
0 0.518446 0.599198 0.292174 0.339042 0.74329
0 0.252584 0.330286 0.249006 0.29562 0.703627
0 0.834555 0.470571 0.330889 0.452259 0.682949
0 0.259784 0.320141 0.256094 0.289466 0.658113
0 0.83087 0.478662 0.338261 0.471177 0.640895
0 0.514328 0.593727 0.294098 0.342668 0.622491
0 0.511094 0.5919 0.274283 0.320829 0.795294
0 0.830351 0.46275 0.339298 0.444235 0.642657
0 0.251652 0.319026 0.252804 0.292348 0.602321
0 0.515918 0.591289 0.273157 0.329131 0.789768
0 0.258471 0.31948 0.25478 0.285372 0.771271
0 0.8379 0.475385 0.324199 0.431481 0.763817
0 0.517167 0.592639 0.270453 0.310664 0.797328
0 0.253245 0.317412 0.254549 0.289748 0.715481
0 0.828138 0.477624 0.343724 0.455224 0.635879
0 0.398005 0.36641 0.25593 0.293255 0.609404
0 0.519564 0.587765 0.292396 0.342643 0.707545
0 0.260884 0.322347 0.252919 0.290056 0.704998
0 0.829058 0.474844 0.341884 0.444813 0.638096
0 0.259153 0.315336 0.25472 0.300325 0.796494
0 0.509074 0.584285 0.273076 0.336163 0.760885
0 0.394009 0.367675 0.269808 0.3236 0.700031
0 0.819538 0.469469 0.360925 0.47247 0.687009
0 0.518123 0.598184 0.275471 0.322462 0.812694
0 0.257167 0.32197 0.248907 0.28776 0.80551
0 0.831034 0.488133 0.337932 0.451414 0.77672
0 0.519689 0.596665 0.275528 0.318807 0.789886
0 0.256548 0.321007 0.247037 0.285423 0.733621
0 0.835473 0.470864 0.329054 0.452115 0.626523
0 0.829893 0.477066 0.340215 0.464028 0.791771
0 0.519368 0.597587 0.285591 0.342325 0.782765
0 0.39903 0.370807 0.257844 0.301774 0.77121
0 0.258394 0.321706 0.25151 0.286345 0.755911
0 0.832204 0.480887 0.335592 0.440576 0.830532
0 0.515126 0.591841 0.268351 0.307461 0.76272
0 0.255472 0.318031 0.248427 0.276791 0.740243
0 0.394586 0.357747 0.249218 0.270061 0.735183
0 0.51358 0.598682 0.257299 0.302086 0.798055
0 0.253411 0.321801 0.246886 0.283173 0.768814
0 0.389799 0.371664 0.263811 0.312864 0.728243
0 0.831379 0.487611 0.337241 0.441751 0.685445
0 0.25551 0.32601 0.241258 0.27981 0.797124
0 0.51242 0.592646 0.274742 0.323868 0.768297
0 0.831395 0.482126 0.337211 0.444382 0.765101
0 0.261079 0.324773 0.262868 0.298207 0.739971
0 0.824498 0.473432 0.351003 0.454578 0.706365
0 0.520271 0.599057 0.28243 0.325979 0.705556
0 0.395007 0.371766 0.270196 0.313131 0.673514
0 0.82745 0.480669 0.345099 0.447228 0.796436
0 0.26005 0.324426 0.253151 0.281484 0.783898
0 0.517789 0.597539 0.277456 0.320973 0.769292
0 0.518883 0.595256 0.277289 0.321419 0.76571
0 0.255035 0.322989 0.243503 0.287927 0.75626
0 0.831555 0.471267 0.336891 0.439454 0.609299
0 0.513217 0.594102 0.275182 0.313557 0.813707
0 0.25443 0.323019 0.246123 0.287014 0.794964
0 0.39458 0.37406 0.267062 0.315642 0.757088
0 0.824444 0.474903 0.351112 0.45643 0.717119
0 0.250451 0.322883 0.255828 0.295552 0.815357
0 0.516993 0.595478 0.278754 0.327648 0.799692
0 0.823129 0.474369 0.353742 0.445017 0.734792
0 0.521462 0.592825 0.287361 0.323827 0.803586
0 0.824769 0.478059 0.350462 0.458728 0.79492
0 0.257036 0.321398 0.249654 0.280672 0.786195
0 0.396813 0.368254 0.256141 0.289556 0.673007
0 0.829216 0.478361 0.341568 0.429428 0.80887
0 0.519371 0.599115 0.268385 0.308593 0.755604
0 0.260176 0.326065 0.242322 0.282734 0.749016
0 0.399774 0.375109 0.2487 0.291409 0.622435
0 0.518362 0.594643 0.270087 0.309085 0.789955
0 0.828445 0.473672 0.343109 0.446711 0.755386
0 0.254303 0.320409 0.250197 0.289395 0.651159
0 0.82797 0.47925 0.34406 0.453718 0.793368
0 0.516509 0.593685 0.283562 0.321432 0.789965
0 0.265167 0.321613 0.262838 0.304311 0.743369
0 0.399417 0.369676 0.267674 0.306429 0.675101
0 0.828855 0.482434 0.34229 0.444767 0.828295
0 0.519765 0.596107 0.268145 0.309251 0.777102
0 0.259502 0.323519 0.241738 0.283077 0.768712
0 0.392554 0.368404 0.234997 0.284855 0.6867
0 0.256512 0.326802 0.242039 0.279851 0.813629
0 0.518278 0.59906 0.267761 0.313766 0.788762
0 0.821315 0.475047 0.357369 0.449561 0.752891
0 0.395583 0.375314 0.259018 0.304173 0.72544
0 0.830143 0.472649 0.339713 0.443132 0.777695
0 0.399713 0.368266 0.24592 0.286959 0.774244
0 0.25726 0.322256 0.242839 0.284204 0.758899
0 0.517626 0.595772 0.265654 0.314768 0.741524
0 0.258543 0.320399 0.252592 0.291849 0.798809
0 0.817191 0.468925 0.364738 0.43949 0.792794
0 0.517789 0.587879 0.277642 0.333497 0.773545
0 0.403086 0.367469 0.260561 0.302833 0.743001
0 0.51416 0.597342 0.264136 0.301007 0.814734
0 0.259075 0.326457 0.247488 0.286149 0.789608
0 0.825356 0.476034 0.349287 0.427258 0.76682
0 0.395463 0.374329 0.254448 0.295738 0.676846
0 0.828162 0.481056 0.343677 0.427948 0.785043
0 0.517686 0.602683 0.269982 0.311702 0.782075
0 0.26122 0.325108 0.250297 0.290507 0.781397
0 0.399093 0.371343 0.24916 0.292057 0.734545
0 0.818931 0.467195 0.351615 0.437129 0.750293
0 0.51473 0.587878 0.287062 0.335786 0.736323
0 0.259629 0.325218 0.251114 0.291488 0.712348
0 0.397889 0.365124 0.256114 0.297245 0.644365
0 0.52261 0.599809 0.279687 0.329032 0.774051
0 0.822648 0.485645 0.349317 0.454139 0.773358
0 0.26101 0.325794 0.251507 0.28991 0.765124
0 0.398919 0.371946 0.261278 0.303857 0.667202
0 0.824796 0.478485 0.350408 0.446491 0.797114
0 0.264499 0.326492 0.253501 0.286008 0.774438
0 0.396386 0.372402 0.261437 0.303958 0.771715
0 0.517809 0.595417 0.278953 0.334566 0.764668
0 0.400699 0.372626 0.253366 0.292948 0.78063
0 0.260988 0.325121 0.247236 0.286273 0.773973
0 0.811648 0.466188 0.319153 0.445211 0.771841
0 0.512682 0.600535 0.271538 0.322303 0.729875
0 0.827117 0.480138 0.345766 0.449004 0.803756
0 0.520079 0.598556 0.278795 0.327387 0.782908
0 0.262656 0.322179 0.249113 0.286136 0.740473
0 0.401757 0.368682 0.254661 0.295662 0.629242
0 0.811157 0.485384 0.314064 0.44716 0.791076
0 0.518097 0.602413 0.271781 0.318432 0.730779
0 0.25954 0.324447 0.245604 0.290544 0.72795
0 0.397817 0.375575 0.246698 0.295287 0.727884
0 0.827329 0.486252 0.338709 0.452074 0.798337
0 0.523007 0.59814 0.272922 0.325338 0.777927
0 0.261707 0.322338 0.251504 0.290625 0.772188
0 0.402066 0.371624 0.252755 0.296853 0.682839
0 0.263917 0.32556 0.250817 0.291947 0.784294
0 0.813291 0.487598 0.31594 0.452233 0.778983
0 0.517731 0.59852 0.270205 0.315475 0.765268
0 0.400708 0.372592 0.253501 0.300756 0.665167
0 0.261326 0.32354 0.25164 0.287756 0.801035
0 0.821352 0.490926 0.357297 0.474289 0.780104
0 0.517593 0.595211 0.281035 0.333514 0.773328
0 0.394059 0.366233 0.24369 0.28414 0.75399
0 0.513748 0.605071 0.261247 0.312294 0.782669
0 0.262944 0.325877 0.252277 0.290499 0.778935
0 0.832328 0.494237 0.335344 0.47468 0.73551
0 0.400902 0.376441 0.260677 0.307132 0.660628
0 0.262848 0.325029 0.249324 0.290154 0.758892
0 0.828667 0.494326 0.342665 0.475982 0.741428
0 0.517725 0.598483 0.274279 0.320018 0.726934
0 0.402026 0.37173 0.257759 0.307806 0.697274
0 0.824815 0.483375 0.35037 0.452475 0.783813
0 0.518075 0.59446 0.273632 0.310382 0.764177
0 0.399917 0.367838 0.251644 0.289127 0.756295
0 0.26114 0.321749 0.256805 0.29171 0.729362
0 0.264268 0.325557 0.252829 0.292822 0.814709
0 0.517637 0.594628 0.275491 0.317668 0.811558
0 0.399462 0.370516 0.249551 0.291869 0.807801
0 0.828961 0.487509 0.342078 0.464125 0.793895
0 0.261394 0.323306 0.249364 0.290591 0.812753
0 0.398269 0.367004 0.24254 0.284304 0.78974
0 0.516511 0.596429 0.270604 0.318951 0.78163
0 0.82165 0.48459 0.316759 0.461849 0.715536
0 0.26026 0.322691 0.25603 0.293836 0.805643
0 0.517992 0.590221 0.28233 0.334657 0.796423
0 0.825107 0.48558 0.349786 0.475413 0.785597
0 0.396558 0.365297 0.259257 0.298653 0.741783
0 0.261482 0.322586 0.246195 0.28459 0.80693
0 0.515713 0.594341 0.261823 0.311655 0.802987
0 0.818002 0.492014 0.322009 0.480828 0.737069
0 0.393665 0.368775 0.254958 0.296852 0.720072
0 0.261402 0.326819 0.248947 0.283463 0.821692
0 0.821239 0.475769 0.349733 0.458803 0.805457
0 0.500987 0.598736 0.23931 0.312024 0.798014
0 0.396498 0.37078 0.248382 0.28692 0.758871
0 0.826025 0.494792 0.347949 0.463504 0.8184
0 0.259743 0.32552 0.243754 0.279751 0.783105
0 0.395804 0.371449 0.251456 0.292332 0.78264
0 0.516344 0.599323 0.271285 0.316615 0.775909
0 0.823965 0.486596 0.352069 0.457632 0.804408
0 0.25693 0.326786 0.244282 0.283303 0.793168
0 0.509822 0.597018 0.271468 0.321184 0.790373
0 0.391491 0.369826 0.240425 0.284277 0.763291
0 0.517666 0.595278 0.272622 0.323552 0.808359
0 0.824115 0.481466 0.351769 0.472905 0.788064
0 0.261545 0.323503 0.248584 0.287881 0.775955
0 0.399764 0.36977 0.253245 0.297294 0.770744
0 0.400781 0.369867 0.252967 0.293529 0.797627
0 0.518663 0.594206 0.272245 0.317591 0.779969
0 0.262829 0.323859 0.250046 0.286764 0.777768
0 0.822914 0.483721 0.354173 0.470523 0.769182
0 0.517919 0.594847 0.27656 0.327035 0.800877
0 0.400269 0.369201 0.256584 0.295763 0.789454
0 0.262434 0.323447 0.254141 0.290124 0.775551
0 0.82386 0.486864 0.343229 0.48131 0.76034
0 0.398878 0.364534 0.245353 0.283445 0.805204
0 0.259738 0.323987 0.245485 0.282755 0.796048
0 0.522606 0.597489 0.268657 0.317886 0.795295
0 0.819186 0.491405 0.331069 0.470037 0.786161
0 0.402265 0.371107 0.25026 0.287775 0.8207
0 0.51888 0.595752 0.268441 0.309094 0.796571
0 0.262834 0.32464 0.250862 0.28538 0.780421
0 0.824634 0.490118 0.335114 0.469883 0.767746
0 0.516153 0.596377 0.276253 0.324904 0.840848
0 0.398235 0.37133 0.253469 0.295745 0.81753
0 0.260833 0.325002 0.251684 0.288532 0.80067
0 0.821518 0.487878 0.351489 0.473852 0.796791
0 0.401962 0.369904 0.244762 0.283567 0.82175
0 0.823123 0.488627 0.353755 0.451613 0.814596
0 0.519823 0.600335 0.264183 0.315171 0.793878
0 0.261821 0.326187 0.246954 0.284737 0.77638
0 0.401024 0.372408 0.250989 0.289059 0.831332
0 0.518258 0.595739 0.277688 0.322385 0.816285
0 0.262258 0.325757 0.250853 0.286618 0.795397
0 0.824611 0.482953 0.350778 0.455835 0.794102
0 0.399343 0.373412 0.242987 0.280989 0.820679
0 0.518581 0.597162 0.267127 0.30703 0.816433
0 0.825194 0.484105 0.349612 0.451468 0.806725
0 0.260827 0.326971 0.245194 0.282213 0.791907
0 0.401314 0.372026 0.245115 0.283251 0.82778
0 0.518546 0.59408 0.278071 0.330136 0.808878
0 0.264122 0.324955 0.246321 0.283921 0.793796
0 0.823103 0.485002 0.353794 0.460006 0.792184
0 0.263201 0.326243 0.246916 0.285664 0.81777
0 0.521082 0.601415 0.270425 0.321479 0.809232
0 0.822814 0.483278 0.354372 0.456858 0.808791
0 0.400803 0.376515 0.249694 0.291102 0.807739
0 0.522092 0.59558 0.275037 0.32635 0.817628
0 0.264678 0.324611 0.249493 0.287497 0.791444
0 0.822853 0.483375 0.354295 0.464732 0.781678
0 0.399733 0.371143 0.250917 0.291273 0.77037
0 0.263601 0.326318 0.246727 0.282466 0.810674
0 0.820043 0.473948 0.359913 0.451499 0.801798
0 0.522024 0.600296 0.271426 0.319934 0.788171
0 0.397153 0.373756 0.244399 0.283624 0.773615
0 0.517733 0.595289 0.276849 0.327655 0.80644
0 0.264356 0.324979 0.248341 0.285778 0.800146
0 0.398603 0.371912 0.24708 0.28837 0.778965
0 0.824323 0.477944 0.351355 0.452673 0.775825
0 0.263257 0.325235 0.246994 0.283995 0.81475
0 0.517391 0.594161 0.270714 0.311647 0.807806
0 0.824571 0.478525 0.350858 0.449741 0.804111
0 0.397778 0.371059 0.244415 0.284128 0.789932
0 0.264027 0.325733 0.247473 0.284937 0.80564
0 0.824939 0.478602 0.350122 0.455497 0.801821
0 0.518264 0.594111 0.27072 0.312856 0.799483
0 0.398305 0.371582 0.245116 0.2848 0.765493
0 0.263941 0.325469 0.247486 0.285276 0.8078
0 0.518082 0.594032 0.270967 0.313391 0.804279
0 0.821982 0.484393 0.356037 0.461858 0.796446
0 0.398603 0.371098 0.244345 0.284236 0.783331
0 0.263248 0.325237 0.246965 0.283957 0.81434
0 0.517396 0.594164 0.270717 0.311612 0.807618
0 0.824575 0.478508 0.35085 0.449707 0.804234
0 0.397766 0.371023 0.244389 0.284093 0.789441
