0 0.325743 0.157745 0.224968 0.250613 0.80919
0 0.322152 0.176905 0.228422 0.252352 0.625549
0 0.332486 0.158307 0.214056 0.238769 0.656564
0 0.336792 0.160466 0.242398 0.268292 0.713072
0 0.325382 0.16576 0.24152 0.271902 0.735629
0 0.325666 0.164975 0.232861 0.262372 0.716129
0 0.325016 0.166812 0.230619 0.252324 0.809525
0 0.321873 0.164577 0.2401 0.262838 0.756551
0 0.316936 0.166817 0.248837 0.279123 0.743964
0 0.328986 0.16278 0.249095 0.271392 0.77347
0 0.329144 0.166756 0.228804 0.240385 0.805813
0 0.32632 0.172482 0.244717 0.273693 0.780053
0 0.323633 0.165374 0.238807 0.253444 0.750668
0 0.327049 0.164405 0.225555 0.246109 0.791874
0 0.321309 0.189077 0.262447 0.286752 0.723009
0 0.322195 0.175414 0.247892 0.254983 0.792343
0 0.324178 0.160742 0.223277 0.252156 0.830576
0 0.329529 0.168563 0.234376 0.248415 0.756711
0 0.324154 0.163022 0.241496 0.265532 0.773812
0 0.324936 0.174238 0.25188 0.26978 0.816798
0 0.321528 0.170035 0.24668 0.267619 0.755564
0 0.320259 0.170529 0.238642 0.257744 0.819752
0 0.322284 0.164668 0.239677 0.266051 0.792381
0 0.323989 0.168467 0.247876 0.274046 0.739583
0 0.325249 0.163564 0.233809 0.26259 0.720552
0 0.33021 0.168279 0.236744 0.262708 0.803419
0 0.332143 0.16988 0.229639 0.263782 0.808564
0 0.329703 0.164926 0.240568 0.264736 0.77267
0 0.332355 0.168095 0.241671 0.265141 0.765482
0 0.324133 0.169969 0.244709 0.272346 0.829052
0 0.320377 0.163281 0.239122 0.275183 0.819334
0 0.326504 0.169113 0.235366 0.260499 0.828346
0 0.330836 0.171986 0.243494 0.266281 0.822178
0 0.325049 0.164443 0.237744 0.265617 0.797907
0 0.328702 0.163972 0.231102 0.254159 0.839589
0 0.321756 0.169733 0.236349 0.256295 0.848025
0 0.327091 0.176501 0.244932 0.264158 0.808771
0 0.322994 0.170686 0.241585 0.263006 0.846261
0 0.330211 0.164113 0.235741 0.260761 0.787804
0 0.326635 0.166438 0.241085 0.270377 0.852366
0 0.327736 0.165327 0.23718 0.259297 0.867452
0 0.329058 0.162788 0.240329 0.268446 0.858193
0 0.330455 0.1723 0.236143 0.260539 0.797746
0 0.327488 0.167901 0.246001 0.270721 0.788485
0 0.329169 0.164987 0.238745 0.259388 0.822776
0 0.333202 0.168511 0.233739 0.253978 0.801803
0 0.333751 0.16278 0.22847 0.260947 0.850283
0 0.331769 0.165986 0.229296 0.258309 0.794422
0 0.333178 0.166054 0.233689 0.261005 0.827707
0 0.323516 0.173403 0.237332 0.258633 0.816391
0 0.327662 0.17301 0.238969 0.258526 0.831121
0 0.333505 0.170684 0.237512 0.257209 0.785077
0 0.327856 0.169335 0.242335 0.267839 0.839994
0 0.327171 0.165386 0.238006 0.262694 0.815512
0 0.330045 0.168551 0.227455 0.255843 0.831542
0 0.333616 0.167976 0.224326 0.252072 0.829465
0 0.328305 0.177354 0.240494 0.260163 0.80924
0 0.329769 0.169309 0.231556 0.258345 0.833702
0 0.331537 0.171256 0.2375 0.260103 0.809937
0 0.331648 0.166316 0.23593 0.265452 0.852283
0 0.329179 0.17015 0.24071 0.273105 0.836561
0 0.326795 0.169292 0.238325 0.269032 0.82639
0 0.329771 0.170548 0.242832 0.269899 0.827334
0 0.329037 0.170098 0.241452 0.266343 0.863441
0 0.333723 0.165454 0.237194 0.269795 0.845188
0 0.331529 0.167015 0.234377 0.262747 0.821599
0 0.332235 0.167626 0.233188 0.263287 0.830549
0 0.33124 0.171071 0.238721 0.270566 0.852499
0 0.328048 0.173458 0.241586 0.264178 0.805784
0 0.327254 0.169202 0.238778 0.269254 0.818072
0 0.329389 0.168885 0.236586 0.263092 0.81135
0 0.330455 0.169974 0.239985 0.2683 0.829147
0 0.330611 0.167564 0.232652 0.260628 0.818171
0 0.330525 0.166184 0.230996 0.259099 0.845581
0 0.330379 0.170707 0.235251 0.263851 0.830725
0 0.32942 0.170629 0.244024 0.272116 0.85061
0 0.331312 0.171606 0.239691 0.267936 0.825083
0 0.331363 0.167984 0.241923 0.271985 0.859131
0 0.332673 0.169469 0.23938 0.270107 0.842395
0 0.333464 0.167788 0.234711 0.264853 0.842937
0 0.33184 0.168774 0.239455 0.270939 0.843638
0 0.329551 0.166685 0.238404 0.270698 0.817338
0 0.332485 0.169881 0.237711 0.267799 0.839322
0 0.328959 0.169838 0.243923 0.272883 0.833332
0 0.329571 0.170232 0.246143 0.27438 0.842435
0 0.327577 0.167916 0.23757 0.268924 0.837336
0 0.331011 0.169744 0.245181 0.274988 0.83937
0 0.329566 0.170229 0.246126 0.274353 0.842171
