0 0.563177 0.899235 0.207234 0.201531 0.670399
0 0.500162 0.538946 0.513991 0.597019 0.696805
0 0.480209 0.537246 0.539516 0.629026 0.63798
0 0.498128 0.53658 0.605867 0.61291 0.637956
0 0.505049 0.539416 0.621577 0.635428 0.687103
0 0.490814 0.544178 0.526534 0.618787 0.612929
0 0.50579 0.534994 0.586434 0.633631 0.680975
0 0.504727 0.522332 0.564851 0.635182 0.688289
0 0.497448 0.535782 0.610292 0.681825 0.675172
0 0.491587 0.525431 0.576169 0.655103 0.841664
0 0.477059 0.537029 0.613417 0.686249 0.742945
0 0.505867 0.518179 0.577842 0.666498 0.645865
0 0.492652 0.517492 0.534762 0.64282 0.69941
0 0.493125 0.517613 0.598745 0.649871 0.766928
0 0.509568 0.52405 0.582024 0.671636 0.795308
0 0.502137 0.521121 0.54682 0.641758 0.70935
0 0.489741 0.52443 0.600334 0.639649 0.672599
0 0.481782 0.539595 0.563235 0.629504 0.75484
0 0.48861 0.53004 0.577747 0.679578 0.713327
0 0.491819 0.521893 0.594353 0.677051 0.830459
0 0.509662 0.517202 0.561047 0.653313 0.717789
0 0.496517 0.526726 0.621897 0.679028 0.747026
0 0.494006 0.517974 0.539136 0.638008 0.721302
0 0.494653 0.526945 0.562589 0.660256 0.76092
0 0.497844 0.538247 0.568037 0.625416 0.727378
0 0.494812 0.521774 0.56394 0.662449 0.777328
0 0.482117 0.510694 0.594312 0.699957 0.716545
0 0.51372 0.520685 0.561095 0.658357 0.848652
0 0.497319 0.502433 0.594845 0.691611 0.653287
0 0.489079 0.502629 0.594954 0.703848 0.793054
0 0.513728 0.522468 0.559727 0.65041 0.773427
0 0.470863 0.51144 0.591397 0.698765 0.736254
0 0.506637 0.513399 0.583361 0.697592 0.722934
0 0.480147 0.513594 0.597643 0.730666 0.71848
0 0.484145 0.516887 0.576261 0.694099 0.721224
0 0.489582 0.518035 0.57048 0.686564 0.739677
0 0.488003 0.485634 0.688148 0.813587 0.609936
0 0.488389 0.513757 0.599555 0.721194 0.728526
0 0.487748 0.506535 0.575806 0.705099 0.783796
0 0.524722 0.51499 0.792307 0.803381 0.636908
0 0.482732 0.515121 0.596321 0.714016 0.850283
0 0.49439 0.502426 0.577527 0.710172 0.811426
0 0.494864 0.515342 0.596074 0.7135 0.817461
0 0.488667 0.512712 0.5933 0.712365 0.821771
0 0.481125 0.504055 0.59303 0.697219 0.8079
0 0.512724 0.513851 0.762726 0.784601 0.675214
0 0.5038 0.514135 0.580726 0.712278 0.818869
0 0.494195 0.505772 0.613331 0.722788 0.756497
0 0.491759 0.506708 0.605052 0.71416 0.736085
0 0.496525 0.50348 0.607492 0.71949 0.823393
0 0.490581 0.510933 0.564861 0.7034 0.797477
0 0.530367 0.496886 0.706656 0.806169 0.730718
0 0.476297 0.510989 0.624386 0.733851 0.785892
0 0.499974 0.510336 0.585743 0.711493 0.80789
0 0.476706 0.498793 0.600247 0.728962 0.755904
0 0.511546 0.508407 0.611437 0.725238 0.748828
0 0.496994 0.520689 0.570747 0.709915 0.773486
0 0.487612 0.507936 0.586836 0.737097 0.756495
0 0.487173 0.505344 0.573726 0.713324 0.767987
0 0.497122 0.510841 0.589173 0.733319 0.781941
0 0.462934 0.513045 0.597468 0.724797 0.782432
0 0.496578 0.519711 0.597022 0.716788 0.785062
0 0.499318 0.507522 0.606765 0.74446 0.727043
0 0.505173 0.505683 0.57345 0.711887 0.75391
0 0.499639 0.514442 0.589354 0.713998 0.785295
0 0.489451 0.507731 0.602119 0.725729 0.78505
0 0.488434 0.511768 0.60449 0.733377 0.784271
0 0.491749 0.51945 0.598613 0.712483 0.787739
0 0.495275 0.516007 0.598426 0.713234 0.785171
0 0.491217 0.503804 0.597569 0.729279 0.793948
0 0.494978 0.505572 0.600352 0.725942 0.758029
0 0.488994 0.50366 0.6063 0.738449 0.765851
0 0.492393 0.504326 0.606793 0.742423 0.782544
0 0.480718 0.512842 0.600829 0.725784 0.79718
0 0.49493 0.504483 0.596285 0.732362 0.790611
0 0.491592 0.514246 0.594277 0.723695 0.795379
0 0.491236 0.513764 0.607473 0.725674 0.778687
0 0.480893 0.510912 0.621085 0.724116 0.770988
0 0.492221 0.513626 0.616302 0.732018 0.808505
0 0.491218 0.516821 0.618056 0.727272 0.817908
0 0.484879 0.51937 0.620418 0.730737 0.814933
0 0.487458 0.514135 0.635385 0.736461 0.798716
0 0.481862 0.51281 0.623891 0.734473 0.822738
0 0.48443 0.513957 0.617834 0.73468 0.820908
0 0.480976 0.511498 0.613718 0.729793 0.835544
0 0.485605 0.515195 0.619376 0.733461 0.834765
0 0.486742 0.513802 0.613089 0.730225 0.833418
0 0.480939 0.511506 0.613649 0.729758 0.835766
