0 0.386892 0.509044 0.211556 0.249081 0.894464
0 0.505875 0.513654 0.162602 0.188148 0.785154
0 0.498788 0.508009 0.179415 0.213815 0.735565
0 0.387291 0.503889 0.215649 0.258339 0.684538
0 0.499969 0.514383 0.197767 0.242424 0.842996
0 0.381493 0.505271 0.221527 0.26574 0.79514
0 0.503851 0.507137 0.20297 0.23767 0.668813
0 0.380769 0.499486 0.235284 0.264617 0.668755
0 0.378416 0.497184 0.212183 0.251618 0.773927
0 0.498488 0.513497 0.194435 0.234904 0.734382
0 0.370648 0.499559 0.230093 0.273934 0.831198
0 0.499428 0.517272 0.202897 0.24272 0.819099
0 0.372992 0.497158 0.219245 0.257452 0.849091
0 0.496494 0.51382 0.202958 0.233529 0.826737
0 0.383461 0.494574 0.238298 0.274348 0.730471
0 0.497599 0.511913 0.211603 0.242736 0.702045
0 0.370179 0.490968 0.251447 0.285224 0.665581
0 0.386881 0.492384 0.237308 0.277942 0.737966
0 0.505296 0.513986 0.206457 0.244867 0.671142
0 0.504749 0.512722 0.205665 0.24626 0.750507
0 0.372419 0.491392 0.221061 0.252305 0.716591
0 0.498647 0.516711 0.199064 0.231227 0.809497
0 0.375204 0.499111 0.229883 0.267662 0.758709
0 0.375153 0.491815 0.219384 0.264092 0.739508
0 0.502656 0.516095 0.198251 0.23069 0.729774
0 0.504892 0.520913 0.204694 0.230802 0.79904
0 0.376299 0.486025 0.243602 0.282437 0.75569
0 0.497684 0.520259 0.203874 0.239724 0.755014
0 0.373245 0.496747 0.225653 0.269449 0.752905
0 0.378457 0.488276 0.21937 0.25548 0.734419
0 0.500731 0.517067 0.202611 0.236189 0.728996
0 0.499184 0.514466 0.207439 0.246869 0.725477
0 0.370374 0.488653 0.240435 0.272656 0.696831
0 0.501004 0.520736 0.194582 0.221947 0.805809
0 0.375781 0.490113 0.218745 0.250939 0.73955
0 0.500885 0.518571 0.201661 0.236488 0.753844
0 0.363887 0.492335 0.241227 0.287548 0.70508
0 0.496012 0.514499 0.210308 0.242383 0.828269
0 0.3667 0.490963 0.240335 0.264949 0.741467
0 0.503348 0.518658 0.191717 0.225579 0.849556
0 0.368218 0.493303 0.235835 0.272988 0.811411
0 0.500406 0.517218 0.207988 0.238847 0.769505
0 0.36315 0.491298 0.269424 0.306473 0.709465
0 0.498019 0.519092 0.207913 0.234371 0.837273
0 0.366764 0.488576 0.251722 0.282604 0.761774
0 0.497309 0.515656 0.198297 0.234333 0.754961
0 0.367921 0.496259 0.240681 0.282769 0.717086
0 0.502151 0.521046 0.202614 0.236424 0.770358
0 0.374303 0.485802 0.24027 0.275057 0.675689
0 0.50052 0.516676 0.208157 0.242801 0.762861
0 0.367438 0.489605 0.250429 0.284511 0.741008
0 0.500624 0.519607 0.206546 0.240266 0.81723
0 0.366916 0.485156 0.256122 0.290942 0.807816
0 0.50206 0.516371 0.209315 0.245728 0.827806
0 0.372623 0.493665 0.255139 0.289698 0.789607
0 0.497875 0.517942 0.203419 0.239867 0.824217
0 0.367288 0.492563 0.245573 0.286114 0.809981
0 0.493991 0.516284 0.195923 0.225713 0.746312
0 0.499488 0.518421 0.2099 0.245139 0.735394
0 0.376974 0.495195 0.237711 0.276497 0.722149
0 0.497046 0.516667 0.205562 0.241944 0.745115
0 0.364641 0.483749 0.266761 0.296447 0.666221
0 0.495142 0.519185 0.203405 0.233696 0.832014
0 0.367014 0.487435 0.249034 0.284615 0.78621
0 0.374467 0.489716 0.236672 0.271996 0.806068
0 0.502277 0.516326 0.200783 0.234968 0.801589
0 0.497811 0.517644 0.207569 0.238535 0.786315
0 0.367491 0.490996 0.246212 0.284465 0.757845
0 0.499559 0.518309 0.20395 0.239946 0.762332
0 0.367208 0.492692 0.247243 0.286942 0.725393
0 0.498006 0.518823 0.200042 0.230207 0.887464
0 0.369679 0.488037 0.244378 0.287223 0.809554
0 0.498534 0.520732 0.207875 0.243051 0.82283
0 0.365654 0.49108 0.244136 0.284491 0.804618
0 0.495576 0.521632 0.204078 0.236969 0.846812
0 0.372878 0.494714 0.238016 0.278508 0.792407
0 0.498381 0.522576 0.195299 0.229489 0.812425
0 0.371988 0.490941 0.240163 0.277071 0.80152
0 0.497298 0.516158 0.201726 0.236763 0.810957
0 0.365498 0.489052 0.238528 0.268717 0.767767
0 0.367807 0.492107 0.242124 0.278407 0.814028
0 0.498781 0.518612 0.201008 0.234423 0.808825
0 0.500106 0.521362 0.19909 0.234747 0.842496
0 0.369519 0.49368 0.242727 0.281902 0.828077
0 0.503564 0.522663 0.203699 0.234444 0.824238
0 0.372943 0.492874 0.247542 0.284879 0.797193
0 0.367411 0.491549 0.242281 0.27147 0.805615
0 0.497872 0.519442 0.204557 0.235923 0.802364
0 0.367467 0.487818 0.242663 0.283397 0.802134
0 0.498825 0.518137 0.204514 0.236367 0.774321
0 0.497403 0.522139 0.202317 0.237587 0.840044
0 0.371451 0.488418 0.245569 0.286662 0.799637
0 0.495748 0.519675 0.205881 0.237845 0.863403
0 0.368151 0.491374 0.251959 0.2844 0.819496
0 0.499955 0.520178 0.198601 0.232665 0.830605
0 0.367595 0.487821 0.250306 0.282913 0.809122
0 0.49717 0.523423 0.203195 0.243165 0.837803
0 0.370949 0.495084 0.235734 0.27927 0.783744
0 0.498456 0.522851 0.209025 0.243482 0.831513
0 0.371585 0.48976 0.244713 0.27879 0.765342
0 0.368157 0.486029 0.25452 0.290836 0.806831
0 0.500143 0.52161 0.199609 0.236116 0.794855
0 0.496682 0.521294 0.201504 0.234959 0.833001
0 0.370158 0.490391 0.235529 0.274387 0.802391
0 0.496366 0.519793 0.199136 0.232879 0.805787
0 0.368009 0.491701 0.243046 0.276762 0.786855
0 0.369943 0.486171 0.245908 0.282838 0.806344
0 0.499953 0.517914 0.200987 0.235237 0.79912
0 0.494432 0.519664 0.204129 0.23755 0.815476
0 0.365528 0.483833 0.256752 0.292 0.801166
0 0.495985 0.523848 0.205637 0.241423 0.858341
0 0.367502 0.493021 0.23838 0.277523 0.822293
0 0.49803 0.522575 0.20498 0.238111 0.84798
0 0.369913 0.490755 0.241469 0.278192 0.837534
0 0.496871 0.520716 0.203498 0.238034 0.81231
0 0.363201 0.484949 0.249522 0.285097 0.747519
0 0.496239 0.523286 0.205999 0.240525 0.864043
0 0.361331 0.487116 0.248418 0.286618 0.831534
0 0.496697 0.523316 0.200583 0.235409 0.858365
0 0.368113 0.490282 0.237108 0.274347 0.83487
0 0.496078 0.524167 0.203779 0.23703 0.857982
0 0.373608 0.492506 0.239086 0.276215 0.822595
0 0.499261 0.523549 0.198796 0.236333 0.849023
0 0.371412 0.490249 0.242427 0.273555 0.824624
0 0.372505 0.49186 0.237466 0.27853 0.801105
0 0.494975 0.524633 0.202544 0.235209 0.800775
0 0.495985 0.52228 0.202865 0.236847 0.840562
0 0.378321 0.489185 0.241643 0.27825 0.839752
0 0.494436 0.524952 0.205219 0.242217 0.820477
0 0.375057 0.489341 0.242693 0.281708 0.809493
0 0.499987 0.520005 0.205918 0.240852 0.86536
0 0.377497 0.489151 0.240487 0.282218 0.855252
0 0.382636 0.491523 0.246732 0.282707 0.838169
0 0.493406 0.525226 0.206335 0.242345 0.813809
0 0.382228 0.490478 0.245087 0.282174 0.806455
0 0.491436 0.524721 0.209315 0.244481 0.804665
0 0.48949 0.52316 0.205679 0.242336 0.81769
0 0.379943 0.489969 0.245641 0.27805 0.798637
0 0.496649 0.521209 0.205168 0.24017 0.883869
0 0.380584 0.487365 0.253699 0.287337 0.850705
0 0.493844 0.522718 0.204196 0.242188 0.845945
0 0.377104 0.488884 0.247878 0.285291 0.822924
0 0.494085 0.51986 0.205855 0.239215 0.852065
0 0.367452 0.482746 0.259947 0.296784 0.81952
0 0.497852 0.518987 0.205705 0.241033 0.844008
0 0.374313 0.486535 0.24567 0.282352 0.822123
0 0.496813 0.519988 0.20611 0.240622 0.851375
0 0.370998 0.491123 0.242553 0.278775 0.820259
0 0.493916 0.522334 0.204466 0.234976 0.812329
0 0.369225 0.490206 0.240311 0.272059 0.799682
0 0.493995 0.522147 0.209465 0.243286 0.838204
0 0.370476 0.490314 0.242589 0.282934 0.823731
0 0.369228 0.485834 0.250994 0.289157 0.837648
0 0.492359 0.52218 0.207096 0.237893 0.826402
0 0.371189 0.487377 0.249168 0.286606 0.816788
0 0.493687 0.523086 0.208458 0.242117 0.803997
0 0.364377 0.485884 0.26095 0.295101 0.817489
0 0.49112 0.521238 0.208223 0.239002 0.806272
0 0.494864 0.522189 0.203951 0.23469 0.852788
0 0.367568 0.48732 0.243468 0.27986 0.841605
0 0.492622 0.522858 0.203759 0.237831 0.852725
0 0.370549 0.4879 0.247337 0.280233 0.823095
0 0.491869 0.523432 0.208014 0.240876 0.834974
0 0.368083 0.486758 0.252662 0.289113 0.827039
0 0.371319 0.488397 0.247773 0.283712 0.82486
0 0.493109 0.525086 0.2073 0.241293 0.823451
0 0.493312 0.522709 0.207808 0.240564 0.852422
0 0.369067 0.489131 0.250999 0.285909 0.850054
0 0.370979 0.490675 0.245954 0.281652 0.84431
0 0.492086 0.523754 0.206759 0.23873 0.843409
0 0.372579 0.488887 0.244986 0.280683 0.840523
0 0.493883 0.523191 0.205878 0.239142 0.839037
0 0.373346 0.489578 0.247147 0.282631 0.856678
0 0.492138 0.522198 0.20706 0.239113 0.846954
0 0.372608 0.486924 0.251976 0.287111 0.832952
0 0.493273 0.521972 0.206481 0.237321 0.820451
0 0.492706 0.52338 0.205433 0.236267 0.848494
0 0.369263 0.489642 0.247229 0.281609 0.836937
0 0.492133 0.523347 0.208283 0.23984 0.837165
0 0.371493 0.487804 0.25073 0.284768 0.83503
0 0.492134 0.523328 0.207432 0.238544 0.848497
0 0.370132 0.488127 0.248103 0.282162 0.842891
0 0.370635 0.488043 0.249406 0.28419 0.837888
0 0.491801 0.523394 0.207214 0.238611 0.831952
0 0.371797 0.488453 0.248093 0.283092 0.84306
0 0.492832 0.523676 0.207594 0.239624 0.839755
0 0.492141 0.523321 0.207426 0.238529 0.848286
0 0.370124 0.488131 0.248066 0.28215 0.842563
