0 0.484922 0.367093 0.192226 0.219461 0.995115
0 0.485081 0.365929 0.207564 0.248698 0.863281
0 0.492591 0.359825 0.194364 0.240037 0.9059
0 0.477317 0.36939 0.201476 0.243023 0.811071
0 0.497497 0.364403 0.186995 0.246072 0.835862
0 0.493633 0.376598 0.181084 0.235694 0.892641
0 0.491631 0.362163 0.204691 0.24101 0.839906
0 0.488571 0.368426 0.204903 0.245969 0.898879
0 0.49157 0.369492 0.211443 0.253629 0.842398
0 0.488511 0.368314 0.202825 0.240728 0.811581
0 0.486336 0.369152 0.204725 0.237475 0.891419
0 0.487244 0.37022 0.192584 0.232543 0.800656
0 0.48477 0.366809 0.220066 0.247891 0.836505
0 0.489486 0.371174 0.199281 0.232961 0.825639
0 0.488864 0.366776 0.20801 0.238412 0.853645
0 0.488411 0.370466 0.200458 0.232808 0.905824
0 0.490334 0.368811 0.196333 0.235678 0.796847
0 0.490305 0.370954 0.209105 0.23763 0.917487
0 0.488389 0.36788 0.200293 0.239478 0.812269
0 0.488398 0.36518 0.200667 0.24012 0.789576
0 0.490417 0.364905 0.208114 0.244833 0.847891
0 0.48817 0.367062 0.202823 0.238435 0.886196
0 0.490754 0.371566 0.207047 0.243752 0.88992
0 0.483831 0.367325 0.207216 0.239889 0.835478
0 0.487608 0.367703 0.200078 0.239228 0.911448
0 0.487209 0.366445 0.215855 0.250159 0.881108
0 0.489676 0.369283 0.208255 0.23733 0.924303
0 0.485802 0.36801 0.201589 0.240781 0.836133
0 0.489042 0.36852 0.206959 0.240802 0.79844
0 0.489235 0.36467 0.2098 0.245551 0.790066
0 0.487445 0.365589 0.208011 0.245825 0.909691
0 0.488639 0.366243 0.212825 0.250494 0.827507
0 0.48692 0.370409 0.203807 0.241133 0.863919
0 0.485068 0.367085 0.215437 0.247557 0.855542
0 0.488995 0.367573 0.208619 0.241786 0.81199
0 0.487044 0.363251 0.210199 0.241204 0.762107
0 0.486595 0.367119 0.206592 0.243053 0.856621
0 0.489563 0.364086 0.203945 0.240433 0.893803
0 0.486782 0.364605 0.208424 0.241941 0.812344
0 0.488535 0.368803 0.205538 0.244839 0.805445
0 0.4872 0.365241 0.208627 0.246068 0.893397
0 0.487275 0.367861 0.205619 0.246305 0.863693
0 0.489623 0.368457 0.211447 0.24665 0.883393
0 0.488715 0.369265 0.199276 0.239338 0.879063
0 0.48879 0.367639 0.2053 0.238361 0.844728
0 0.487603 0.36808 0.204929 0.240814 0.871348
0 0.488329 0.369771 0.208532 0.242889 0.874828
0 0.488475 0.369681 0.204508 0.235349 0.874117
0 0.486833 0.369754 0.203796 0.241783 0.86094
0 0.488048 0.367319 0.207464 0.244392 0.823709
0 0.486719 0.369136 0.203116 0.245526 0.861636
0 0.488379 0.370908 0.208093 0.241848 0.899961
0 0.486973 0.367919 0.207916 0.244903 0.878124
0 0.487752 0.370793 0.205602 0.242509 0.861908
0 0.490128 0.368397 0.210477 0.2426 0.869422
0 0.490986 0.366521 0.21227 0.249643 0.861096
0 0.489192 0.370675 0.203952 0.241044 0.852331
0 0.489492 0.370213 0.208545 0.243051 0.891624
0 0.489672 0.366875 0.210985 0.246801 0.841956
0 0.486585 0.364862 0.213522 0.250568 0.843383
0 0.486569 0.369138 0.21065 0.247538 0.849667
0 0.488309 0.368242 0.209336 0.246145 0.867419
0 0.487745 0.366673 0.213117 0.248893 0.829249
0 0.487867 0.368091 0.20828 0.246429 0.892224
0 0.486414 0.36697 0.209146 0.244063 0.879462
0 0.488893 0.369276 0.210541 0.24572 0.888288
0 0.48961 0.36736 0.210415 0.246289 0.900392
0 0.488207 0.369886 0.20764 0.246448 0.860961
0 0.490863 0.370559 0.21055 0.243869 0.899477
0 0.489132 0.369717 0.212083 0.246292 0.880853
0 0.488572 0.365023 0.215259 0.250446 0.912862
0 0.486691 0.366996 0.212205 0.248063 0.888489
0 0.48653 0.367785 0.209874 0.246483 0.873797
0 0.486041 0.367064 0.210296 0.246289 0.871982
0 0.489756 0.367175 0.212112 0.246808 0.914849
0 0.489966 0.369145 0.209628 0.246346 0.909853
0 0.487316 0.36612 0.214367 0.248967 0.892397
0 0.489876 0.366109 0.207823 0.243161 0.882963
0 0.486651 0.36725 0.21248 0.24752 0.890624
0 0.485273 0.367634 0.207032 0.242762 0.872727
0 0.487462 0.368388 0.211066 0.247345 0.878911
0 0.489548 0.368747 0.210174 0.248886 0.876456
0 0.488017 0.368402 0.211559 0.246454 0.860295
0 0.489564 0.369376 0.21121 0.245553 0.862487
0 0.488881 0.368609 0.209002 0.243642 0.892359
0 0.488196 0.368182 0.206575 0.24435 0.883279
0 0.489378 0.36855 0.212088 0.247127 0.894488
0 0.488347 0.368942 0.207407 0.246148 0.871485
0 0.487982 0.368875 0.208917 0.247982 0.886709
0 0.488346 0.369522 0.206976 0.244971 0.890712
0 0.48699 0.36912 0.206532 0.245013 0.899519
0 0.487535 0.368842 0.206777 0.244764 0.900988
0 0.488445 0.368316 0.207844 0.245421 0.882845
0 0.486927 0.367681 0.209531 0.245138 0.897897
0 0.48777 0.368455 0.207567 0.245506 0.895769
0 0.488322 0.368777 0.208111 0.245219 0.903715
0 0.488329 0.369198 0.207559 0.244768 0.895609
0 0.488184 0.368664 0.207964 0.245626 0.899467
0 0.488312 0.368773 0.208104 0.245212 0.903612
