0 0.784402 0.719018 0.21317 0.253563 0.650878
0 0.820979 0.265696 0.337594 0.403039 0.768462
0 0.572096 0.303679 0.30784 0.349695 0.803378
0 0.788224 0.258033 0.332699 0.392155 0.661746
0 0.589064 0.317979 0.282486 0.323769 0.688245
0 0.807798 0.271415 0.341558 0.435202 0.609943
0 0.608318 0.296591 0.322058 0.343005 0.783081
0 0.796837 0.256562 0.339305 0.407316 0.726129
0 0.594832 0.301109 0.293434 0.357282 0.935164
0 0.803103 0.253955 0.321313 0.389742 0.761888
0 0.795832 0.259249 0.288895 0.360042 0.682343
0 0.592539 0.301854 0.278566 0.340004 0.678355
0 0.793477 0.262775 0.30596 0.371879 0.786417
0 0.587361 0.315226 0.262474 0.316991 0.781181
0 0.588977 0.306417 0.279332 0.334269 0.743019
0 0.789993 0.258353 0.301364 0.352154 0.712363
0 0.603254 0.30001 0.303744 0.346737 0.779909
0 0.81063 0.259234 0.31268 0.359924 0.758028
0 0.80557 0.255551 0.30192 0.369034 0.654105
0 0.588153 0.297422 0.298674 0.344904 0.737167
0 0.801306 0.25455 0.315513 0.362355 0.673968
0 0.600635 0.297498 0.305799 0.349797 0.724466
0 0.806204 0.259105 0.308159 0.361363 0.703504
0 0.589522 0.309644 0.287065 0.337102 0.838577
0 0.805407 0.268238 0.332405 0.367552 0.652143
0 0.802405 0.261293 0.291767 0.337928 0.837842
0 0.5939 0.310851 0.282138 0.328212 0.832112
0 0.604677 0.305659 0.307634 0.345694 0.751854
0 0.800912 0.260115 0.300779 0.359367 0.723587
0 0.591088 0.307848 0.279507 0.336112 0.809671
0 0.802721 0.257452 0.315693 0.375259 0.737889
0 0.585577 0.303368 0.31446 0.344272 0.800404
0 0.792053 0.254075 0.327532 0.372351 0.713431
0 0.591794 0.305112 0.294388 0.344791 0.746559
0 0.795591 0.270204 0.288282 0.337641 0.616217
0 0.592361 0.310606 0.279401 0.330921 0.79296
0 0.800029 0.267666 0.280373 0.326851 0.713212
0 0.589499 0.31314 0.299734 0.353549 0.798533
0 0.803453 0.259548 0.354619 0.401249 0.764886
0 0.790201 0.257808 0.321077 0.374374 0.805022
0 0.591638 0.300467 0.31011 0.355064 0.791523
0 0.59116 0.306725 0.291084 0.341516 0.889599
0 0.800582 0.263587 0.299636 0.35658 0.813783
0 0.609081 0.305296 0.328218 0.355065 0.895469
0 0.803393 0.267567 0.325975 0.365526 0.823276
0 0.595881 0.302129 0.296145 0.341503 0.847301
0 0.795287 0.276722 0.29004 0.354236 0.766589
0 0.59695 0.308922 0.290956 0.33541 0.799461
0 0.806629 0.267597 0.311152 0.360042 0.752667
0 0.59192 0.305399 0.284988 0.329932 0.793772
0 0.806168 0.261548 0.297568 0.341443 0.66366
0 0.594992 0.304938 0.297298 0.343443 0.815178
0 0.804704 0.271791 0.294733 0.346458 0.723123
0 0.589567 0.307628 0.288096 0.33943 0.869233
0 0.798215 0.262568 0.309148 0.363204 0.813976
0 0.597669 0.307189 0.287367 0.337503 0.822091
0 0.812919 0.264839 0.306896 0.351102 0.745004
0 0.589934 0.31265 0.282909 0.335335 0.888111
0 0.795483 0.270661 0.287104 0.352275 0.771884
0 0.590746 0.311693 0.294366 0.340959 0.77859
0 0.79015 0.268789 0.307792 0.355282 0.621462
0 0.59878 0.310813 0.29114 0.343301 0.819475
0 0.801916 0.266232 0.306538 0.362118 0.745743
0 0.599163 0.304275 0.299812 0.348982 0.806567
0 0.803464 0.256498 0.316833 0.361464 0.713246
0 0.585008 0.311719 0.273959 0.31806 0.878558
0 0.799285 0.270063 0.283392 0.330399 0.757926
0 0.59795 0.308516 0.287768 0.340417 0.851268
0 0.81425 0.263523 0.293335 0.344948 0.807666
0 0.591781 0.311491 0.29043 0.341213 0.890565
0 0.805788 0.265639 0.300397 0.346883 0.777859
0 0.597741 0.310961 0.295446 0.349847 0.767022
0 0.805714 0.263943 0.299498 0.356495 0.732741
0 0.584004 0.306412 0.293898 0.352292 0.886886
0 0.789676 0.262271 0.296466 0.35723 0.76796
0 0.810454 0.263704 0.300994 0.354659 0.842393
0 0.594946 0.31061 0.286557 0.336231 0.838187
0 0.595919 0.307277 0.299847 0.344931 0.833334
0 0.804289 0.273008 0.293201 0.341297 0.76254
0 0.593686 0.311377 0.291623 0.341718 0.819682
0 0.797401 0.267745 0.298777 0.346388 0.802404
0 0.595976 0.306793 0.292122 0.339223 0.804021
0 0.79727 0.257522 0.290753 0.347959 0.759545
0 0.592205 0.306884 0.279719 0.32737 0.854808
0 0.802661 0.266654 0.286214 0.332539 0.827613
0 0.584898 0.305362 0.292666 0.342098 0.809423
0 0.796776 0.263473 0.292169 0.349741 0.770456
0 0.588781 0.315568 0.289441 0.340078 0.854555
0 0.804042 0.270417 0.279701 0.332495 0.743525
0 0.592512 0.309763 0.282881 0.330485 0.856581
0 0.811731 0.267772 0.3059 0.353418 0.795883
0 0.595486 0.306352 0.280652 0.327272 0.795808
0 0.804456 0.264435 0.296696 0.35041 0.735711
0 0.593172 0.310107 0.28316 0.331765 0.847432
0 0.80649 0.268518 0.305369 0.356131 0.757956
0 0.591384 0.307176 0.302721 0.350295 0.841275
0 0.804689 0.262867 0.314163 0.359021 0.7758
0 0.59739 0.308546 0.289506 0.333071 0.832757
0 0.80717 0.265263 0.305555 0.350283 0.783072
0 0.597763 0.312853 0.281681 0.332275 0.778546
0 0.808786 0.270522 0.297831 0.347618 0.753277
0 0.589015 0.306493 0.285494 0.335096 0.810639
0 0.804321 0.268119 0.295633 0.348545 0.753728
0 0.809489 0.266306 0.295399 0.345622 0.81343
0 0.598931 0.303695 0.301523 0.342949 0.79918
0 0.592202 0.306462 0.277662 0.334362 0.827988
0 0.802219 0.269509 0.279853 0.34336 0.809551
0 0.588762 0.309923 0.28624 0.331946 0.810083
0 0.802088 0.268732 0.289236 0.338726 0.782338
0 0.813547 0.259004 0.294037 0.344132 0.783725
0 0.599891 0.304713 0.280805 0.331093 0.774104
0 0.809769 0.260635 0.298905 0.352195 0.838969
0 0.596994 0.305638 0.298416 0.344121 0.815034
0 0.80091 0.2682 0.283806 0.344401 0.841791
0 0.596983 0.311991 0.2973 0.345903 0.811949
0 0.590479 0.31248 0.283035 0.332716 0.865516
0 0.808637 0.268198 0.28679 0.337896 0.848093
0 0.584154 0.305288 0.287774 0.335915 0.841584
0 0.801069 0.264769 0.286751 0.339415 0.812559
0 0.593661 0.308904 0.291587 0.337027 0.839724
0 0.808512 0.266619 0.290666 0.341703 0.798079
0 0.59475 0.310814 0.286548 0.335148 0.84322
0 0.807729 0.266833 0.292102 0.349113 0.825414
0 0.59107 0.30749 0.284274 0.332835 0.833392
0 0.809692 0.270051 0.29376 0.341139 0.804179
0 0.609415 0.30652 0.307747 0.337899 0.835981
0 0.806914 0.271203 0.282629 0.334326 0.788021
0 0.590333 0.308738 0.28745 0.339906 0.797976
0 0.805347 0.267615 0.294506 0.35152 0.767789
0 0.595258 0.308427 0.284137 0.334833 0.849858
0 0.80794 0.267447 0.290519 0.34216 0.798351
0 0.809408 0.265263 0.297025 0.351896 0.816765
0 0.599973 0.306996 0.290827 0.340407 0.796207
0 0.598659 0.304427 0.28998 0.34016 0.825807
0 0.812594 0.262725 0.305849 0.356592 0.805474
0 0.591882 0.309923 0.286286 0.332101 0.841695
0 0.806521 0.271692 0.29616 0.345721 0.79714
0 0.5909 0.309767 0.284213 0.332355 0.824594
0 0.808587 0.267555 0.296307 0.347564 0.809764
0 0.593505 0.30791 0.281622 0.329272 0.815763
0 0.806435 0.269644 0.287384 0.338962 0.784789
0 0.594785 0.307241 0.284193 0.332772 0.876239
0 0.812581 0.266823 0.29823 0.348154 0.853004
0 0.591626 0.305219 0.282692 0.333024 0.858757
0 0.812858 0.265596 0.292198 0.345539 0.822762
0 0.592582 0.301905 0.289332 0.33608 0.817922
0 0.806441 0.262611 0.299487 0.34775 0.811604
0 0.812491 0.260773 0.301124 0.351727 0.850224
0 0.593301 0.303479 0.284697 0.332096 0.84369
0 0.591508 0.305506 0.279026 0.326573 0.862324
0 0.810717 0.26477 0.291906 0.347343 0.836241
0 0.588295 0.306329 0.280558 0.325088 0.852403
0 0.809926 0.266831 0.294881 0.342878 0.817326
0 0.590504 0.307282 0.281933 0.333068 0.837131
0 0.808282 0.265879 0.298734 0.354982 0.791808
0 0.592917 0.304602 0.282283 0.330878 0.856456
0 0.812485 0.26377 0.294739 0.344148 0.839455
0 0.596653 0.306846 0.283728 0.330681 0.842972
0 0.812766 0.263126 0.299605 0.352475 0.831073
0 0.593741 0.306178 0.28627 0.331476 0.858072
0 0.809166 0.265952 0.29655 0.349127 0.822532
0 0.592637 0.305719 0.279686 0.327755 0.870538
0 0.810576 0.265066 0.294896 0.349852 0.846513
0 0.594848 0.307365 0.278824 0.325552 0.858241
0 0.808907 0.265778 0.295893 0.346386 0.841982
0 0.590797 0.303911 0.282807 0.331723 0.877149
0 0.805569 0.265235 0.296381 0.349333 0.85123
0 0.595298 0.308267 0.280071 0.331747 0.844785
0 0.809884 0.268076 0.293197 0.349321 0.839216
0 0.593622 0.305742 0.280079 0.324017 0.889942
0 0.811406 0.265087 0.294725 0.341316 0.874991
0 0.588246 0.309259 0.273844 0.322531 0.886841
0 0.807954 0.269465 0.292617 0.343592 0.864128
0 0.809407 0.267557 0.29531 0.346279 0.867836
0 0.594277 0.307811 0.278428 0.326231 0.865376
0 0.588727 0.308663 0.275969 0.324554 0.880286
0 0.806481 0.26975 0.291629 0.341472 0.861574
0 0.809736 0.26671 0.297577 0.349117 0.863954
0 0.593635 0.305457 0.280796 0.328881 0.850808
0 0.808842 0.270472 0.293221 0.344116 0.87864
0 0.591402 0.309101 0.27583 0.323427 0.870456
0 0.809245 0.268523 0.297622 0.348516 0.873779
0 0.592377 0.307387 0.279288 0.327476 0.862088
0 0.809269 0.269006 0.295474 0.345476 0.877641
0 0.592066 0.307066 0.277699 0.326432 0.871804
0 0.810575 0.268624 0.294425 0.344798 0.879928
0 0.592912 0.30674 0.278072 0.326589 0.866351
0 0.810882 0.268459 0.294822 0.346016 0.883023
0 0.593073 0.306851 0.277761 0.326193 0.868337
0 0.809263 0.269007 0.295464 0.345459 0.877436
0 0.592043 0.307064 0.277703 0.326442 0.871636
