0 0.644559 0.399173 0.197323 0.245217 0.976932
0 0.31412 0.409724 0.199908 0.219644 0.962135
0 0.281239 0.423841 0.203439 0.241482 0.848021
0 0.290058 0.394898 0.159304 0.205781 0.672253
0 0.304097 0.337175 0.322957 0.424557 0.828485
0 0.643818 0.321737 0.320479 0.400463 0.642367
0 0.303029 0.335808 0.367488 0.40242 0.853751
0 0.643889 0.310316 0.364577 0.419934 0.8419
0 0.641396 0.309566 0.322079 0.413447 0.890829
0 0.299403 0.349294 0.33104 0.390954 0.84745
0 0.627184 0.2859 0.397528 0.506935 0.763013
0 0.638411 0.320445 0.27794 0.368395 0.800926
0 0.301907 0.351255 0.314105 0.37863 0.784871
0 0.297291 0.358215 0.32844 0.401582 0.72613
0 0.632896 0.311412 0.325024 0.413059 0.725023
0 0.291329 0.346063 0.317422 0.37601 0.809026
0 0.63145 0.307814 0.306059 0.393835 0.78101
0 0.653852 0.318214 0.32391 0.368348 0.764704
0 0.314406 0.348294 0.340003 0.380802 0.733094
0 0.652174 0.319187 0.30973 0.364028 0.744132
0 0.310836 0.345711 0.328509 0.389296 0.73359
0 0.652125 0.318373 0.314169 0.366159 0.824901
0 0.307953 0.350883 0.32283 0.377872 0.782589
0 0.310312 0.343941 0.337458 0.382888 0.844845
0 0.658927 0.311611 0.334985 0.393097 0.763257
0 0.299535 0.357416 0.331991 0.382448 0.83365
0 0.644315 0.329453 0.304661 0.373344 0.788874
0 0.308097 0.345335 0.313765 0.362517 0.91539
0 0.651056 0.319276 0.307585 0.353044 0.903113
0 0.307543 0.337744 0.340752 0.39188 0.827736
0 0.653766 0.313518 0.300613 0.369571 0.82763
0 0.651652 0.315465 0.314169 0.380447 0.860528
0 0.315755 0.343487 0.340922 0.403618 0.790708
0 0.650116 0.31558 0.321923 0.385999 0.878814
0 0.297588 0.336674 0.346016 0.404452 0.855072
0 0.644252 0.316192 0.295968 0.352569 0.860792
0 0.293445 0.347203 0.337699 0.384427 0.854397
0 0.292801 0.343799 0.322383 0.382387 0.850221
0 0.642654 0.323258 0.297314 0.343695 0.836002
0 0.302775 0.354055 0.358063 0.398752 0.806839
0 0.652283 0.321024 0.346702 0.397418 0.792689
0 0.292183 0.348286 0.332164 0.391325 0.850858
0 0.640419 0.315189 0.322503 0.386525 0.78503
0 0.651615 0.323446 0.312316 0.366649 0.886679
0 0.308958 0.351573 0.317897 0.371766 0.856594
0 0.308693 0.350223 0.350169 0.395244 0.935095
0 0.66348 0.309217 0.348985 0.405916 0.879594
0 0.654455 0.316771 0.306818 0.361828 0.870629
0 0.311794 0.351804 0.333801 0.384713 0.866879
0 0.656312 0.323415 0.299785 0.348468 0.846433
0 0.315449 0.358411 0.316799 0.366115 0.846032
0 0.305765 0.346806 0.318631 0.373349 0.911926
0 0.6483 0.312155 0.302545 0.37066 0.870868
0 0.662769 0.309174 0.327106 0.398056 0.802492
0 0.307281 0.334415 0.343725 0.418377 0.782439
0 0.30958 0.348098 0.317701 0.371188 0.865935
0 0.655258 0.31507 0.3147 0.360854 0.822847
0 0.660682 0.314026 0.317058 0.376853 0.836769
0 0.307024 0.34545 0.319497 0.383436 0.816021
0 0.306321 0.350659 0.336993 0.392065 0.923061
0 0.652766 0.32015 0.306144 0.369491 0.915552
0 0.648619 0.320537 0.308417 0.365084 0.826713
0 0.300225 0.352424 0.315584 0.373176 0.826264
0 0.308392 0.349873 0.320857 0.37664 0.855815
0 0.656629 0.309232 0.31419 0.397548 0.819863
0 0.296308 0.337623 0.340354 0.397573 0.87393
0 0.653249 0.306019 0.313459 0.377184 0.861069
0 0.300208 0.346323 0.320313 0.374762 0.842154
0 0.651102 0.312455 0.311582 0.371181 0.8227
0 0.308183 0.350252 0.308946 0.375486 0.843045
0 0.653874 0.320382 0.312329 0.383616 0.81275
0 0.302249 0.349423 0.31015 0.366045 0.845961
0 0.650117 0.310433 0.305568 0.375299 0.836726
0 0.304422 0.347787 0.336038 0.395664 0.862289
0 0.661345 0.312718 0.323396 0.383553 0.833844
0 0.296542 0.344855 0.330792 0.395502 0.893301
0 0.641783 0.309519 0.324571 0.393387 0.834458
0 0.303567 0.35155 0.312545 0.373927 0.918171
0 0.654438 0.317554 0.30628 0.359685 0.900492
0 0.313224 0.347383 0.332526 0.383266 0.845019
0 0.66275 0.316476 0.331271 0.385468 0.807653
0 0.30813 0.354003 0.331904 0.387786 0.912508
0 0.651992 0.321037 0.311395 0.376693 0.879074
0 0.310133 0.35421 0.331378 0.393039 0.894411
0 0.656522 0.316657 0.313735 0.366604 0.864621
0 0.649735 0.317488 0.299037 0.349223 0.837377
0 0.295433 0.350233 0.315967 0.375358 0.824282
0 0.305779 0.351236 0.331482 0.385779 0.8793
0 0.652799 0.32324 0.311865 0.367361 0.859609
0 0.310432 0.354929 0.32232 0.381123 0.893874
0 0.658349 0.324527 0.298854 0.353419 0.874
0 0.662651 0.320286 0.313322 0.364967 0.864558
0 0.316627 0.355982 0.319948 0.377712 0.860815
0 0.310716 0.352437 0.311651 0.375659 0.861528
0 0.65812 0.315625 0.315916 0.374918 0.844667
0 0.310623 0.354493 0.328463 0.38298 0.86387
0 0.654322 0.318282 0.326744 0.378029 0.863851
0 0.314387 0.359183 0.332767 0.387562 0.844716
0 0.655234 0.322374 0.316029 0.360746 0.83521
0 0.65278 0.317743 0.316516 0.365905 0.863082
0 0.311433 0.351459 0.325002 0.377206 0.861672
0 0.307001 0.354747 0.31983 0.384162 0.85886
0 0.651139 0.320542 0.305895 0.360034 0.850233
0 0.309762 0.353053 0.339458 0.390967 0.888199
0 0.654302 0.313623 0.32231 0.381147 0.853522
0 0.310173 0.354611 0.328742 0.387075 0.902757
0 0.652026 0.319322 0.317749 0.371171 0.862228
0 0.3107 0.35636 0.333517 0.390837 0.921401
0 0.652087 0.320192 0.313137 0.375018 0.877159
0 0.306471 0.354123 0.329575 0.383041 0.862238
0 0.649465 0.313976 0.317961 0.374988 0.818553
0 0.654863 0.320044 0.309706 0.358346 0.869665
0 0.311596 0.35234 0.325514 0.380192 0.868113
0 0.313878 0.350456 0.313773 0.375247 0.885055
0 0.648972 0.316281 0.306628 0.364371 0.852084
0 0.313242 0.354217 0.323285 0.381867 0.859713
0 0.655053 0.319311 0.31632 0.370203 0.843334
0 0.318005 0.357715 0.317898 0.380119 0.865401
0 0.659381 0.320791 0.317938 0.369558 0.864508
0 0.305831 0.349827 0.314435 0.372788 0.898066
0 0.652284 0.315863 0.319042 0.370619 0.870175
0 0.308342 0.350752 0.329485 0.387679 0.870945
0 0.655509 0.313304 0.326121 0.379184 0.864739
0 0.311301 0.353075 0.321876 0.382141 0.898468
0 0.655093 0.319007 0.31554 0.36959 0.889555
0 0.309046 0.351327 0.321178 0.37869 0.874047
0 0.650123 0.315673 0.317879 0.372678 0.863075
0 0.311169 0.352272 0.335204 0.389983 0.891288
0 0.656495 0.316927 0.327591 0.375171 0.885916
0 0.656283 0.321619 0.31867 0.369425 0.881989
0 0.306296 0.356672 0.326977 0.388849 0.86878
0 0.311795 0.357101 0.315005 0.378572 0.913443
0 0.65759 0.323989 0.312584 0.356327 0.902118
0 0.309291 0.352621 0.315602 0.375678 0.9055
0 0.652662 0.322174 0.311659 0.364858 0.874114
0 0.310311 0.351846 0.327219 0.384915 0.897907
0 0.650447 0.321331 0.316111 0.371413 0.892917
0 0.652483 0.318987 0.313213 0.369572 0.878282
0 0.309222 0.353061 0.31932 0.381041 0.873456
0 0.65169 0.321766 0.31681 0.36739 0.875894
0 0.311051 0.356942 0.318489 0.378358 0.873274
0 0.305603 0.353493 0.319452 0.378815 0.907756
0 0.65067 0.316783 0.312253 0.360636 0.891431
0 0.650609 0.322522 0.307338 0.354888 0.90342
0 0.308228 0.353956 0.320669 0.382104 0.895428
0 0.651224 0.320246 0.315509 0.369313 0.895996
0 0.308809 0.356719 0.324483 0.381971 0.895141
0 0.306097 0.352565 0.331696 0.388758 0.893612
0 0.65024 0.316595 0.320245 0.378897 0.885598
0 0.309012 0.350991 0.326828 0.387694 0.886214
0 0.652588 0.31428 0.32329 0.378029 0.855126
0 0.307604 0.356194 0.328502 0.384133 0.916178
0 0.653729 0.322013 0.314529 0.368107 0.913066
0 0.651051 0.32561 0.318205 0.366618 0.916845
0 0.310129 0.359087 0.31723 0.379348 0.91028
0 0.650147 0.322615 0.313354 0.376164 0.900605
0 0.308889 0.35536 0.328753 0.387721 0.898848
0 0.314607 0.35654 0.32097 0.383775 0.908066
0 0.652425 0.319107 0.319189 0.376545 0.890018
0 0.310618 0.356507 0.320635 0.383279 0.893528
0 0.652776 0.320142 0.316988 0.370174 0.88926
0 0.304073 0.3548 0.328025 0.387422 0.897244
0 0.645702 0.32114 0.317593 0.371752 0.872817
0 0.308384 0.354955 0.326788 0.386012 0.893611
0 0.650768 0.320595 0.317723 0.371178 0.879408
0 0.306585 0.354339 0.326413 0.38541 0.904377
0 0.650311 0.318851 0.317304 0.37135 0.877248
0 0.307829 0.356058 0.326021 0.384505 0.917063
0 0.649305 0.32008 0.321993 0.375253 0.906709
0 0.307746 0.356476 0.330316 0.389997 0.912284
0 0.648986 0.324393 0.320248 0.37752 0.896376
0 0.310033 0.354591 0.3284 0.385928 0.906507
0 0.64992 0.319273 0.325535 0.378702 0.884143
0 0.308338 0.355981 0.325968 0.386401 0.912214
0 0.648181 0.321961 0.320516 0.375652 0.89658
0 0.307801 0.356137 0.327187 0.388041 0.910766
0 0.648559 0.321153 0.323088 0.378624 0.898922
0 0.307709 0.357331 0.325909 0.385577 0.912835
0 0.64929 0.321024 0.319627 0.372308 0.896117
0 0.312047 0.355329 0.324268 0.385959 0.906209
0 0.651906 0.319478 0.324374 0.377949 0.885907
0 0.309252 0.355943 0.326405 0.384444 0.916506
0 0.65016 0.321255 0.321533 0.374641 0.901749
0 0.309893 0.35693 0.324178 0.383863 0.911445
0 0.64849 0.320546 0.32303 0.379132 0.895332
0 0.308075 0.357599 0.324096 0.382329 0.916529
0 0.647887 0.322255 0.320787 0.375041 0.904767
0 0.309955 0.358299 0.321971 0.382369 0.920903
0 0.649114 0.322964 0.320499 0.37273 0.907835
0 0.308731 0.358051 0.323239 0.383024 0.914721
0 0.647929 0.322165 0.318983 0.374044 0.897011
0 0.308068 0.357594 0.3241 0.382338 0.916696
0 0.647884 0.322259 0.320779 0.375035 0.90485
