0 0.571959 0.227028 0.201618 0.223602 0.835255
0 0.280647 0.278363 0.211963 0.243545 0.678358
0 0.544879 0.207938 0.183873 0.20747 0.623631
0 0.464537 0.281938 0.331047 0.368126 0.815376
0 0.467007 0.283813 0.360323 0.410675 0.688336
0 0.468944 0.289855 0.312037 0.383531 0.611762
0 0.446855 0.286561 0.330951 0.350923 0.805815
0 0.469619 0.291986 0.291002 0.336641 0.876087
0 0.463165 0.286326 0.325537 0.360526 0.746067
0 0.486981 0.29748 0.300263 0.343473 0.776422
0 0.462533 0.292259 0.30372 0.35383 0.773521
0 0.461064 0.295057 0.284149 0.334371 0.799517
0 0.464433 0.293595 0.305773 0.358739 0.768619
0 0.472105 0.286187 0.344469 0.387733 0.639425
0 0.468877 0.298559 0.332473 0.370743 0.753826
0 0.473665 0.284218 0.307696 0.36464 0.796643
0 0.471532 0.294992 0.301323 0.351732 0.740823
0 0.475659 0.29563 0.346349 0.388473 0.743118
0 0.472645 0.297803 0.319533 0.349075 0.783223
0 0.487351 0.293583 0.30094 0.354295 0.846006
0 0.479215 0.301677 0.350266 0.370478 0.801173
0 0.48132 0.296281 0.305049 0.362023 0.751188
0 0.47307 0.296876 0.31645 0.36007 0.747371
0 0.468751 0.288862 0.314535 0.366225 0.732157
0 0.474971 0.293843 0.310905 0.354005 0.793168
0 0.483853 0.302949 0.302041 0.348329 0.805138
0 0.465438 0.293535 0.314119 0.371611 0.72641
0 0.469567 0.296311 0.314946 0.360943 0.808958
0 0.475481 0.302897 0.30782 0.349715 0.759293
0 0.478524 0.304727 0.295735 0.34292 0.786988
0 0.482881 0.289017 0.31403 0.359656 0.778405
0 0.48095 0.304148 0.286027 0.329976 0.763857
0 0.486903 0.289701 0.323661 0.388129 0.834751
0 0.471182 0.299025 0.310584 0.356433 0.747215
0 0.483401 0.293931 0.323438 0.363205 0.825069
0 0.473771 0.294144 0.313874 0.365435 0.846564
0 0.484542 0.299942 0.304043 0.348563 0.805569
0 0.478372 0.303189 0.316627 0.358141 0.784713
0 0.482316 0.30147 0.311549 0.354153 0.844914
0 0.485633 0.296489 0.306922 0.351102 0.809433
0 0.475843 0.298437 0.291092 0.336399 0.875873
0 0.4696 0.297927 0.314377 0.360352 0.81568
0 0.478169 0.304297 0.316976 0.36263 0.797162
0 0.472057 0.295403 0.308723 0.351598 0.863617
0 0.47771 0.294751 0.311625 0.350102 0.801635
0 0.467382 0.295956 0.316137 0.357761 0.843308
0 0.480014 0.291412 0.336699 0.370305 0.804784
0 0.485041 0.297159 0.308041 0.351697 0.82265
0 0.484868 0.304216 0.301652 0.346094 0.767628
0 0.470261 0.293874 0.316699 0.363945 0.814054
0 0.478924 0.299385 0.306538 0.355367 0.871923
0 0.485053 0.301214 0.297784 0.350291 0.792808
0 0.479914 0.307074 0.296351 0.344117 0.813921
0 0.483882 0.293129 0.304899 0.348626 0.805848
0 0.478773 0.29354 0.30171 0.34852 0.811771
0 0.471002 0.304096 0.313335 0.363152 0.850067
0 0.479306 0.300109 0.304312 0.351433 0.827504
0 0.472796 0.292885 0.312147 0.34658 0.876291
0 0.479962 0.293234 0.310523 0.351464 0.841302
0 0.481849 0.296318 0.309713 0.35468 0.891594
0 0.478682 0.292299 0.304432 0.347135 0.849251
0 0.47826 0.293606 0.316148 0.355688 0.856927
0 0.479047 0.296522 0.32329 0.366878 0.817154
0 0.474453 0.291912 0.312911 0.353207 0.842014
0 0.469828 0.293772 0.311481 0.35684 0.858594
0 0.472596 0.287041 0.325626 0.372393 0.855702
0 0.469218 0.291536 0.320821 0.36486 0.819085
0 0.479802 0.289876 0.317406 0.363075 0.816059
0 0.474154 0.292904 0.304434 0.339684 0.837582
0 0.473339 0.29234 0.304637 0.348673 0.833565
0 0.476821 0.291988 0.312015 0.359536 0.834501
0 0.476324 0.289978 0.316716 0.357708 0.835803
0 0.477788 0.290371 0.313288 0.35214 0.800858
0 0.478932 0.294977 0.312849 0.350906 0.87693
0 0.472003 0.294958 0.316536 0.361048 0.835555
0 0.471888 0.295151 0.309166 0.354758 0.857836
0 0.475057 0.291707 0.306738 0.354385 0.848141
0 0.473436 0.291343 0.308616 0.353399 0.841259
0 0.472328 0.294673 0.306571 0.352222 0.827474
0 0.472686 0.292895 0.307814 0.351191 0.825375
0 0.473452 0.29729 0.312676 0.352949 0.83634
0 0.46811 0.295152 0.314618 0.350833 0.872392
0 0.472176 0.294875 0.312667 0.355757 0.859331
0 0.469483 0.296723 0.313407 0.351316 0.8503
0 0.470798 0.295991 0.313113 0.358974 0.840335
0 0.470837 0.295015 0.31174 0.358286 0.848107
0 0.47533 0.296028 0.305292 0.35444 0.84203
0 0.476238 0.296529 0.305021 0.352359 0.824557
0 0.476615 0.296279 0.307214 0.356638 0.84879
0 0.473756 0.2975 0.306899 0.354348 0.848228
0 0.474252 0.297503 0.305825 0.35261 0.853258
0 0.475321 0.297124 0.303207 0.350876 0.858122
0 0.47643 0.297221 0.301619 0.35088 0.847637
0 0.474265 0.297492 0.305796 0.352587 0.853447
