0 0.485886 0.210869 0.185968 0.205171 0.998076
0 0.462412 0.617459 0.211926 0.257314 0.890588
0 0.460815 0.225138 0.205012 0.233875 0.790987
0 0.452185 0.260967 0.249035 0.293764 0.731231
0 0.497766 0.215605 0.174353 0.195753 0.606664
0 0.496236 0.228911 0.18653 0.223932 0.713659
0 0.487101 0.219467 0.183049 0.222686 0.605364
0 0.484373 0.21988 0.179577 0.207382 0.717321
0 0.480615 0.222916 0.202993 0.237449 0.771299
0 0.486893 0.217994 0.170629 0.200176 0.753528
0 0.480921 0.223472 0.199118 0.228662 0.800333
0 0.49246 0.220503 0.181434 0.216213 0.729513
0 0.485701 0.224093 0.203708 0.243187 0.669958
0 0.494194 0.224662 0.191777 0.231573 0.786597
0 0.485656 0.222477 0.189653 0.223397 0.712296
0 0.488496 0.223042 0.176808 0.20799 0.81021
0 0.486067 0.222345 0.176926 0.213139 0.765155
0 0.483253 0.226351 0.204012 0.243215 0.720548
0 0.48639 0.219828 0.183327 0.216621 0.762353
0 0.488368 0.223934 0.179314 0.211751 0.843708
0 0.488555 0.22257 0.186179 0.220123 0.750358
0 0.4869 0.222556 0.199445 0.230844 0.855094
0 0.490738 0.222335 0.19313 0.229754 0.8657
0 0.485918 0.225308 0.204685 0.241291 0.820633
0 0.482912 0.223674 0.186446 0.216337 0.874617
0 0.48718 0.220624 0.180774 0.212119 0.773396
0 0.485955 0.226578 0.196424 0.229237 0.782658
0 0.485746 0.220096 0.188227 0.216539 0.74951
0 0.488953 0.220273 0.183842 0.215812 0.84277
0 0.482772 0.226051 0.194909 0.225529 0.83526
0 0.485078 0.220848 0.196295 0.227628 0.829557
0 0.480765 0.22244 0.198386 0.227535 0.822245
0 0.489622 0.22207 0.189374 0.222491 0.805358
0 0.490861 0.218216 0.185661 0.220717 0.747961
0 0.484822 0.223375 0.189649 0.219801 0.850434
0 0.488947 0.220076 0.185891 0.218357 0.830773
0 0.484645 0.221124 0.191746 0.218621 0.808227
0 0.488258 0.223513 0.193831 0.225715 0.825253
0 0.482341 0.220652 0.187061 0.218713 0.85971
0 0.487236 0.220253 0.189296 0.222989 0.827586
0 0.483323 0.222871 0.191358 0.218845 0.855752
0 0.484843 0.219944 0.177164 0.208713 0.840744
0 0.48101 0.22111 0.187391 0.213256 0.827543
0 0.483735 0.221328 0.188169 0.217111 0.867968
0 0.483666 0.226714 0.181627 0.21174 0.833835
0 0.486107 0.225508 0.18303 0.214404 0.838909
0 0.485087 0.225284 0.192577 0.224972 0.818852
0 0.486503 0.223778 0.194418 0.221902 0.799766
0 0.485322 0.22212 0.188034 0.218593 0.856608
0 0.488097 0.221901 0.186252 0.216953 0.871426
0 0.485784 0.221776 0.190836 0.220101 0.847334
0 0.485347 0.224177 0.188719 0.217774 0.853707
0 0.486173 0.222873 0.183344 0.214035 0.843131
0 0.488215 0.221603 0.186592 0.219424 0.797738
0 0.482761 0.225669 0.188419 0.219949 0.806133
0 0.486977 0.223888 0.187973 0.221291 0.851351
0 0.485194 0.222834 0.192444 0.224236 0.807528
0 0.484991 0.220364 0.194479 0.224933 0.846263
0 0.487557 0.226342 0.190688 0.224595 0.840412
0 0.486796 0.225267 0.188863 0.218866 0.857935
0 0.48717 0.223812 0.186834 0.217762 0.81785
0 0.482847 0.225905 0.186716 0.21799 0.861046
0 0.483909 0.224598 0.190721 0.221207 0.85853
0 0.486583 0.226355 0.188922 0.221574 0.876389
0 0.483738 0.224512 0.182388 0.212871 0.869432
0 0.485553 0.226028 0.187135 0.218885 0.841006
0 0.484724 0.227247 0.193323 0.225361 0.877705
0 0.483011 0.224918 0.188236 0.218279 0.842448
0 0.484072 0.221037 0.188602 0.218376 0.891506
0 0.483222 0.224943 0.184954 0.215307 0.859302
0 0.483563 0.224221 0.188398 0.217679 0.860425
0 0.483409 0.222918 0.189865 0.218101 0.866367
0 0.483591 0.222679 0.186312 0.216021 0.896442
0 0.48356 0.223505 0.188069 0.218318 0.894473
0 0.482181 0.221805 0.188603 0.216543 0.875497
0 0.484277 0.223616 0.185919 0.216208 0.853569
0 0.483279 0.224463 0.19438 0.222683 0.875901
0 0.482635 0.224582 0.191424 0.218852 0.859798
0 0.482507 0.227093 0.191644 0.223636 0.86508
0 0.482949 0.227715 0.194551 0.225787 0.852726
0 0.483917 0.226845 0.191244 0.22043 0.862427
0 0.483277 0.22492 0.192318 0.221383 0.849774
0 0.482393 0.223585 0.186751 0.215236 0.874785
0 0.481116 0.226029 0.187008 0.217253 0.871681
0 0.481545 0.22542 0.192738 0.222328 0.877314
0 0.482709 0.226386 0.190022 0.220714 0.858511
0 0.483575 0.225882 0.193832 0.224424 0.890551
0 0.48067 0.226638 0.189828 0.219359 0.883635
0 0.482134 0.225315 0.19031 0.219737 0.883157
0 0.481685 0.224623 0.19265 0.221647 0.881316
0 0.484276 0.224069 0.189442 0.218518 0.861374
0 0.481384 0.22601 0.191638 0.220217 0.883982
0 0.481632 0.226145 0.191459 0.220753 0.867191
0 0.48147 0.226627 0.191965 0.221009 0.886495
0 0.48119 0.226933 0.191411 0.22062 0.877441
0 0.48176 0.226545 0.191942 0.221156 0.878305
0 0.481479 0.226611 0.191947 0.221002 0.886285
