0 0.456013 0.223646 0.244685 0.286523 0.750491
0 0.438257 0.237885 0.252231 0.292421 0.726497
0 0.446637 0.227785 0.25292 0.288281 0.76264
0 0.43603 0.237756 0.217083 0.254616 0.688918
0 0.438504 0.233086 0.225704 0.261304 0.798436
0 0.441435 0.233157 0.217156 0.245833 0.814964
0 0.454482 0.223967 0.233733 0.272403 0.803962
0 0.442512 0.231224 0.231029 0.257437 0.728065
0 0.443626 0.228185 0.225385 0.261588 0.731287
0 0.454676 0.229947 0.227055 0.261549 0.746012
0 0.443747 0.229205 0.231879 0.267706 0.831732
0 0.447074 0.228469 0.220969 0.258397 0.745634
0 0.445593 0.220558 0.240654 0.283124 0.865278
0 0.437568 0.228889 0.237 0.27161 0.752807
0 0.441426 0.22674 0.235543 0.270255 0.756401
0 0.442527 0.233938 0.217674 0.251188 0.738402
0 0.440938 0.23064 0.220042 0.250955 0.798738
0 0.445 0.232573 0.220715 0.266765 0.839645
0 0.441721 0.226435 0.226294 0.25422 0.811441
0 0.443572 0.23128 0.218736 0.259789 0.889616
0 0.4465 0.229281 0.235436 0.267598 0.837564
0 0.438989 0.232711 0.223587 0.254426 0.865379
0 0.440592 0.231165 0.214888 0.256753 0.768252
0 0.442278 0.235492 0.21466 0.25127 0.768387
0 0.441069 0.232673 0.221406 0.254971 0.812519
0 0.44407 0.23181 0.235434 0.271675 0.868452
0 0.441454 0.23416 0.230467 0.268484 0.829789
0 0.438514 0.232452 0.222507 0.260204 0.836348
0 0.443413 0.233782 0.228738 0.265198 0.831235
0 0.443993 0.233555 0.218938 0.252786 0.746704
0 0.447553 0.229985 0.216604 0.250023 0.768325
0 0.446638 0.229044 0.222287 0.253416 0.875823
0 0.448607 0.230496 0.223284 0.264221 0.850769
0 0.444326 0.23066 0.22261 0.253259 0.801615
0 0.447085 0.230621 0.227531 0.26455 0.819376
0 0.445524 0.226108 0.232825 0.273106 0.890362
0 0.443541 0.225862 0.226119 0.261538 0.829768
0 0.442799 0.228875 0.229626 0.265073 0.857644
0 0.443826 0.227569 0.221112 0.254686 0.867923
0 0.444409 0.224451 0.231253 0.26474 0.85305
0 0.444009 0.22742 0.227255 0.264932 0.878306
0 0.43885 0.231832 0.219344 0.253425 0.866264
0 0.442379 0.229567 0.222771 0.253968 0.851648
0 0.440489 0.227185 0.227173 0.257379 0.860427
0 0.442988 0.229662 0.226715 0.262981 0.809747
0 0.441249 0.228936 0.222564 0.265518 0.874354
0 0.443584 0.229168 0.22462 0.258218 0.875154
0 0.441412 0.226641 0.219773 0.250852 0.874243
0 0.441052 0.231186 0.214797 0.248736 0.842394
0 0.441422 0.226597 0.223748 0.257829 0.838601
0 0.442551 0.228127 0.226769 0.26542 0.852717
0 0.444799 0.229032 0.221353 0.253617 0.828352
0 0.442147 0.231415 0.219863 0.254658 0.884066
0 0.443763 0.225803 0.226599 0.259832 0.833532
0 0.443764 0.225921 0.228112 0.260408 0.853602
0 0.43931 0.229786 0.223366 0.263223 0.868724
0 0.441335 0.230299 0.223849 0.259917 0.871173
0 0.442117 0.227967 0.222226 0.257602 0.799709
0 0.439911 0.228029 0.229887 0.266015 0.851525
0 0.438289 0.227827 0.227452 0.263846 0.851861
0 0.443667 0.229431 0.220959 0.2539 0.849689
0 0.442312 0.228913 0.222906 0.257265 0.875155
0 0.43826 0.230181 0.220291 0.25792 0.843498
0 0.442359 0.227599 0.220445 0.253878 0.860172
0 0.439244 0.230034 0.221013 0.258646 0.849158
0 0.439616 0.22847 0.226254 0.263302 0.878587
0 0.441547 0.229284 0.223029 0.26048 0.886507
0 0.439685 0.23067 0.221138 0.2593 0.850059
0 0.442542 0.227803 0.222143 0.255004 0.848121
0 0.439828 0.227234 0.220753 0.255653 0.886684
0 0.444036 0.227429 0.220575 0.257532 0.889803
0 0.441604 0.227017 0.223965 0.257759 0.868878
0 0.444462 0.225801 0.225183 0.259585 0.881936
0 0.442111 0.226259 0.225279 0.258562 0.887017
0 0.438855 0.22667 0.223494 0.256464 0.842172
0 0.438598 0.228778 0.221362 0.258107 0.856856
0 0.440487 0.227462 0.221152 0.256912 0.841675
0 0.439586 0.229496 0.222634 0.25803 0.844981
0 0.440789 0.230424 0.220995 0.254746 0.841156
0 0.438195 0.228407 0.219078 0.253856 0.873573
0 0.440452 0.230059 0.223415 0.257201 0.862535
0 0.4409 0.226947 0.227132 0.260771 0.874485
0 0.440355 0.228384 0.222908 0.257116 0.865143
0 0.43962 0.228901 0.222473 0.258066 0.88663
0 0.441955 0.22937 0.221002 0.255512 0.889811
0 0.440785 0.228248 0.219637 0.253997 0.885045
0 0.441045 0.227905 0.221605 0.255229 0.88644
0 0.441591 0.227951 0.220021 0.255295 0.863881
0 0.44272 0.228497 0.22112 0.253119 0.89414
0 0.440443 0.227778 0.220735 0.253785 0.877313
0 0.440874 0.227522 0.221654 0.254589 0.890577
0 0.440184 0.22787 0.220327 0.253821 0.878881
0 0.441243 0.22766 0.22215 0.255683 0.885824
0 0.440871 0.227516 0.221649 0.254568 0.890364
