0 0.46721 0.468424 0.419167 0.511967 0.641514
0 0.450975 0.503776 0.535195 0.593487 0.668161
0 0.43909 0.473684 0.448032 0.59643 0.695192
0 0.445995 0.482958 0.384808 0.509589 0.825447
0 0.43136 0.504878 0.473903 0.59243 0.813822
0 0.454513 0.509913 0.479363 0.598978 0.635378
0 0.453811 0.470372 0.378206 0.466235 0.64975
0 0.440827 0.523986 0.559534 0.703705 0.673044
0 0.455154 0.456864 0.365154 0.430947 0.652794
0 0.460939 0.475524 0.409803 0.529683 0.678269
0 0.470748 0.492015 0.465301 0.547852 0.712511
0 0.47999 0.499072 0.461261 0.585488 0.758467
0 0.456292 0.470068 0.398103 0.500027 0.695507
0 0.459065 0.439313 0.380732 0.425035 0.733052
0 0.456376 0.448586 0.352678 0.419202 0.641735
0 0.453922 0.508503 0.456121 0.588805 0.735861
0 0.460188 0.445951 0.376417 0.43171 0.67923
0 0.470036 0.499135 0.470475 0.567828 0.745021
0 0.465635 0.500359 0.450494 0.567834 0.713899
0 0.468203 0.520455 0.462315 0.589305 0.616025
0 0.462869 0.481638 0.473292 0.541287 0.67891
0 0.458786 0.477014 0.45462 0.53583 0.738508
0 0.463584 0.478817 0.404444 0.493348 0.789005
0 0.465367 0.488481 0.429109 0.542972 0.750211
0 0.454964 0.494187 0.460792 0.570265 0.792404
0 0.467136 0.459988 0.399182 0.46542 0.796994
0 0.460318 0.478784 0.377128 0.491925 0.654233
0 0.4714 0.497592 0.43486 0.551389 0.794634
0 0.460648 0.486142 0.397881 0.515466 0.755355
0 0.472425 0.487666 0.440098 0.549493 0.803681
0 0.478729 0.489925 0.437711 0.562141 0.603601
0 0.470035 0.48157 0.429873 0.526747 0.732091
0 0.455918 0.482828 0.475185 0.578993 0.757729
0 0.469301 0.485855 0.486471 0.56425 0.807173
0 0.464926 0.462436 0.377687 0.444367 0.774307
0 0.470213 0.467643 0.416285 0.515527 0.761132
0 0.473411 0.470719 0.417875 0.505134 0.802084
0 0.456219 0.485232 0.414745 0.531665 0.847331
0 0.454237 0.469944 0.442853 0.509819 0.703745
0 0.484502 0.443176 0.348708 0.408646 0.747679
0 0.461333 0.482584 0.446469 0.55678 0.792532
0 0.461313 0.487554 0.440951 0.55021 0.768354
0 0.467293 0.487392 0.418251 0.534024 0.784513
0 0.458345 0.474312 0.432445 0.520671 0.752507
0 0.455863 0.484149 0.440473 0.548795 0.813198
0 0.4649 0.476289 0.432839 0.519127 0.819161
0 0.468401 0.471928 0.424131 0.528134 0.784848
0 0.467482 0.463799 0.416986 0.500045 0.80307
0 0.461598 0.488514 0.420147 0.520707 0.78412
0 0.460203 0.49584 0.435651 0.559401 0.803241
0 0.464457 0.470324 0.397103 0.496807 0.798722
0 0.456029 0.496412 0.462173 0.558385 0.811854
0 0.458406 0.486266 0.419119 0.534324 0.774711
0 0.469872 0.483758 0.439062 0.535512 0.783044
0 0.457365 0.476674 0.423635 0.509557 0.795997
0 0.468676 0.475333 0.436994 0.527919 0.797926
0 0.464756 0.476413 0.446221 0.535856 0.815702
0 0.468604 0.468135 0.435784 0.525621 0.809075
0 0.471971 0.452931 0.415145 0.484343 0.782984
0 0.465884 0.469348 0.42482 0.514246 0.831635
0 0.468606 0.478341 0.421991 0.513901 0.830715
0 0.465797 0.463163 0.414335 0.501571 0.829199
0 0.471767 0.470716 0.434389 0.525946 0.818793
0 0.472227 0.460681 0.421911 0.499175 0.80251
0 0.465355 0.468448 0.400352 0.476692 0.820617
0 0.464871 0.473607 0.411277 0.502944 0.831285
0 0.471302 0.475868 0.426091 0.525999 0.812913
0 0.461233 0.475617 0.423336 0.505494 0.837847
0 0.46188 0.473543 0.409766 0.48161 0.826719
0 0.464276 0.470816 0.425592 0.503832 0.815443
0 0.45806 0.473522 0.416698 0.498147 0.832504
0 0.461298 0.486475 0.438151 0.53224 0.842543
0 0.457381 0.484058 0.429215 0.52306 0.845139
0 0.461518 0.474444 0.424215 0.501434 0.826133
0 0.456886 0.47444 0.424267 0.502011 0.841924
0 0.461369 0.468052 0.412728 0.482243 0.831342
0 0.458242 0.474795 0.417164 0.492291 0.844689
0 0.463165 0.476734 0.423324 0.504919 0.850259
0 0.459948 0.47173 0.412951 0.487459 0.84251
0 0.458232 0.474778 0.417123 0.492207 0.844805
