0 0.424884 0.273291 0.226405 0.258723 0.719261
0 0.420892 0.273927 0.199536 0.232182 0.72404
0 0.408763 0.274113 0.214979 0.241207 0.677929
0 0.410449 0.209965 0.373306 0.398609 0.638491
0 0.395798 0.206835 0.389429 0.409851 0.665506
0 0.418783 0.211213 0.417384 0.410508 0.772394
0 0.397971 0.211265 0.399778 0.422531 0.663652
0 0.412625 0.205112 0.365623 0.410223 0.658718
0 0.407347 0.206941 0.352041 0.403508 0.60615
0 0.41051 0.204856 0.37998 0.409712 0.71939
0 0.39607 0.20686 0.380485 0.41372 0.674813
0 0.413795 0.207949 0.370902 0.415897 0.60575
0 0.410027 0.215688 0.390444 0.41452 0.708057
0 0.417115 0.448779 0.82246 0.897557 0.631174
0 0.382526 0.220719 0.425214 0.429239 0.63596
0 0.425438 0.447693 0.850875 0.895386 0.663375
0 0.383271 0.224943 0.44633 0.449886 0.614576
0 0.377888 0.251302 0.436828 0.502603 0.614265
0 0.422465 0.477557 0.84493 0.955114 0.67073
0 0.434048 0.471971 0.868096 0.943942 0.678373
0 0.434053 0.477187 0.868105 0.954374 0.622666
0 0.407536 0.473798 0.815073 0.947596 0.615487
0 0.415864 0.456639 0.831727 0.913277 0.649598
0 0.404906 0.462835 0.809812 0.92567 0.72919
0 0.409911 0.459424 0.819821 0.918849 0.73312
0 0.433922 0.457268 0.867844 0.914536 0.691841
0 0.435032 0.464875 0.870063 0.92975 0.711384
0 0.442496 0.465422 0.884992 0.930843 0.670555
0 0.410258 0.454027 0.818775 0.908054 0.629973
0 0.406128 0.457496 0.796837 0.914991 0.682648
0 0.398423 0.448365 0.771181 0.896729 0.679088
0 0.410247 0.454037 0.818726 0.908074 0.629829
