0 0.343133 0.571058 0.249123 0.296266 0.732512
0 0.389185 0.375282 0.525308 0.620597 0.677942
0 0.371564 0.394278 0.571198 0.644174 0.642199
0 0.390649 0.362225 0.577924 0.640642 0.730249
0 0.359506 0.382629 0.602864 0.662668 0.655079
0 0.400133 0.374806 0.546971 0.653496 0.610202
0 0.392936 0.373208 0.458376 0.594957 0.70354
0 0.400055 0.382359 0.545719 0.607051 0.679907
0 0.417474 0.387681 0.541446 0.622536 0.692126
0 0.394647 0.375706 0.579442 0.635687 0.633088
0 0.414397 0.389709 0.538105 0.620568 0.662856
0 0.401177 0.404638 0.596841 0.647588 0.668271
0 0.3992 0.382208 0.550137 0.631235 0.649674
0 0.431408 0.4093 0.643272 0.703049 0.701435
0 0.411939 0.373278 0.550615 0.668733 0.658049
0 0.426785 0.402155 0.605639 0.691714 0.727606
0 0.421945 0.360588 0.578812 0.640545 0.616292
0 0.42725 0.40142 0.568037 0.655033 0.695567
0 0.425091 0.37969 0.54047 0.640084 0.672129
0 0.427524 0.387894 0.602652 0.683921 0.604375
0 0.468865 0.39532 0.639569 0.695925 0.663494
0 0.405296 0.374946 0.572976 0.666356 0.735813
0 0.427755 0.389933 0.544498 0.622117 0.682229
0 0.424248 0.400605 0.622905 0.66908 0.657101
0 0.427469 0.381111 0.563035 0.67377 0.696525
0 0.411932 0.3803 0.562483 0.667197 0.755291
0 0.435733 0.395749 0.561911 0.669093 0.668421
0 0.439348 0.392163 0.606034 0.695879 0.651212
0 0.419824 0.381675 0.571163 0.657249 0.6712
0 0.549737 0.422713 0.857275 0.759475 0.609027
0 0.445034 0.403847 0.569737 0.65444 0.770959
0 0.451974 0.39212 0.589179 0.679531 0.682268
0 0.427664 0.393316 0.56935 0.671821 0.757901
0 0.426253 0.391572 0.552224 0.658231 0.763024
0 0.446596 0.391009 0.585591 0.637567 0.690512
0 0.437928 0.394255 0.564898 0.671394 0.700961
0 0.419209 0.396203 0.588979 0.666441 0.685559
0 0.45736 0.398864 0.553081 0.665417 0.727246
0 0.452092 0.409033 0.662899 0.693979 0.725053
0 0.429619 0.387071 0.584029 0.668424 0.753551
0 0.445637 0.390432 0.660271 0.723528 0.692204
0 0.463953 0.3838 0.591717 0.710972 0.637975
0 0.438924 0.36951 0.581018 0.677906 0.721711
0 0.478537 0.391997 0.61236 0.66388 0.758756
0 0.459502 0.41662 0.647196 0.716738 0.671165
0 0.455982 0.37962 0.60855 0.70018 0.737177
0 0.483559 0.391387 0.622455 0.653507 0.729193
0 0.516097 0.492795 0.835092 0.871843 0.725829
0 0.464431 0.403708 0.665135 0.738273 0.688078
0 0.449606 0.393774 0.640441 0.712883 0.731986
0 0.450582 0.399833 0.627884 0.681927 0.727471
0 0.452919 0.38788 0.640803 0.722577 0.742967
0 0.44789 0.388776 0.571998 0.652418 0.766149
0 0.452812 0.393529 0.602754 0.698364 0.774383
0 0.452566 0.397637 0.63055 0.715085 0.737806
0 0.451057 0.399584 0.593572 0.702735 0.753091
0 0.451342 0.399406 0.591588 0.675776 0.779047
0 0.445054 0.403254 0.573333 0.657256 0.797522
0 0.452622 0.374422 0.595274 0.690484 0.72803
0 0.455077 0.384705 0.585534 0.667052 0.753699
0 0.444808 0.384181 0.599577 0.69635 0.72655
0 0.469761 0.391272 0.597732 0.6904 0.751436
0 0.439842 0.399527 0.613192 0.695117 0.770077
0 0.457084 0.387584 0.578388 0.682462 0.779439
0 0.448927 0.397254 0.580491 0.678274 0.788761
0 0.445694 0.394418 0.590851 0.698377 0.777537
0 0.442937 0.399529 0.595767 0.685963 0.794045
0 0.445585 0.395912 0.601706 0.697709 0.807127
0 0.454065 0.400772 0.598337 0.684941 0.824725
0 0.457835 0.40691 0.611358 0.691806 0.824966
0 0.458973 0.391191 0.621398 0.693676 0.809565
0 0.465765 0.401142 0.620843 0.698695 0.844118
0 0.460492 0.401036 0.613224 0.69113 0.8326
0 0.449818 0.393747 0.610147 0.700046 0.829881
0 0.462482 0.403547 0.619044 0.691511 0.847418
0 0.462071 0.398768 0.612593 0.688709 0.847795
0 0.449797 0.393717 0.610107 0.700055 0.829953
