0 0.553203 0.58094 0.229216 0.268877 0.869992
0 0.425718 0.452752 0.234271 0.289865 0.800839
0 0.547371 0.591458 0.185052 0.21171 0.669566
0 0.420654 0.456089 0.22539 0.271051 0.773228
0 0.425177 0.448749 0.234923 0.273824 0.635814
0 0.547301 0.586234 0.209552 0.248236 0.730505
0 0.329356 0.198783 0.168994 0.194189 0.627733
0 0.553245 0.588055 0.249459 0.287689 0.807811
0 0.417573 0.449249 0.213082 0.255543 0.781185
0 0.553999 0.589936 0.231296 0.273043 0.835247
0 0.422908 0.446351 0.21913 0.259817 0.742223
0 0.418062 0.445073 0.230983 0.261008 0.691732
0 0.425854 0.448137 0.223159 0.266227 0.66147
0 0.337373 0.200373 0.161349 0.184817 0.629361
0 0.420245 0.446051 0.219125 0.255372 0.716768
0 0.553579 0.590889 0.237559 0.27949 0.701322
0 0.424319 0.448942 0.217946 0.260029 0.806329
0 0.555333 0.592398 0.233341 0.272434 0.798452
0 0.421149 0.444457 0.209227 0.24937 0.718239
0 0.548992 0.581841 0.228468 0.272009 0.696586
0 0.554161 0.576051 0.258603 0.30632 0.829121
0 0.426655 0.443393 0.230368 0.269703 0.824685
0 0.325507 0.197629 0.173016 0.181815 0.610854
0 0.54819 0.589623 0.223136 0.269899 0.707276
0 0.418244 0.451363 0.220036 0.26867 0.682005
0 0.560818 0.583578 0.248366 0.282229 0.688483
0 0.425381 0.437832 0.215773 0.251469 0.668308
0 0.423699 0.443127 0.220961 0.259696 0.695604
0 0.547029 0.579304 0.234266 0.274044 0.681313
0 0.429598 0.446958 0.218124 0.250749 0.780438
0 0.557367 0.587312 0.249378 0.290814 0.759123
0 0.285622 0.478861 0.17333 0.200569 0.63106
0 0.553039 0.586448 0.251545 0.304649 0.753472
0 0.420627 0.450601 0.22766 0.276994 0.753013
0 0.55274 0.58517 0.250324 0.285477 0.778152
0 0.420001 0.444103 0.216247 0.250125 0.758975
0 0.723638 0.321026 0.307421 0.374661 0.610629
0 0.275954 0.466583 0.182906 0.21993 0.604467
0 0.553387 0.585344 0.245671 0.291083 0.790749
0 0.428621 0.44383 0.209968 0.252147 0.754022
0 0.286691 0.473332 0.167024 0.206306 0.6291
0 0.556928 0.586809 0.252122 0.290515 0.798343
0 0.426717 0.447714 0.219167 0.255606 0.776583
0 0.55404 0.586649 0.256448 0.305457 0.84103
0 0.425164 0.448055 0.226058 0.25739 0.833809
0 0.284999 0.477351 0.17707 0.209614 0.66568
0 0.427462 0.447473 0.220306 0.260003 0.760658
0 0.554218 0.588492 0.257921 0.304821 0.61721
0 0.555 0.584579 0.250594 0.288366 0.784833
0 0.424962 0.446994 0.21442 0.254955 0.680688
0 0.550076 0.57866 0.264427 0.30816 0.767506
0 0.42263 0.445465 0.233745 0.269051 0.703458
0 0.554139 0.576314 0.269186 0.314308 0.813668
0 0.428254 0.443665 0.227639 0.264568 0.788126
0 0.55997 0.582384 0.256487 0.295216 0.792225
0 0.424628 0.448595 0.228654 0.265959 0.754859
0 0.333718 0.221103 0.169182 0.142343 0.659754
0 0.55127 0.589674 0.259797 0.30428 0.833656
0 0.423697 0.450865 0.230431 0.270299 0.761105
0 0.285137 0.477036 0.18136 0.217918 0.642352
0 0.331769 0.204429 0.176291 0.17681 0.621024
0 0.417928 0.44409 0.216435 0.261068 0.6005
0 0.555915 0.589334 0.256226 0.303876 0.75183
0 0.422124 0.447262 0.221986 0.261296 0.702884
0 0.550781 0.575412 0.277685 0.317734 0.727029
0 0.416371 0.440618 0.227403 0.269224 0.671113
0 0.550315 0.583377 0.259341 0.29801 0.813615
0 0.420174 0.441184 0.228737 0.265005 0.703859
0 0.557264 0.579158 0.264738 0.308284 0.793922
0 0.428089 0.442828 0.221276 0.263388 0.747504
0 0.292302 0.478111 0.180561 0.217722 0.664125
0 0.551189 0.587331 0.250884 0.293355 0.754638
0 0.423668 0.447991 0.216813 0.251341 0.721347
0 0.551018 0.587787 0.268454 0.310966 0.718888
0 0.43024 0.446908 0.224932 0.263484 0.700296
0 0.549992 0.579615 0.257571 0.30136 0.879544
0 0.427237 0.440891 0.223256 0.260644 0.808762
0 0.287226 0.47889 0.182594 0.218369 0.756348
0 0.55431 0.584619 0.256072 0.3037 0.811925
0 0.430812 0.447336 0.219604 0.257596 0.762037
0 0.55417 0.584407 0.259377 0.304303 0.797616
0 0.432235 0.447469 0.219338 0.257811 0.770373
0 0.292309 0.481986 0.183381 0.215563 0.622602
0 0.555205 0.581627 0.271557 0.312544 0.809758
0 0.433882 0.443707 0.221199 0.260205 0.766667
0 0.292566 0.479548 0.176077 0.210304 0.69054
0 0.550649 0.579416 0.26159 0.297219 0.789106
0 0.425739 0.439414 0.218035 0.250963 0.749819
0 0.556889 0.582711 0.249714 0.293106 0.828208
0 0.432438 0.442254 0.221885 0.257458 0.746402
0 0.290463 0.473081 0.179443 0.211889 0.601992
0 0.549829 0.581259 0.259138 0.307619 0.805029
0 0.423677 0.447677 0.217789 0.257506 0.739833
0 0.285548 0.480365 0.172307 0.201937 0.648144
0 0.557578 0.592927 0.261751 0.305095 0.818763
0 0.430231 0.448884 0.222165 0.257077 0.7775
0 0.288442 0.477714 0.18494 0.216984 0.620128
0 0.334972 0.20949 0.16799 0.167881 0.602139
0 0.553837 0.58803 0.262457 0.299844 0.833391
0 0.425307 0.446296 0.22093 0.254373 0.746087
0 0.281456 0.476872 0.19055 0.223241 0.622234
0 0.551645 0.580107 0.253291 0.299778 0.790567
0 0.42525 0.444588 0.218082 0.251233 0.700638
0 0.556467 0.583943 0.258839 0.299059 0.836129
0 0.427902 0.444932 0.210534 0.25335 0.77873
0 0.548917 0.585859 0.26551 0.311022 0.814739
0 0.422463 0.445893 0.219131 0.253962 0.792289
0 0.286894 0.477596 0.181168 0.213577 0.641674
0 0.553953 0.578408 0.270487 0.302158 0.81245
0 0.42585 0.445547 0.210946 0.250608 0.791247
0 0.555768 0.587388 0.254955 0.300435 0.779236
0 0.431019 0.449654 0.211499 0.252567 0.778988
0 0.430533 0.444943 0.21394 0.250421 0.779956
0 0.551911 0.580167 0.263161 0.301463 0.770961
0 0.557282 0.578669 0.27583 0.321113 0.806951
0 0.431391 0.445241 0.225456 0.263584 0.764895
0 0.284104 0.477767 0.190874 0.221377 0.6334
0 0.556248 0.579062 0.2541 0.305181 0.784817
0 0.426884 0.4458 0.210376 0.248921 0.765889
0 0.2876 0.480353 0.181001 0.212578 0.63501
0 0.550744 0.584597 0.261394 0.307058 0.80109
0 0.426959 0.44724 0.218242 0.255373 0.78383
0 0.558956 0.581649 0.25626 0.305218 0.783137
0 0.433778 0.441891 0.222401 0.258908 0.750193
0 0.289698 0.47436 0.182849 0.215383 0.627991
0 0.556691 0.576602 0.274446 0.317129 0.793795
0 0.431443 0.440019 0.22933 0.26436 0.786647
0 0.28612 0.472242 0.187111 0.218354 0.674832
0 0.554577 0.584296 0.266837 0.310788 0.814554
0 0.430155 0.447273 0.223434 0.262739 0.783389
0 0.287737 0.481745 0.181616 0.210679 0.680081
0 0.555563 0.585978 0.261757 0.305606 0.833836
0 0.432157 0.445713 0.218492 0.256427 0.798887
0 0.290259 0.479354 0.185163 0.214881 0.692847
0 0.550474 0.584292 0.259884 0.303879 0.787739
0 0.424589 0.445518 0.21611 0.252261 0.741434
0 0.553243 0.587435 0.268008 0.311226 0.844508
0 0.424917 0.449664 0.21762 0.255576 0.806081
0 0.287244 0.478903 0.183515 0.213148 0.638378
0 0.555745 0.587983 0.263964 0.307658 0.831451
0 0.430852 0.447004 0.222515 0.260201 0.810325
0 0.286492 0.481673 0.184799 0.213765 0.73898
0 0.548845 0.585718 0.256724 0.305678 0.805795
0 0.427863 0.44726 0.219056 0.257162 0.795792
0 0.290331 0.480568 0.173331 0.206165 0.684478
0 0.428533 0.447775 0.216811 0.254995 0.788254
0 0.555857 0.583179 0.261763 0.308339 0.788189
0 0.289542 0.481724 0.179777 0.21125 0.611879
0 0.546887 0.583634 0.26284 0.308932 0.76899
0 0.42767 0.449741 0.211451 0.2563 0.766572
0 0.428793 0.448328 0.213334 0.253497 0.800371
0 0.549116 0.587361 0.263177 0.305074 0.798954
0 0.29592 0.481472 0.184944 0.220907 0.683774
0 0.139759 0.889473 0.062361 0.0736009 0.623875
0 0.549564 0.584335 0.25116 0.309628 0.813856
0 0.431413 0.449862 0.220889 0.257979 0.791085
0 0.290961 0.481281 0.182361 0.216209 0.658888
0 0.428922 0.443912 0.220396 0.254081 0.835195
0 0.551046 0.57971 0.255415 0.316667 0.829144
0 0.287923 0.480081 0.186361 0.213967 0.751209
0 0.553308 0.585815 0.263754 0.303977 0.824538
0 0.42724 0.446705 0.219221 0.253109 0.808942
0 0.552098 0.583968 0.264526 0.307352 0.794334
0 0.430131 0.448993 0.217691 0.25249 0.791558
0 0.555521 0.582916 0.265746 0.310429 0.79129
0 0.428091 0.445669 0.222777 0.25398 0.781621
0 0.290347 0.478974 0.173914 0.204222 0.677429
0 0.556537 0.582351 0.270154 0.315459 0.835943
0 0.432368 0.445072 0.218384 0.254908 0.825748
0 0.293009 0.478124 0.175137 0.20507 0.64921
0 0.555607 0.579724 0.263938 0.312095 0.829982
0 0.427119 0.444354 0.217086 0.252914 0.82806
0 0.291436 0.476545 0.176309 0.207255 0.625178
0 0.422275 0.442648 0.219144 0.25435 0.811683
0 0.551826 0.578304 0.275441 0.321547 0.810978
0 0.289428 0.475533 0.178987 0.208828 0.612695
0 0.552458 0.579219 0.267742 0.312781 0.801564
0 0.427256 0.443734 0.21363 0.249774 0.794865
0 0.289259 0.478272 0.176491 0.204741 0.612811
0 0.425845 0.445141 0.218772 0.253814 0.808855
0 0.551985 0.585322 0.261554 0.308057 0.804102
0 0.428144 0.447569 0.218613 0.252175 0.806803
0 0.552413 0.582712 0.268445 0.311821 0.800589
0 0.291861 0.478714 0.183102 0.214281 0.604231
0 0.427821 0.446002 0.219608 0.2563 0.813423
0 0.549921 0.579574 0.268354 0.312182 0.812094
0 0.427834 0.445759 0.218166 0.255739 0.8017
0 0.551503 0.579735 0.261638 0.312507 0.79891
0 0.289958 0.47944 0.174983 0.205796 0.620455
0 0.431069 0.447872 0.217575 0.252725 0.795473
0 0.553093 0.581756 0.265457 0.31415 0.788049
0 0.552252 0.583199 0.268021 0.310237 0.801096
0 0.427258 0.447093 0.217776 0.253821 0.789697
0 0.426695 0.447237 0.219581 0.252004 0.835804
0 0.5501 0.580105 0.259301 0.308016 0.824754
0 0.285571 0.47952 0.182135 0.208881 0.686547
0 0.427658 0.447015 0.219764 0.254324 0.819914
0 0.552871 0.58139 0.265267 0.308906 0.813968
0 0.286132 0.479653 0.178287 0.208434 0.732646
0 0.548852 0.581469 0.267422 0.313809 0.826947
0 0.423968 0.446177 0.219901 0.256058 0.824379
0 0.285307 0.477945 0.182157 0.212443 0.710699
0 0.551892 0.583917 0.260851 0.311249 0.811476
0 0.427341 0.447433 0.218339 0.254981 0.811262
0 0.288114 0.478785 0.17873 0.210252 0.715959
0 0.557158 0.581924 0.272907 0.314393 0.836907
0 0.428527 0.445758 0.222414 0.257243 0.812245
0 0.286785 0.480227 0.186884 0.215251 0.661654
0 0.553406 0.584807 0.26608 0.308683 0.826708
0 0.424014 0.446019 0.218202 0.252868 0.798009
0 0.284923 0.480055 0.184172 0.212356 0.65574
0 0.551868 0.582578 0.269219 0.310836 0.812969
0 0.426791 0.44569 0.218226 0.252819 0.802853
0 0.288383 0.478545 0.177816 0.209929 0.623392
0 0.552804 0.585144 0.264091 0.307556 0.820488
0 0.427575 0.44613 0.218826 0.253333 0.818764
0 0.288121 0.478285 0.180182 0.211729 0.670196
0 0.552846 0.581748 0.271053 0.314638 0.800715
0 0.427956 0.44514 0.219514 0.254712 0.783087
0 0.551734 0.585221 0.266058 0.305961 0.831233
0 0.426547 0.446936 0.2189 0.252931 0.809166
0 0.286753 0.478572 0.180633 0.211609 0.657315
0 0.552261 0.583779 0.268877 0.311229 0.817908
0 0.429236 0.446069 0.219381 0.25401 0.79733
0 0.288227 0.478047 0.178745 0.209616 0.662331
0 0.55245 0.583768 0.268138 0.309713 0.83492
0 0.427533 0.446119 0.218841 0.253873 0.816374
0 0.287164 0.478203 0.181837 0.212609 0.694017
0 0.552759 0.583349 0.268692 0.311328 0.824551
0 0.42682 0.446448 0.218192 0.253207 0.792838
0 0.288012 0.478309 0.180247 0.211468 0.609766
0 0.553261 0.583903 0.26729 0.310286 0.832601
0 0.428499 0.445797 0.219196 0.254427 0.806455
0 0.288533 0.478178 0.179858 0.210525 0.657736
0 0.552446 0.583758 0.268162 0.30973 0.83468
0 0.427535 0.44611 0.218827 0.253865 0.815993
0 0.287165 0.4782 0.181814 0.21259 0.693682
