0 0.532436 0.36469 0.326619 0.38177 0.750791
0 0.534555 0.351872 0.256221 0.310615 0.716398
0 0.524752 0.337739 0.217216 0.280518 0.85174
0 0.536986 0.416184 0.15754 0.193245 0.697335
0 0.535985 0.356217 0.315386 0.339917 0.612461
0 0.545507 0.361325 0.260153 0.31703 0.734562
0 0.54409 0.367239 0.277023 0.324157 0.689687
0 0.521721 0.35633 0.312173 0.343095 0.876991
0 0.530446 0.363285 0.277076 0.351736 0.802329
0 0.530884 0.364598 0.240623 0.282946 0.746895
0 0.538904 0.369227 0.259242 0.314864 0.755845
0 0.539159 0.366239 0.250475 0.300972 0.717623
0 0.540179 0.363689 0.259528 0.307693 0.728385
0 0.53856 0.367252 0.252914 0.295837 0.618111
0 0.541146 0.368691 0.242456 0.297731 0.703733
0 0.536841 0.368729 0.250554 0.302886 0.798433
0 0.53114 0.366122 0.246362 0.293731 0.825766
0 0.525655 0.358797 0.222777 0.267138 0.766771
0 0.53998 0.367907 0.255436 0.308179 0.864995
0 0.530131 0.372607 0.248548 0.302968 0.788045
0 0.52665 0.361046 0.248543 0.294796 0.759388
0 0.533197 0.370645 0.262632 0.309147 0.838143
0 0.527467 0.37183 0.229876 0.268504 0.829684
0 0.525571 0.368062 0.257174 0.31287 0.851283
0 0.527323 0.371463 0.248298 0.291226 0.795176
0 0.531871 0.365614 0.245001 0.297082 0.89651
0 0.526166 0.366146 0.257517 0.304577 0.868737
0 0.526459 0.371462 0.246372 0.289771 0.857444
0 0.528128 0.36445 0.247382 0.300508 0.809696
0 0.530034 0.369223 0.23947 0.28129 0.787603
0 0.529013 0.362147 0.260617 0.311692 0.842584
0 0.528936 0.36622 0.255146 0.303113 0.866024
0 0.529937 0.365856 0.254352 0.300646 0.814643
0 0.527828 0.369407 0.260561 0.309271 0.862303
0 0.525958 0.366999 0.250731 0.293891 0.810911
0 0.527993 0.366289 0.253956 0.303152 0.771913
0 0.529114 0.361697 0.251801 0.299208 0.758019
0 0.522411 0.367678 0.244411 0.283852 0.85781
0 0.532579 0.371396 0.245362 0.292538 0.850533
0 0.524381 0.367832 0.252675 0.29812 0.819988
0 0.528286 0.370887 0.255971 0.303292 0.747538
0 0.525066 0.367071 0.253334 0.3023 0.872725
0 0.526254 0.370454 0.257349 0.302403 0.852553
0 0.528613 0.36965 0.24846 0.292757 0.860228
0 0.527342 0.371097 0.244271 0.287848 0.831373
0 0.526613 0.370799 0.244994 0.285584 0.840988
0 0.524273 0.370784 0.24294 0.284306 0.877561
0 0.524736 0.374095 0.251202 0.290531 0.871175
0 0.528139 0.376401 0.256038 0.297655 0.881029
0 0.526772 0.375422 0.25137 0.295846 0.881842
0 0.527184 0.367296 0.24332 0.286261 0.825402
0 0.525924 0.368041 0.25574 0.298769 0.869726
0 0.524323 0.372613 0.259243 0.30131 0.87231
0 0.528132 0.368309 0.244495 0.288815 0.880504
0 0.527195 0.373623 0.250867 0.29465 0.869758
0 0.526854 0.371004 0.254842 0.298271 0.851275
0 0.531928 0.368802 0.252504 0.297263 0.848581
0 0.530218 0.36952 0.244624 0.288654 0.85909
0 0.527006 0.374392 0.241305 0.280833 0.883059
0 0.529361 0.372177 0.242263 0.287222 0.81314
0 0.52667 0.36643 0.250394 0.29718 0.866037
0 0.526959 0.371263 0.253518 0.297554 0.870165
0 0.526135 0.37408 0.248968 0.290821 0.884705
0 0.524301 0.371312 0.250062 0.290092 0.849319
0 0.525268 0.371178 0.250092 0.291402 0.880165
0 0.526059 0.368434 0.247562 0.289918 0.89376
0 0.527108 0.370471 0.2496 0.293673 0.889964
0 0.529345 0.371384 0.242526 0.284349 0.897537
0 0.523981 0.371874 0.248826 0.293986 0.85205
0 0.52702 0.37339 0.244262 0.28562 0.900949
0 0.527011 0.372679 0.252179 0.295741 0.882202
0 0.528532 0.370007 0.250188 0.295941 0.892941
0 0.524712 0.373243 0.250185 0.295401 0.87951
0 0.525572 0.374746 0.252912 0.29579 0.861222
0 0.526733 0.370827 0.252306 0.296387 0.851779
0 0.527964 0.371368 0.250701 0.292615 0.91408
0 0.527977 0.372282 0.250905 0.292713 0.880274
0 0.526372 0.368695 0.252248 0.293579 0.863418
0 0.528468 0.37363 0.257143 0.298371 0.896585
0 0.526803 0.373201 0.254089 0.298671 0.898477
0 0.524208 0.373965 0.249418 0.28968 0.876482
0 0.525027 0.372507 0.251116 0.292357 0.882663
0 0.526089 0.372548 0.251411 0.295228 0.882041
0 0.52682 0.373087 0.248743 0.290462 0.885163
0 0.52605 0.370538 0.248407 0.289611 0.879261
0 0.52594 0.371839 0.246862 0.288727 0.897971
0 0.526989 0.373174 0.247985 0.291651 0.894058
0 0.525182 0.371786 0.252071 0.294002 0.898507
0 0.526528 0.37546 0.249209 0.291847 0.885881
0 0.527837 0.370675 0.250003 0.29083 0.924389
0 0.526641 0.373525 0.247302 0.289634 0.911466
0 0.526985 0.372834 0.251967 0.293185 0.910364
0 0.52587 0.37262 0.250139 0.292227 0.908203
0 0.5268 0.371377 0.25058 0.292602 0.895769
0 0.52677 0.373916 0.248303 0.288459 0.913139
0 0.526326 0.373159 0.249331 0.290495 0.903692
0 0.526025 0.372703 0.248776 0.289824 0.908615
0 0.52623 0.373443 0.247999 0.288873 0.90538
0 0.52654 0.372847 0.249555 0.291427 0.905342
0 0.526023 0.372705 0.248782 0.289825 0.908511
