0 0.63749 0.221414 0.111949 0.133483 0.631976
0 0.641994 0.222406 0.128186 0.148793 0.683727
0 0.636811 0.226876 0.127876 0.148783 0.695515
0 0.63983 0.223021 0.117663 0.144272 0.629047
0 0.63984 0.222601 0.123634 0.147038 0.652414
0 0.640476 0.221889 0.131653 0.153966 0.700718
0 0.642157 0.225255 0.12619 0.14886 0.690869
0 0.63703 0.226689 0.129122 0.150406 0.729151
0 0.641595 0.228196 0.121938 0.143618 0.640249
0 0.638563 0.225495 0.118547 0.139569 0.622598
0 0.639226 0.225918 0.121352 0.140168 0.743659
0 0.640039 0.225731 0.122898 0.146547 0.71368
0 0.640895 0.226631 0.12758 0.147641 0.723954
0 0.64247 0.228865 0.122956 0.140818 0.813497
0 0.638188 0.223556 0.128235 0.15168 0.743526
0 0.637678 0.225663 0.121159 0.141936 0.615288
0 0.638697 0.227486 0.131095 0.151804 0.78979
0 0.6388 0.228798 0.125445 0.150464 0.649642
0 0.63767 0.224514 0.125792 0.147389 0.708447
0 0.637611 0.22519 0.128875 0.150241 0.726778
0 0.638624 0.224424 0.130544 0.151171 0.718787
0 0.637795 0.225862 0.130552 0.15343 0.752024
0 0.637388 0.226751 0.128724 0.152293 0.733862
0 0.638079 0.22645 0.131417 0.155113 0.820595
0 0.638557 0.224654 0.131265 0.151416 0.756288
0 0.637954 0.227104 0.125146 0.146291 0.704499
0 0.636394 0.228321 0.131558 0.154412 0.797373
0 0.63729 0.227105 0.133113 0.157875 0.747496
0 0.637109 0.225599 0.129021 0.151356 0.740388
0 0.636873 0.225795 0.129578 0.15195 0.823858
0 0.636562 0.225067 0.12965 0.151338 0.786937
0 0.637508 0.226379 0.132168 0.156135 0.835206
0 0.63714 0.22686 0.128112 0.150484 0.868627
0 0.638054 0.227344 0.130845 0.154205 0.819665
0 0.636637 0.225367 0.132918 0.157373 0.768111
0 0.63788 0.225712 0.129661 0.151932 0.790385
0 0.635655 0.226167 0.127737 0.152326 0.822945
0 0.637636 0.226315 0.131452 0.152582 0.748847
0 0.637309 0.225938 0.131004 0.150152 0.822257
0 0.636284 0.227643 0.130593 0.153631 0.82836
0 0.638102 0.226221 0.131411 0.152672 0.796666
0 0.637097 0.227678 0.13156 0.15421 0.736225
0 0.638764 0.226574 0.128291 0.150621 0.828103
0 0.638003 0.226062 0.127194 0.148371 0.777795
0 0.637767 0.226868 0.126655 0.14921 0.806927
0 0.637719 0.227357 0.129851 0.151525 0.862986
0 0.638094 0.227433 0.131727 0.153058 0.841151
0 0.638024 0.225934 0.132521 0.153529 0.838521
0 0.63653 0.226192 0.132249 0.152252 0.833329
0 0.636754 0.225237 0.133197 0.156301 0.878357
0 0.638702 0.225801 0.128055 0.148622 0.781943
0 0.63722 0.226729 0.129334 0.151982 0.833783
0 0.63732 0.226888 0.132427 0.155519 0.845733
0 0.636597 0.226686 0.132599 0.153709 0.830337
0 0.635578 0.226093 0.130672 0.152096 0.832302
0 0.636358 0.224953 0.12833 0.150509 0.84369
0 0.635525 0.224098 0.130654 0.153307 0.784685
0 0.637271 0.22679 0.132621 0.154747 0.872563
0 0.636497 0.225594 0.134091 0.156166 0.818435
0 0.637606 0.227114 0.127896 0.151731 0.867241
0 0.636703 0.22585 0.131145 0.152144 0.832106
0 0.637399 0.226628 0.130005 0.151763 0.840216
0 0.639479 0.22555 0.13082 0.152769 0.823413
0 0.637175 0.225872 0.130198 0.151265 0.870706
0 0.637129 0.227149 0.131175 0.153238 0.862835
0 0.636973 0.225729 0.132136 0.153547 0.869903
0 0.637784 0.225521 0.130869 0.153421 0.840608
0 0.637559 0.225883 0.1305 0.153337 0.832086
0 0.637396 0.22689 0.129942 0.150982 0.841834
0 0.636781 0.226375 0.131263 0.152445 0.846794
0 0.636455 0.226072 0.129829 0.151905 0.863018
0 0.637643 0.225834 0.128083 0.1498 0.841705
0 0.636479 0.226117 0.130193 0.151325 0.879126
0 0.636843 0.226778 0.129804 0.1519 0.869057
0 0.637821 0.226071 0.13037 0.15193 0.88291
0 0.637177 0.225544 0.129248 0.150371 0.869758
0 0.637436 0.225982 0.129274 0.150782 0.878989
0 0.637817 0.226068 0.130371 0.151952 0.882573
