0 0.645554 0.208802 0.231643 0.267491 0.675371
0 0.654249 0.194248 0.201027 0.221342 0.991605
0 0.614201 0.214632 0.216446 0.249103 0.71329
0 0.645283 0.204662 0.206914 0.214518 0.620812
0 0.60545 0.208042 0.252156 0.262851 0.688732
0 0.614325 0.207499 0.234534 0.259948 0.763824
0 0.620137 0.212344 0.242971 0.25337 0.738002
0 0.606407 0.214476 0.257967 0.263092 0.780207
0 0.630814 0.205572 0.214759 0.251526 0.678442
0 0.621215 0.214285 0.238619 0.27227 0.710177
0 0.617229 0.211412 0.237597 0.275068 0.829184
0 0.610778 0.209113 0.238527 0.265667 0.729217
0 0.622087 0.207711 0.226127 0.257221 0.833146
0 0.610153 0.206593 0.24611 0.277729 0.654379
0 0.608718 0.20901 0.234536 0.272016 0.642531
0 0.623965 0.207198 0.238292 0.268989 0.696246
0 0.623817 0.208015 0.219816 0.246783 0.775425
0 0.616195 0.208531 0.221892 0.266478 0.756524
0 0.619478 0.206344 0.232295 0.256748 0.756818
0 0.618456 0.201225 0.220822 0.2528 0.866496
0 0.622146 0.209438 0.232716 0.257428 0.790047
0 0.611206 0.207441 0.239316 0.270496 0.834219
0 0.618079 0.206375 0.221625 0.2627 0.731775
0 0.617941 0.208521 0.218342 0.254844 0.807772
0 0.614697 0.207735 0.235489 0.264662 0.773138
0 0.623665 0.209933 0.225236 0.261486 0.835941
0 0.610284 0.207382 0.236909 0.271682 0.792431
0 0.621247 0.209077 0.226812 0.263958 0.851322
0 0.613489 0.208916 0.231396 0.268346 0.783193
0 0.62522 0.203903 0.225976 0.267603 0.789485
0 0.618721 0.204901 0.228527 0.26423 0.745546
0 0.618906 0.204258 0.218377 0.254024 0.8422
0 0.62826 0.208237 0.215533 0.259639 0.841874
0 0.623562 0.206714 0.225565 0.262826 0.779191
0 0.623047 0.209317 0.231182 0.265645 0.808126
0 0.618253 0.202788 0.22655 0.2601 0.880317
0 0.6152 0.207937 0.231037 0.274941 0.807149
0 0.619606 0.20842 0.224871 0.256162 0.815232
0 0.621261 0.209641 0.23062 0.264723 0.84591
0 0.62116 0.200281 0.224377 0.256015 0.832056
0 0.622054 0.206411 0.220715 0.258414 0.852897
0 0.610225 0.208397 0.231009 0.268107 0.851063
0 0.615155 0.215428 0.24249 0.27846 0.830862
0 0.614953 0.208138 0.234748 0.269435 0.849503
0 0.620653 0.2065 0.226908 0.262789 0.790078
0 0.613434 0.206095 0.223326 0.263913 0.870144
0 0.612518 0.208554 0.233596 0.266542 0.853118
0 0.618844 0.202658 0.223915 0.260284 0.867977
0 0.620718 0.208798 0.225831 0.25958 0.841527
0 0.614722 0.20321 0.243469 0.265644 0.792229
0 0.618394 0.206689 0.22675 0.26552 0.839075
0 0.621705 0.207475 0.227119 0.258139 0.83304
0 0.622868 0.209988 0.221378 0.261441 0.880149
0 0.626111 0.207435 0.222536 0.258366 0.833209
0 0.621628 0.208071 0.225682 0.263682 0.866886
0 0.615761 0.207209 0.23023 0.26527 0.869225
0 0.619888 0.208348 0.22928 0.261907 0.870984
0 0.622148 0.208328 0.232809 0.264019 0.834096
0 0.619963 0.204596 0.233839 0.272678 0.866313
0 0.617115 0.206178 0.229082 0.261561 0.849778
0 0.621224 0.207206 0.225554 0.259657 0.866663
0 0.623823 0.206576 0.223036 0.258237 0.873402
0 0.617195 0.211913 0.231307 0.269955 0.846617
0 0.619029 0.207922 0.226673 0.262581 0.88428
0 0.620124 0.209491 0.231006 0.26153 0.855095
0 0.620986 0.205152 0.238052 0.273324 0.885746
0 0.619469 0.212602 0.228177 0.268644 0.847366
0 0.616493 0.210555 0.229587 0.270093 0.851166
0 0.619566 0.207863 0.229721 0.265888 0.858491
0 0.618509 0.207028 0.235233 0.269434 0.891227
0 0.624937 0.206669 0.228245 0.268304 0.882174
0 0.619221 0.207078 0.23337 0.268289 0.865311
0 0.623854 0.205364 0.227029 0.264005 0.871332
0 0.620019 0.205438 0.235847 0.271717 0.887305
0 0.615645 0.207101 0.234956 0.266266 0.848203
0 0.61503 0.20426 0.236793 0.276874 0.865673
0 0.619563 0.205523 0.231563 0.267181 0.867621
0 0.620364 0.20656 0.232669 0.267097 0.882178
0 0.618868 0.205609 0.231366 0.264582 0.863343
0 0.616706 0.204677 0.231006 0.265681 0.888656
0 0.617993 0.207653 0.235366 0.267721 0.880968
0 0.616311 0.207447 0.237289 0.271142 0.883314
0 0.616998 0.209129 0.235458 0.269058 0.870964
0 0.617096 0.206198 0.238145 0.269011 0.898671
0 0.619981 0.207611 0.233776 0.265805 0.897615
0 0.619338 0.207368 0.232038 0.265835 0.893014
0 0.61871 0.208932 0.232984 0.268332 0.892848
0 0.616782 0.205511 0.234319 0.268265 0.865679
0 0.619613 0.208348 0.233444 0.266549 0.890321
0 0.616362 0.207887 0.234699 0.268412 0.871241
0 0.618153 0.20816 0.234016 0.267224 0.889387
0 0.618325 0.207996 0.232455 0.265591 0.884042
0 0.61893 0.207649 0.233928 0.268254 0.885049
0 0.618155 0.208152 0.233998 0.267208 0.889207
