0 0.462366 0.742022 0.203017 0.216243 0.922571
0 0.408153 0.247493 0.207006 0.235552 0.830461
0 0.419681 0.252319 0.251519 0.307784 0.65521
0 0.430185 0.246147 0.255301 0.297346 0.759518
0 0.436137 0.237001 0.256558 0.282196 0.645313
0 0.439179 0.243673 0.25584 0.292618 0.76951
0 0.437931 0.253788 0.262824 0.311319 0.810861
0 0.424703 0.240786 0.255732 0.295912 0.732374
0 0.434981 0.235754 0.270518 0.299645 0.754836
0 0.427266 0.243544 0.222452 0.270535 0.742521
0 0.429582 0.245848 0.262738 0.306739 0.840133
0 0.433242 0.242164 0.235961 0.27563 0.81618
0 0.424462 0.249 0.244166 0.301531 0.826712
0 0.426156 0.239058 0.256858 0.289261 0.848841
0 0.416011 0.242323 0.257702 0.293877 0.793307
0 0.416474 0.248893 0.26344 0.311273 0.873245
0 0.422526 0.252159 0.265594 0.314388 0.870789
0 0.423638 0.249841 0.254258 0.304132 0.832335
0 0.430289 0.230337 0.248507 0.279326 0.688133
0 0.425496 0.243185 0.267158 0.316852 0.809065
0 0.425441 0.237744 0.263197 0.314599 0.821012
0 0.424595 0.246254 0.260279 0.303162 0.756333
0 0.421082 0.24879 0.254195 0.299549 0.811409
0 0.417028 0.249593 0.262754 0.308468 0.770639
0 0.428276 0.24917 0.264655 0.314047 0.769152
0 0.423276 0.241992 0.266022 0.310984 0.737463
0 0.423847 0.238286 0.243172 0.28937 0.770385
0 0.430938 0.247518 0.256053 0.296015 0.850435
0 0.42121 0.243603 0.262617 0.310827 0.820966
0 0.429739 0.245586 0.268682 0.316999 0.755739
0 0.421303 0.24069 0.273614 0.315736 0.861833
0 0.425284 0.246432 0.264354 0.314689 0.851936
0 0.422378 0.245382 0.262659 0.308369 0.838298
0 0.427327 0.247008 0.267381 0.311431 0.810716
0 0.429417 0.239557 0.250888 0.286051 0.80471
0 0.418856 0.241487 0.250522 0.292533 0.811256
0 0.425186 0.240785 0.268904 0.320049 0.785149
0 0.418218 0.247426 0.258092 0.302646 0.818123
0 0.420983 0.242959 0.261019 0.304262 0.859267
0 0.42496 0.240732 0.260651 0.309518 0.77871
0 0.42244 0.245144 0.25665 0.309973 0.841469
0 0.422288 0.244365 0.27168 0.314893 0.851795
0 0.426732 0.245399 0.270353 0.306256 0.860671
0 0.421013 0.238115 0.283976 0.317642 0.762931
0 0.429667 0.238553 0.263988 0.303133 0.746039
0 0.429665 0.242422 0.270273 0.30987 0.803351
0 0.418908 0.24347 0.276379 0.310103 0.821311
0 0.421663 0.244643 0.252902 0.295251 0.826125
0 0.422179 0.242318 0.247333 0.292747 0.778642
0 0.421497 0.240506 0.259784 0.303885 0.808152
0 0.424458 0.247974 0.26076 0.307789 0.822743
0 0.423231 0.250005 0.253933 0.297458 0.78963
0 0.419072 0.236401 0.276942 0.311772 0.765901
0 0.415509 0.241676 0.257532 0.300523 0.764811
0 0.429781 0.24359 0.273307 0.314764 0.771418
0 0.431347 0.247992 0.260404 0.30148 0.773894
0 0.430031 0.240825 0.271509 0.306184 0.810567
0 0.422964 0.249885 0.268514 0.311075 0.75677
0 0.426713 0.240864 0.268838 0.303238 0.779667
0 0.425388 0.239835 0.273953 0.307559 0.771161
0 0.424906 0.244203 0.270518 0.313041 0.808059
0 0.424058 0.245868 0.260643 0.309524 0.822806
0 0.424099 0.249774 0.262027 0.307786 0.784317
0 0.425581 0.243654 0.262387 0.303935 0.77872
0 0.427414 0.243731 0.262303 0.306972 0.850257
0 0.424655 0.239288 0.250979 0.297269 0.815688
0 0.422186 0.23497 0.259996 0.301676 0.774593
0 0.426451 0.239298 0.252711 0.294508 0.79834
0 0.421475 0.242007 0.242519 0.282261 0.804908
0 0.422843 0.245553 0.255354 0.295488 0.783289
0 0.420646 0.24601 0.254495 0.303613 0.812653
0 0.424637 0.242797 0.256537 0.306555 0.816111
0 0.419515 0.243218 0.248326 0.295216 0.810339
0 0.420011 0.242025 0.255216 0.297372 0.821233
0 0.420003 0.241412 0.248316 0.295702 0.837402
0 0.427377 0.244066 0.258757 0.302313 0.824221
0 0.425341 0.243509 0.259614 0.304544 0.816109
0 0.423183 0.244296 0.254273 0.298316 0.803346
0 0.425839 0.242222 0.254839 0.293165 0.840647
0 0.424539 0.242481 0.246387 0.287528 0.837002
0 0.420925 0.240696 0.250331 0.296382 0.826726
0 0.422243 0.242974 0.253447 0.299619 0.842873
0 0.4229 0.240911 0.258554 0.303881 0.818371
0 0.421508 0.244156 0.251163 0.294445 0.838721
0 0.421593 0.241993 0.251899 0.296471 0.825714
0 0.422851 0.242271 0.251874 0.294632 0.840855
0 0.422438 0.242365 0.250493 0.29386 0.83151
0 0.422375 0.242784 0.250226 0.293872 0.83731
0 0.422847 0.242259 0.251875 0.294647 0.840545
