0 0.502298 0.434478 0.638893 0.742359 0.622586
0 0.510806 0.403637 0.556906 0.660552 0.619781
0 0.539169 0.43209 0.57863 0.723141 0.66974
0 0.509615 0.403318 0.737706 0.744642 0.617196
0 0.510744 0.425984 0.764688 0.851969 0.660162
0 0.501988 0.419917 0.65876 0.720352 0.646067
0 0.514223 0.418309 0.58423 0.69044 0.634174
0 0.522259 0.415311 0.581453 0.687766 0.603999
0 0.55079 0.406218 0.615913 0.715983 0.731074
0 0.507024 0.402656 0.687301 0.721418 0.610062
0 0.514041 0.40594 0.716253 0.768738 0.696943
0 0.52004 0.397448 0.748232 0.758429 0.752601
0 0.517037 0.410328 0.648255 0.770683 0.608193
0 0.471654 0.420428 0.622667 0.800404 0.677138
0 0.489746 0.414356 0.715604 0.80767 0.66635
0 0.511529 0.428565 0.670695 0.787496 0.672192
0 0.512699 0.429191 0.732073 0.779665 0.723225
0 0.495421 0.405952 0.602345 0.740334 0.757379
0 0.512497 0.390843 0.596148 0.743439 0.688007
0 0.520046 0.407387 0.72575 0.802868 0.768893
0 0.515415 0.434111 0.741326 0.781213 0.764048
0 0.54842 0.401438 0.694338 0.753157 0.62177
0 0.480828 0.430153 0.632319 0.818061 0.651283
0 0.505489 0.428006 0.674431 0.781796 0.671135
0 0.489447 0.397833 0.708424 0.777355 0.680492
0 0.511276 0.400638 0.590345 0.739885 0.736471
0 0.459947 0.405378 0.695785 0.751622 0.695747
0 0.516718 0.417121 0.697471 0.777871 0.725929
0 0.481653 0.410874 0.650041 0.761215 0.664563
0 0.473749 0.407315 0.661486 0.772814 0.74458
0 0.509402 0.39721 0.706826 0.722265 0.675212
0 0.51507 0.426324 0.758871 0.796316 0.757743
0 0.449777 0.413955 0.71801 0.781095 0.763391
0 0.544703 0.407605 0.722255 0.775431 0.719259
0 0.514831 0.411709 0.67936 0.779475 0.708491
0 0.501572 0.400411 0.682531 0.773288 0.601461
0 0.490631 0.395089 0.680861 0.790179 0.762141
0 0.532859 0.405361 0.771178 0.778604 0.741015
0 0.529448 0.406826 0.734764 0.813079 0.780819
0 0.514513 0.405056 0.681267 0.773719 0.739593
0 0.523176 0.41034 0.754265 0.795263 0.781023
0 0.540628 0.405139 0.693636 0.77062 0.741681
0 0.514578 0.398294 0.715786 0.796588 0.765777
0 0.517985 0.404053 0.679692 0.776578 0.763503
0 0.506706 0.400257 0.708455 0.785525 0.793368
0 0.502963 0.401719 0.704125 0.791929 0.802183
0 0.512226 0.396849 0.691704 0.779314 0.807671
0 0.515091 0.405212 0.65672 0.781138 0.777594
0 0.521561 0.403998 0.650843 0.78438 0.782879
0 0.516486 0.392596 0.67307 0.760579 0.774802
0 0.531299 0.398036 0.65059 0.765923 0.783901
0 0.514051 0.403853 0.685676 0.762631 0.804009
0 0.51939 0.410766 0.67522 0.78154 0.798454
0 0.527876 0.406748 0.713931 0.768763 0.784075
0 0.509953 0.408019 0.696952 0.774516 0.799205
0 0.521672 0.409585 0.680721 0.774834 0.809469
0 0.519017 0.399251 0.699816 0.769004 0.802092
0 0.52235 0.408017 0.705051 0.764572 0.806412
0 0.525208 0.407213 0.694434 0.769486 0.80785
0 0.518955 0.39924 0.699738 0.769033 0.802348
