0 0.56204 0.360168 0.392951 0.412084 0.889418
0 0.530005 0.427125 0.388736 0.403855 0.667271
0 0.57501 0.404926 0.332239 0.407962 0.662636
0 0.545947 0.376925 0.339289 0.353805 0.763603
0 0.558221 0.390354 0.393401 0.426593 0.749725
0 0.56126 0.382528 0.366832 0.434484 0.749497
0 0.544252 0.387285 0.345477 0.401707 0.706193
0 0.538916 0.376564 0.3298 0.391044 0.775095
0 0.563653 0.391986 0.348512 0.39887 0.680476
0 0.552397 0.373745 0.385905 0.421422 0.705635
0 0.547118 0.389493 0.35189 0.40729 0.778266
0 0.556171 0.381382 0.339862 0.381693 0.780186
0 0.550178 0.378777 0.356758 0.402302 0.699532
0 0.570614 0.378077 0.376785 0.418004 0.628914
0 0.547833 0.377905 0.359347 0.39917 0.769053
0 0.547682 0.382103 0.355809 0.401218 0.681079
0 0.543883 0.383823 0.342668 0.393388 0.836522
0 0.539477 0.371635 0.401896 0.447338 0.69891
0 0.546653 0.382055 0.359896 0.411083 0.776215
0 0.555148 0.375006 0.349607 0.406093 0.83422
0 0.559015 0.382905 0.380724 0.409718 0.833645
0 0.565479 0.383709 0.364073 0.409361 0.821214
0 0.562128 0.387604 0.369935 0.418454 0.63085
0 0.559404 0.375502 0.343164 0.401095 0.834376
0 0.566379 0.375578 0.365409 0.425562 0.715847
0 0.567111 0.379827 0.368186 0.405562 0.773356
0 0.558978 0.377598 0.348848 0.410169 0.742982
0 0.551233 0.379 0.365571 0.419126 0.823858
0 0.533315 0.373226 0.3744 0.425269 0.600847
0 0.557821 0.378409 0.351706 0.41234 0.704706
0 0.56029 0.382148 0.355767 0.410003 0.761726
0 0.549661 0.381053 0.336504 0.390417 0.798599
0 0.559902 0.381503 0.334362 0.402002 0.760395
0 0.552216 0.386267 0.342837 0.403901 0.752306
0 0.551911 0.383665 0.352635 0.40582 0.811672
0 0.545657 0.386365 0.359435 0.426954 0.76691
0 0.56144 0.387302 0.3622 0.411748 0.826047
0 0.56208 0.379298 0.355706 0.421829 0.718383
0 0.554299 0.381998 0.35311 0.412169 0.845778
0 0.564507 0.384287 0.361256 0.41517 0.805512
0 0.550785 0.38722 0.344239 0.411212 0.732974
0 0.559418 0.382824 0.359346 0.423603 0.778188
0 0.567601 0.383761 0.330391 0.398337 0.802396
0 0.560736 0.387547 0.359552 0.417836 0.801062
0 0.548905 0.379714 0.322089 0.402376 0.739038
0 0.557531 0.379853 0.345179 0.4139 0.778177
0 0.559189 0.390024 0.362923 0.406148 0.76897
0 0.555935 0.383462 0.357589 0.41872 0.78603
0 0.553438 0.389777 0.341542 0.404964 0.809749
0 0.557429 0.379763 0.35554 0.423144 0.801462
0 0.562706 0.37986 0.360038 0.411618 0.828242
0 0.55714 0.386066 0.362656 0.418027 0.851051
0 0.537273 0.380436 0.363939 0.417004 0.743761
0 0.56282 0.380894 0.353266 0.405422 0.798408
0 0.553206 0.378817 0.344891 0.403626 0.782535
0 0.552811 0.389393 0.358664 0.416125 0.794684
0 0.558346 0.389231 0.351557 0.40433 0.802127
0 0.550927 0.38657 0.354658 0.407998 0.821682
0 0.55137 0.384132 0.363625 0.4238 0.765925
0 0.554984 0.390126 0.348847 0.408105 0.844758
0 0.551827 0.381052 0.344019 0.407803 0.809945
0 0.564092 0.386323 0.361363 0.418357 0.840584
0 0.561388 0.392231 0.367828 0.427153 0.782878
0 0.551958 0.393223 0.352962 0.411862 0.816668
0 0.553625 0.389843 0.351397 0.40386 0.810403
0 0.559181 0.385055 0.355011 0.412363 0.825203
0 0.551216 0.386476 0.342762 0.412407 0.810717
0 0.560803 0.390551 0.349455 0.418431 0.799642
0 0.554647 0.391268 0.348065 0.401923 0.840016
0 0.557953 0.388362 0.348583 0.41182 0.835438
0 0.550294 0.386143 0.356227 0.415408 0.831808
0 0.554784 0.386471 0.354617 0.409969 0.825355
0 0.559163 0.381757 0.356263 0.420705 0.819142
0 0.558538 0.387935 0.349186 0.413763 0.860133
0 0.557098 0.390005 0.349625 0.407057 0.84991
0 0.55826 0.384801 0.348174 0.419115 0.840681
0 0.557879 0.384568 0.352581 0.415127 0.85525
0 0.558126 0.387668 0.353919 0.420079 0.839709
0 0.551044 0.387192 0.355281 0.417834 0.841398
0 0.557422 0.390343 0.351406 0.416274 0.842247
0 0.559788 0.389928 0.347566 0.417427 0.848484
0 0.551721 0.38654 0.359712 0.415668 0.864908
0 0.558625 0.391925 0.356948 0.419899 0.84174
0 0.556603 0.388108 0.356056 0.410216 0.852566
0 0.551325 0.392276 0.350115 0.404673 0.859075
0 0.555252 0.390442 0.358487 0.418347 0.86401
0 0.549901 0.391454 0.354623 0.412528 0.861067
0 0.554733 0.388421 0.355014 0.413113 0.855886
0 0.551542 0.391828 0.359065 0.413285 0.869908
0 0.552453 0.390314 0.356683 0.412405 0.871826
0 0.550211 0.391323 0.35629 0.410513 0.870671
0 0.552731 0.392785 0.356122 0.410537 0.87419
0 0.552435 0.391716 0.35473 0.409229 0.868802
0 0.550218 0.391299 0.356268 0.410491 0.870848
