0 0.433551 0.179987 0.260185 0.30479 0.918018
0 0.448877 0.161941 0.199306 0.239423 0.993722
0 0.495497 0.178872 0.220781 0.249904 0.983959
0 0.530238 0.164388 0.209829 0.237166 0.931412
0 0.446692 0.54156 0.241666 0.276294 0.814781
0 0.500446 0.15274 0.192195 0.194495 0.781871
0 0.430327 0.214427 0.399952 0.428853 0.619416
0 0.509396 0.166769 0.26222 0.302087 0.621942
0 0.494295 0.1708 0.242535 0.265397 0.719233
0 0.492777 0.16766 0.335073 0.308776 0.710953
0 0.490146 0.530959 0.337495 0.336978 0.629626
0 0.509268 0.531829 0.266071 0.312933 0.805009
0 0.493398 0.183929 0.247014 0.290159 0.690945
0 0.508745 0.52837 0.265724 0.309663 0.802407
0 0.520889 0.534317 0.26967 0.311093 0.683084
0 0.485177 0.183966 0.224809 0.268262 0.767671
0 0.507823 0.53986 0.255536 0.292206 0.734858
0 0.509679 0.538346 0.268217 0.312053 0.799558
0 0.466502 0.186188 0.244255 0.293083 0.680236
0 0.517093 0.534378 0.260644 0.30285 0.905472
0 0.494052 0.18236 0.240711 0.281352 0.762432
0 0.522283 0.535805 0.268303 0.312091 0.851684
0 0.494796 0.184641 0.246352 0.290077 0.773324
0 0.486455 0.187772 0.249535 0.285339 0.754139
0 0.511418 0.538458 0.27105 0.295518 0.746719
0 0.521083 0.537489 0.262226 0.302677 0.814143
0 0.491958 0.187496 0.241479 0.284465 0.767057
0 0.523571 0.536784 0.265852 0.308092 0.819091
0 0.499222 0.190511 0.251844 0.292489 0.809041
0 0.517112 0.537079 0.269513 0.307844 0.87243
0 0.487549 0.182939 0.239421 0.278135 0.826041
0 0.490532 0.184008 0.233359 0.278 0.809822
0 0.515961 0.536936 0.242621 0.288088 0.780943
0 0.519208 0.535579 0.281726 0.321142 0.858181
0 0.491852 0.182853 0.254752 0.30275 0.850566
0 0.514915 0.532997 0.291789 0.338515 0.775522
0 0.48276 0.186168 0.256159 0.295615 0.759879
0 0.511661 0.541844 0.27083 0.31392 0.84114
0 0.472483 0.194028 0.266989 0.313703 0.736584
0 0.517914 0.53574 0.262713 0.303716 0.902093
0 0.483143 0.184235 0.259015 0.297558 0.824847
0 0.519442 0.537004 0.249614 0.292278 0.906862
0 0.487646 0.195559 0.236273 0.263312 0.860404
0 0.516984 0.54586 0.257426 0.301326 0.917025
0 0.483108 0.192865 0.250944 0.297046 0.864465
0 0.515602 0.533196 0.266777 0.298194 0.856364
0 0.479696 0.185363 0.255741 0.2822 0.812119
0 0.516301 0.533358 0.266671 0.309632 0.948129
0 0.490184 0.186904 0.244421 0.29005 0.894769
0 0.515542 0.546098 0.276761 0.311247 0.924943
0 0.492306 0.19713 0.257066 0.294466 0.873215
0 0.514454 0.538776 0.268707 0.308924 0.938514
0 0.475468 0.194059 0.254641 0.296572 0.840777
0 0.513569 0.534808 0.261623 0.302198 0.849373
0 0.4919 0.182482 0.236884 0.281022 0.823717
0 0.516424 0.538442 0.268422 0.299091 0.861721
0 0.489953 0.196124 0.23513 0.266226 0.808015
0 0.518022 0.536279 0.270984 0.312541 0.912428
0 0.489789 0.181341 0.257936 0.303714 0.82683
0 0.513573 0.533798 0.27466 0.316414 0.905778
0 0.492367 0.186434 0.254663 0.293414 0.892908
0 0.518212 0.535103 0.277357 0.315981 0.860899
0 0.494935 0.187591 0.249155 0.291235 0.812771
0 0.513039 0.543379 0.265772 0.304104 0.913973
0 0.491681 0.194125 0.252888 0.294292 0.835073
0 0.516004 0.546833 0.275626 0.306865 0.87437
0 0.491644 0.189875 0.252127 0.293282 0.781143
0 0.522239 0.538469 0.273936 0.310895 0.831787
0 0.494672 0.191614 0.251728 0.293756 0.786141
0 0.520856 0.532272 0.264972 0.307828 0.776241
0 0.491903 0.185955 0.246753 0.290018 0.765946
0 0.521061 0.535043 0.271335 0.305485 0.906847
0 0.492839 0.189529 0.247025 0.283271 0.88309
0 0.526368 0.537003 0.276172 0.314236 0.92114
0 0.499737 0.187524 0.24663 0.288276 0.868235
0 0.521753 0.531591 0.271361 0.311729 0.878143
0 0.491681 0.184905 0.257093 0.293477 0.830807
0 0.524105 0.536647 0.273449 0.313845 0.870416
0 0.493222 0.187902 0.24873 0.289299 0.841244
0 0.514431 0.529167 0.26851 0.310597 0.943902
0 0.487058 0.182973 0.244172 0.285712 0.913214
0 0.51243 0.535545 0.270232 0.312968 0.886399
0 0.488796 0.187304 0.248236 0.292439 0.877102
0 0.514295 0.537323 0.268739 0.304772 0.87949
0 0.489081 0.188064 0.246631 0.287908 0.862413
0 0.519167 0.538953 0.279736 0.315819 0.872662
0 0.488551 0.18938 0.258271 0.298759 0.84919
0 0.519085 0.533993 0.273334 0.307504 0.874281
0 0.491681 0.187997 0.247359 0.287364 0.814456
0 0.519866 0.535194 0.263993 0.302049 0.923407
0 0.492986 0.187036 0.242787 0.284263 0.889468
0 0.513255 0.54059 0.272853 0.305573 0.895994
0 0.484636 0.190599 0.248136 0.287673 0.829943
0 0.520271 0.546017 0.276196 0.304962 0.868782
0 0.490474 0.197799 0.250664 0.289 0.842682
0 0.517996 0.539064 0.26792 0.300085 0.934597
0 0.490006 0.18804 0.245731 0.284263 0.897351
0 0.519776 0.533531 0.270198 0.305092 0.891577
0 0.492325 0.186264 0.24664 0.286407 0.832818
0 0.517938 0.539277 0.266422 0.303459 0.911201
0 0.484467 0.191564 0.254014 0.292715 0.856833
0 0.516884 0.537372 0.272139 0.303715 0.913067
0 0.486904 0.188193 0.255201 0.28957 0.856479
0 0.521092 0.533886 0.272051 0.308349 0.902467
0 0.483629 0.189445 0.254372 0.292646 0.85878
0 0.520136 0.541325 0.267984 0.302255 0.87712
0 0.487687 0.196372 0.255722 0.294169 0.817359
0 0.512315 0.533152 0.271574 0.313227 0.853242
0 0.486655 0.190596 0.252733 0.292938 0.800499
0 0.521089 0.53707 0.269562 0.311276 0.905956
0 0.493748 0.188773 0.245853 0.289036 0.832376
0 0.521349 0.536157 0.272185 0.31317 0.847865
0 0.495552 0.189069 0.246239 0.284911 0.819988
0 0.520348 0.540049 0.26398 0.305971 0.894938
0 0.493758 0.191758 0.246822 0.286667 0.884759
0 0.521589 0.533813 0.271885 0.307369 0.850307
0 0.495464 0.18929 0.24528 0.2853 0.792031
0 0.524155 0.53519 0.274847 0.317162 0.878767
0 0.494163 0.183728 0.246675 0.292874 0.835098
0 0.512381 0.541187 0.270085 0.304851 0.912017
0 0.487156 0.191404 0.247647 0.290094 0.848258
0 0.517514 0.542751 0.273033 0.305435 0.902445
0 0.491353 0.192652 0.248411 0.287149 0.850504
0 0.517315 0.537964 0.273235 0.304788 0.859437
0 0.491766 0.19223 0.248999 0.283533 0.820283
0 0.519655 0.534422 0.274666 0.31517 0.874958
0 0.490806 0.191056 0.247735 0.287695 0.835608
0 0.516662 0.53712 0.268997 0.307757 0.893826
0 0.486191 0.191779 0.244045 0.28489 0.828481
0 0.515893 0.534704 0.264327 0.303718 0.878049
0 0.488117 0.193611 0.244131 0.284347 0.816175
0 0.520615 0.532182 0.273835 0.309268 0.890819
0 0.493271 0.192268 0.241719 0.280099 0.825587
0 0.514601 0.541002 0.274085 0.314081 0.853816
0 0.487719 0.193209 0.244461 0.287037 0.784416
0 0.515881 0.533703 0.271279 0.308131 0.910142
0 0.487945 0.188986 0.239568 0.281566 0.862125
0 0.518863 0.536132 0.272167 0.308917 0.912859
0 0.490407 0.192026 0.243218 0.283855 0.832039
0 0.521081 0.5306 0.283088 0.319234 0.887515
0 0.494686 0.186487 0.248072 0.29151 0.837565
0 0.518522 0.537417 0.27379 0.311552 0.899157
0 0.490678 0.190486 0.249536 0.292766 0.84664
0 0.517371 0.538034 0.27675 0.30981 0.872178
0 0.490747 0.191293 0.249426 0.289472 0.809917
0 0.520104 0.535847 0.26729 0.303896 0.882136
0 0.492587 0.192605 0.241469 0.282543 0.809237
0 0.520719 0.536199 0.276658 0.310531 0.902046
0 0.492616 0.191771 0.24656 0.286418 0.859152
0 0.52255 0.533576 0.27165 0.308579 0.890678
0 0.492906 0.188156 0.244996 0.287236 0.825632
0 0.519473 0.534837 0.273085 0.309576 0.8941
0 0.49192 0.186522 0.249926 0.290219 0.830842
0 0.521143 0.532925 0.276122 0.311839 0.900754
0 0.492737 0.188878 0.248771 0.288276 0.838751
0 0.522597 0.537438 0.272285 0.310971 0.919295
0 0.494609 0.187384 0.24824 0.291041 0.867256
0 0.519385 0.537951 0.272885 0.30864 0.874179
0 0.491107 0.190882 0.246495 0.285473 0.812314
0 0.518001 0.536113 0.274309 0.313841 0.876866
0 0.48937 0.188671 0.247856 0.288558 0.819465
0 0.519279 0.53175 0.270123 0.311592 0.892726
0 0.489406 0.188255 0.247537 0.289821 0.813388
0 0.521155 0.535103 0.275171 0.314288 0.893345
0 0.491416 0.189698 0.248258 0.2889 0.824317
0 0.520515 0.536317 0.272014 0.305388 0.892068
0 0.490747 0.189732 0.242542 0.281698 0.831278
0 0.519832 0.533476 0.27027 0.308434 0.903275
0 0.489731 0.18792 0.240953 0.28039 0.843212
0 0.520294 0.538492 0.273609 0.307767 0.90581
0 0.490131 0.193703 0.246937 0.286891 0.83428
0 0.518048 0.536225 0.273892 0.309183 0.912039
0 0.490169 0.190959 0.249108 0.287945 0.838607
0 0.519183 0.539292 0.270369 0.307541 0.892978
0 0.490302 0.194074 0.248176 0.289442 0.833674
0 0.519298 0.536219 0.267418 0.302243 0.92171
0 0.489341 0.188828 0.245928 0.286203 0.872782
0 0.520665 0.539163 0.267903 0.304339 0.917228
0 0.489933 0.191863 0.248159 0.289885 0.862417
0 0.519062 0.537422 0.270219 0.306459 0.924688
0 0.48946 0.189677 0.248971 0.289211 0.866034
0 0.518836 0.537243 0.268929 0.305738 0.924602
0 0.489752 0.189436 0.247872 0.28879 0.859721
0 0.519203 0.535118 0.268017 0.307304 0.908365
0 0.489828 0.187927 0.24683 0.28754 0.833469
0 0.521095 0.537428 0.268373 0.303385 0.930641
0 0.491414 0.190233 0.247406 0.286939 0.861529
0 0.51725 0.536508 0.271045 0.3082 0.915992
0 0.488898 0.190314 0.249418 0.290743 0.849396
0 0.517094 0.536093 0.270838 0.307923 0.922069
0 0.489456 0.189805 0.24971 0.290911 0.856071
0 0.516994 0.535717 0.270468 0.308363 0.919887
0 0.489588 0.189491 0.248976 0.290482 0.855848
0 0.518462 0.53518 0.271054 0.309624 0.923312
0 0.490532 0.189456 0.2502 0.292084 0.857257
0 0.517094 0.536087 0.270846 0.307923 0.92197
0 0.489458 0.189799 0.249726 0.290912 0.855896
