0 0.48893 0.296316 0.14461 0.169265 0.963657
0 0.478185 0.295095 0.131141 0.155671 0.688878
0 0.482617 0.300741 0.131608 0.153546 0.710683
0 0.484861 0.298083 0.142877 0.166648 0.645115
0 0.485859 0.300703 0.155184 0.178395 0.634102
0 0.485686 0.296744 0.137768 0.158132 0.70617
0 0.48726 0.297291 0.13244 0.149112 0.639265
0 0.483021 0.296243 0.144399 0.165738 0.696303
0 0.484066 0.299122 0.13178 0.15533 0.711679
0 0.486577 0.298385 0.140617 0.161636 0.736515
0 0.487586 0.299346 0.143539 0.165308 0.783678
0 0.480295 0.297025 0.142001 0.166504 0.663547
0 0.481326 0.299815 0.150518 0.17354 0.698989
0 0.485507 0.296382 0.142107 0.176189 0.692263
0 0.485184 0.301654 0.147038 0.172439 0.784859
0 0.485822 0.299946 0.136359 0.161581 0.72206
0 0.484579 0.300876 0.138434 0.162378 0.731669
0 0.483467 0.297276 0.137455 0.160134 0.779332
0 0.482875 0.300888 0.142269 0.168522 0.815023
0 0.481265 0.302752 0.143945 0.168028 0.807136
0 0.486969 0.299488 0.141362 0.160038 0.760243
0 0.485072 0.298174 0.14472 0.167077 0.661475
0 0.487663 0.294486 0.153889 0.180121 0.688114
0 0.48567 0.30025 0.143863 0.166182 0.825138
0 0.485296 0.301286 0.142916 0.166713 0.783809
0 0.485111 0.306349 0.151706 0.172362 0.842124
0 0.485907 0.303968 0.141251 0.164008 0.81471
0 0.485472 0.297856 0.14796 0.17246 0.720785
0 0.485659 0.297504 0.142767 0.165677 0.68458
0 0.483724 0.300233 0.141141 0.164829 0.788623
0 0.486864 0.300317 0.146547 0.168771 0.768432
0 0.485859 0.301505 0.140342 0.163974 0.701067
0 0.485604 0.302074 0.143955 0.16569 0.76324
0 0.483744 0.300681 0.14364 0.167258 0.779677
0 0.481852 0.301316 0.146124 0.168911 0.765302
0 0.484955 0.302906 0.144364 0.168005 0.778052
0 0.485204 0.29976 0.140553 0.163105 0.811873
0 0.487159 0.301288 0.142254 0.163361 0.82412
0 0.487215 0.300863 0.14241 0.165236 0.83212
0 0.486322 0.30146 0.140534 0.162896 0.788718
0 0.484123 0.302829 0.143266 0.165706 0.774231
0 0.485149 0.301604 0.145035 0.168553 0.832641
0 0.488486 0.302061 0.152715 0.178749 0.787445
0 0.485642 0.301522 0.142395 0.165697 0.816201
0 0.485713 0.299875 0.141838 0.165417 0.851862
0 0.487919 0.299241 0.139273 0.162917 0.825869
0 0.486082 0.301429 0.13436 0.156781 0.847442
0 0.48655 0.30185 0.142211 0.164125 0.838888
0 0.488397 0.301512 0.14199 0.165007 0.782052
0 0.488964 0.30309 0.142968 0.165839 0.827489
0 0.485587 0.300844 0.147882 0.176548 0.871734
0 0.487286 0.300056 0.149019 0.174964 0.810016
0 0.48655 0.298937 0.14607 0.172204 0.840852
0 0.485251 0.302587 0.142461 0.166409 0.823004
0 0.486128 0.303597 0.148031 0.170372 0.822838
0 0.486933 0.302301 0.146795 0.172731 0.79458
0 0.48909 0.301381 0.140894 0.163506 0.826384
0 0.487726 0.301842 0.142969 0.168201 0.828404
0 0.48901 0.302027 0.141359 0.168418 0.822876
0 0.487155 0.302223 0.139299 0.161595 0.832297
0 0.487294 0.301629 0.14572 0.170269 0.838894
0 0.48551 0.302662 0.139581 0.165296 0.845776
0 0.487816 0.30233 0.143343 0.167392 0.843107
0 0.487554 0.300835 0.142706 0.167819 0.8621
0 0.486915 0.304463 0.141399 0.163601 0.795758
0 0.487369 0.302958 0.141609 0.166743 0.834091
0 0.486214 0.302564 0.143916 0.16801 0.820291
0 0.486896 0.302525 0.143352 0.166923 0.854964
0 0.484565 0.302265 0.139372 0.167353 0.847149
0 0.48617 0.302023 0.136479 0.160317 0.834931
0 0.485868 0.301135 0.141082 0.169528 0.823839
0 0.486031 0.30216 0.141397 0.165442 0.884717
0 0.486356 0.301991 0.145841 0.171128 0.815869
0 0.485098 0.303231 0.135894 0.16389 0.878432
0 0.486312 0.302553 0.141787 0.168287 0.874591
0 0.486524 0.303916 0.137809 0.164938 0.866646
0 0.487054 0.30272 0.140375 0.165949 0.854909
0 0.486851 0.301932 0.138447 0.163716 0.841652
0 0.4863 0.303481 0.141658 0.163116 0.843471
0 0.486929 0.303705 0.142447 0.166791 0.843865
0 0.485416 0.303108 0.14053 0.16455 0.823631
0 0.485859 0.303524 0.139026 0.164853 0.875506
0 0.486074 0.304364 0.137524 0.163186 0.878057
0 0.485769 0.3031 0.138805 0.164577 0.875003
0 0.485521 0.302627 0.137976 0.163971 0.877382
0 0.486456 0.302903 0.137821 0.162825 0.849589
0 0.485689 0.303523 0.138726 0.163655 0.876757
0 0.485545 0.303459 0.137864 0.163557 0.853993
0 0.486327 0.302829 0.139514 0.164785 0.880135
0 0.485804 0.30277 0.138035 0.164114 0.864058
0 0.486398 0.302983 0.138343 0.163925 0.86992
0 0.486325 0.302822 0.139511 0.164809 0.879996
