0 0.553759 0.618782 0.237368 0.273131 0.762918
0 0.376331 0.440833 0.384083 0.416632 0.682923
0 0.547803 0.436547 0.620214 0.703503 0.625479
0 0.539409 0.462096 0.623648 0.714543 0.678105
0 0.527624 0.436871 0.620142 0.718256 0.746891
0 0.523442 0.44962 0.659673 0.756665 0.629929
0 0.487814 0.422331 0.554243 0.669473 0.677993
0 0.516776 0.424415 0.63445 0.684004 0.673805
0 0.535514 0.438986 0.65074 0.73878 0.687363
0 0.518688 0.421358 0.543056 0.660847 0.659436
0 0.531437 0.440358 0.603116 0.723305 0.71271
0 0.536107 0.451247 0.688855 0.731063 0.636484
0 0.539434 0.472422 0.667571 0.759744 0.627042
0 0.529275 0.444216 0.652832 0.748627 0.637068
0 0.532208 0.453188 0.666561 0.768281 0.74559
0 0.533054 0.43531 0.647025 0.726266 0.675229
0 0.53051 0.470475 0.671258 0.77381 0.713302
0 0.497563 0.414605 0.609364 0.724249 0.672012
0 0.504159 0.444397 0.543481 0.673 0.771914
0 0.531766 0.464752 0.623796 0.700057 0.725738
0 0.513587 0.436188 0.567701 0.679456 0.768613
0 0.496226 0.427992 0.619396 0.743204 0.655593
0 0.541371 0.435965 0.623518 0.704082 0.75615
0 0.500944 0.419653 0.612309 0.744783 0.747941
0 0.526068 0.43406 0.592572 0.684395 0.761841
0 0.499357 0.454763 0.614936 0.742464 0.629793
0 0.51159 0.437798 0.762319 0.830677 0.69046
0 0.534825 0.429541 0.641127 0.744241 0.681679
0 0.527942 0.434011 0.61495 0.753112 0.731925
0 0.520618 0.461921 0.624214 0.752772 0.689873
0 0.507596 0.45975 0.705598 0.774093 0.663618
0 0.535049 0.455684 0.723477 0.814105 0.649273
0 0.516591 0.43446 0.617712 0.709265 0.722891
0 0.525078 0.469877 0.838177 0.846625 0.675779
0 0.504924 0.42911 0.618887 0.73296 0.8068
0 0.522446 0.417506 0.624574 0.739845 0.768322
0 0.523542 0.423433 0.621162 0.73797 0.782414
0 0.535176 0.416697 0.614156 0.726701 0.803778
0 0.564901 0.416717 0.791533 0.823407 0.687652
0 0.534732 0.46678 0.672321 0.766074 0.73016
0 0.538097 0.419127 0.62393 0.736387 0.786242
0 0.53479 0.423759 0.699978 0.766075 0.736135
0 0.51003 0.421546 0.621675 0.732948 0.7494
0 0.518929 0.418206 0.674931 0.767815 0.784159
0 0.525406 0.428814 0.759797 0.826724 0.742244
0 0.517298 0.422927 0.691389 0.791735 0.731229
0 0.526158 0.42019 0.640993 0.74778 0.785695
0 0.504586 0.438651 0.764313 0.788478 0.747737
0 0.527263 0.439304 0.736577 0.799965 0.749564
0 0.513786 0.427421 0.626201 0.732893 0.744925
0 0.516487 0.416238 0.63471 0.75823 0.762309
0 0.515225 0.409429 0.632656 0.751117 0.773231
0 0.537383 0.414366 0.632128 0.760384 0.77753
0 0.505296 0.426302 0.629291 0.75254 0.77091
0 0.521803 0.423027 0.627762 0.739611 0.756089
0 0.519762 0.408122 0.647138 0.774746 0.752669
0 0.527 0.414313 0.595088 0.715249 0.770924
0 0.536398 0.42903 0.766049 0.795157 0.612703
0 0.528116 0.415491 0.618411 0.74187 0.792863
0 0.511282 0.410605 0.652942 0.762371 0.784279
0 0.517313 0.415855 0.639533 0.757421 0.790191
0 0.519077 0.426119 0.642627 0.72675 0.792831
0 0.518304 0.430871 0.628992 0.717255 0.791415
0 0.5244 0.40894 0.629293 0.743567 0.786132
0 0.523917 0.408472 0.632013 0.743176 0.765824
0 0.523019 0.407848 0.648057 0.755452 0.754326
0 0.525813 0.407696 0.646995 0.778164 0.781443
0 0.51997 0.432413 0.712977 0.807483 0.793169
0 0.53279 0.405727 0.607415 0.742913 0.795101
0 0.527748 0.416259 0.627214 0.752791 0.778666
0 0.529063 0.415754 0.630418 0.748189 0.77885
0 0.516067 0.418683 0.627159 0.734619 0.78754
0 0.524499 0.414471 0.633861 0.7493 0.813421
0 0.525362 0.419586 0.634806 0.744786 0.817527
0 0.521771 0.425242 0.650368 0.755316 0.815494
0 0.529613 0.419422 0.657888 0.751083 0.804258
0 0.520319 0.415078 0.644695 0.754036 0.832297
0 0.523838 0.417952 0.641174 0.756459 0.818545
0 0.517512 0.41418 0.638608 0.752416 0.84126
0 0.523739 0.418952 0.643678 0.752897 0.837314
0 0.525096 0.417526 0.635445 0.750373 0.833564
0 0.517485 0.414172 0.638561 0.752408 0.841413
