0 0.50591 0.499948 0.531988 0.605414 0.764411
0 0.501637 0.506572 0.571007 0.59185 0.699497
0 0.499411 0.507513 0.620562 0.607063 0.631582
0 0.495015 0.501955 0.491312 0.608282 0.725713
0 0.473824 0.505081 0.453778 0.557093 0.7528
0 0.512813 0.500774 0.545537 0.628459 0.779903
0 0.503087 0.494622 0.587098 0.633601 0.780971
0 0.511429 0.488423 0.464491 0.583635 0.855742
0 0.482485 0.499975 0.595895 0.669288 0.779442
0 0.514572 0.486398 0.531185 0.664434 0.682969
0 0.504849 0.480837 0.46225 0.591013 0.786526
0 0.497811 0.503775 0.508032 0.574492 0.790211
0 0.526691 0.499843 0.544292 0.641379 0.799619
0 0.507799 0.484948 0.521585 0.615957 0.689526
0 0.518932 0.492043 0.491603 0.59769 0.749865
0 0.511891 0.506777 0.570058 0.65363 0.739241
0 0.505239 0.495513 0.597883 0.685085 0.669886
0 0.516242 0.516045 0.561117 0.655352 0.764967
0 0.520148 0.476564 0.557334 0.648096 0.672849
0 0.542287 0.483874 0.498956 0.606264 0.736498
0 0.515533 0.488899 0.583542 0.638373 0.78305
0 0.490714 0.487923 0.502163 0.5853 0.698121
0 0.515012 0.500519 0.533688 0.616439 0.747707
0 0.524041 0.500054 0.551838 0.622167 0.769508
0 0.517929 0.488241 0.511243 0.578722 0.821737
0 0.512171 0.499894 0.521097 0.61431 0.783043
0 0.537481 0.496001 0.52934 0.616689 0.845437
0 0.503786 0.49458 0.522788 0.60599 0.704638
0 0.511806 0.504998 0.516001 0.593682 0.833194
0 0.542158 0.49591 0.510868 0.598027 0.806628
0 0.518475 0.502358 0.488808 0.602835 0.677194
0 0.493549 0.4947 0.575062 0.636984 0.710606
0 0.528803 0.510226 0.488451 0.595948 0.763168
0 0.529926 0.496422 0.534213 0.646961 0.76859
0 0.531025 0.51104 0.549417 0.641693 0.74516
0 0.523367 0.503394 0.54346 0.628476 0.760285
0 0.520803 0.498923 0.544785 0.643598 0.768494
0 0.515972 0.496984 0.547605 0.629147 0.799876
0 0.525423 0.494947 0.523964 0.628033 0.868219
0 0.519665 0.496149 0.529141 0.586419 0.806226
0 0.520953 0.490513 0.545447 0.63991 0.821582
0 0.524998 0.483432 0.532244 0.639234 0.855598
0 0.517466 0.497038 0.512667 0.597209 0.818997
0 0.536081 0.489843 0.541404 0.650308 0.804006
0 0.509563 0.484965 0.567216 0.640489 0.775086
0 0.514357 0.494891 0.523396 0.633983 0.781152
0 0.521698 0.499855 0.532839 0.633502 0.836725
0 0.515149 0.489499 0.50764 0.621491 0.856582
0 0.510006 0.493068 0.569468 0.66843 0.819698
0 0.534332 0.49502 0.525787 0.616713 0.846704
0 0.510642 0.476735 0.54946 0.6447 0.794696
0 0.552563 0.485882 0.5697 0.64185 0.800223
0 0.523373 0.516258 0.53165 0.61777 0.804038
0 0.514187 0.490346 0.550218 0.660354 0.81217
0 0.521074 0.482998 0.539062 0.626674 0.797222
0 0.524032 0.490615 0.556878 0.631942 0.817635
0 0.508395 0.484232 0.538424 0.643422 0.785446
0 0.53272 0.493334 0.553678 0.646277 0.804752
0 0.532852 0.491194 0.537121 0.63695 0.821512
0 0.533074 0.491455 0.526663 0.626377 0.81138
0 0.525694 0.47953 0.533525 0.629459 0.819107
0 0.524767 0.479504 0.546771 0.643081 0.822279
0 0.523758 0.494393 0.557851 0.657099 0.776662
0 0.520911 0.497833 0.555127 0.637692 0.83468
0 0.52656 0.5048 0.533573 0.62902 0.842849
0 0.522528 0.487924 0.536164 0.637164 0.822078
0 0.529506 0.486547 0.546609 0.636323 0.812591
0 0.528217 0.48739 0.53952 0.635276 0.820987
0 0.533555 0.49294 0.53911 0.634458 0.843412
0 0.520193 0.502144 0.558048 0.639373 0.833233
0 0.531669 0.492963 0.539008 0.63131 0.832428
0 0.525814 0.498454 0.555347 0.644071 0.842662
0 0.528793 0.500982 0.534872 0.62575 0.851572
0 0.528162 0.499778 0.538014 0.619201 0.843412
0 0.531467 0.499432 0.540493 0.630403 0.861767
0 0.534286 0.499143 0.547378 0.630875 0.865706
0 0.527751 0.498575 0.552075 0.64432 0.856809
0 0.52982 0.491322 0.554054 0.6409 0.835115
0 0.525715 0.493119 0.557211 0.642897 0.860911
0 0.530839 0.495327 0.548019 0.641519 0.852026
0 0.526899 0.495509 0.542306 0.632022 0.876493
0 0.52965 0.497218 0.551968 0.644158 0.873541
0 0.532386 0.495175 0.54403 0.636741 0.87367
0 0.526862 0.495493 0.542268 0.631971 0.876702
