0 0.188537 0.732038 0.179267 0.195684 0.688818
0 0.191418 0.727805 0.1707 0.188202 0.742661
0 0.192273 0.732891 0.175532 0.193919 0.638886
0 0.382725 0.146126 0.290613 0.292251 0.648696
0 0.196921 0.726599 0.166715 0.180937 0.609952
0 0.192578 0.727905 0.166109 0.187897 0.788578
0 0.197378 0.734206 0.150344 0.171689 0.643877
0 0.196238 0.730493 0.158513 0.180771 0.66074
0 0.197765 0.724886 0.162558 0.186002 0.661018
0 0.196554 0.733907 0.174756 0.194003 0.61779
0 0.189597 0.735748 0.179019 0.203781 0.636112
0 0.194181 0.733494 0.16678 0.191714 0.714305
0 0.196981 0.734927 0.156943 0.180535 0.749428
0 0.191774 0.73547 0.179488 0.202026 0.612921
0 0.197457 0.731466 0.165544 0.189145 0.610157
0 0.193382 0.72689 0.174255 0.194589 0.604253
0 0.195534 0.728515 0.16215 0.183567 0.715004
0 0.197658 0.730116 0.160346 0.183415 0.647018
0 0.196347 0.735651 0.157051 0.18425 0.693555
0 0.19836 0.730594 0.158254 0.185064 0.693498
0 0.196847 0.73164 0.161952 0.186473 0.617351
0 0.19576 0.729895 0.162096 0.187114 0.701276
0 0.194298 0.732005 0.156761 0.179597 0.705236
0 0.197064 0.732018 0.163819 0.189281 0.680319
0 0.198168 0.729002 0.157723 0.182471 0.658754
0 0.192766 0.733526 0.159448 0.185663 0.640478
0 0.195622 0.732819 0.158693 0.181549 0.642704
0 0.198183 0.729933 0.158796 0.183285 0.666617
0 0.195966 0.732237 0.166007 0.187211 0.660146
0 0.196791 0.733624 0.155985 0.1771 0.662589
0 0.199356 0.732307 0.156785 0.180162 0.785952
0 0.19586 0.732894 0.160049 0.182935 0.621812
0 0.196957 0.732682 0.160383 0.185708 0.610171
0 0.197396 0.731364 0.167718 0.188375 0.720379
0 0.197197 0.733396 0.155264 0.179441 0.784922
0 0.198802 0.731484 0.156132 0.178672 0.754325
0 0.197563 0.73235 0.156501 0.181509 0.644212
0 0.198418 0.734531 0.158283 0.181187 0.786826
0 0.195665 0.735114 0.161352 0.18596 0.640389
0 0.198732 0.733077 0.158862 0.184132 0.733058
0 0.197659 0.73416 0.162749 0.187281 0.722468
0 0.198147 0.734313 0.158843 0.183755 0.762898
0 0.198107 0.733654 0.159177 0.184988 0.707507
0 0.197499 0.733781 0.161118 0.186507 0.739562
0 0.196002 0.736008 0.161928 0.186339 0.734695
0 0.197987 0.73423 0.163797 0.18767 0.722244
0 0.196892 0.73427 0.159151 0.182958 0.672955
0 0.198009 0.735041 0.160476 0.185851 0.705203
0 0.197932 0.737139 0.156742 0.180141 0.733122
0 0.19796 0.734889 0.162022 0.186244 0.707923
0 0.197485 0.734753 0.163102 0.188426 0.722166
0 0.198152 0.734577 0.162067 0.187281 0.679568
0 0.196364 0.736102 0.16185 0.186702 0.73343
0 0.19627 0.734451 0.160848 0.186649 0.721835
0 0.196208 0.735502 0.161404 0.1865 0.745934
0 0.196663 0.73524 0.160269 0.185325 0.713657
0 0.197116 0.735195 0.160571 0.186166 0.71959
0 0.19621 0.735479 0.1614 0.186484 0.745336
