0 0.411734 0.572271 0.124586 0.157103 0.880283
0 0.52648 0.701418 0.199757 0.245889 0.839115
0 0.543083 0.681673 0.172521 0.189453 0.654924
0 0.581598 0.323412 0.133731 0.159094 0.690164
0 0.403429 0.574755 0.109907 0.127856 0.612271
0 0.39985 0.572115 0.123599 0.147773 0.682227
0 0.586527 0.31555 0.142679 0.173619 0.654121
0 0.440691 0.385753 0.129803 0.160506 0.609813
0 0.401917 0.580375 0.117401 0.139381 0.845912
0 0.53943 0.448588 0.0922773 0.115257 0.770926
0 0.443118 0.389703 0.136522 0.161839 0.740853
0 0.541867 0.441885 0.0926214 0.109346 0.658714
0 0.446706 0.386428 0.131288 0.162853 0.729474
0 0.339206 0.344209 0.166035 0.193931 0.621629
0 0.541405 0.445847 0.0904779 0.110579 0.619761
0 0.586759 0.31564 0.156751 0.185508 0.667525
0 0.539715 0.44732 0.0897653 0.108481 0.659431
0 0.400688 0.574412 0.113932 0.130506 0.652606
0 0.397499 0.576291 0.0977486 0.118907 0.7
0 0.538903 0.441802 0.0875248 0.102373 0.661899
0 0.582884 0.315539 0.128913 0.166731 0.630324
0 0.44341 0.383708 0.117221 0.137065 0.600026
0 0.588186 0.316447 0.143371 0.17406 0.645536
0 0.445666 0.383868 0.129886 0.15363 0.621575
0 0.586813 0.316421 0.143609 0.171682 0.611077
0 0.588572 0.315852 0.149803 0.175551 0.63715
0 0.403634 0.573467 0.121199 0.140074 0.631386
0 0.450401 0.387534 0.13817 0.170178 0.628763
0 0.403427 0.574032 0.111959 0.132986 0.678354
0 0.447655 0.382712 0.137748 0.16615 0.688236
0 0.591617 0.314472 0.149052 0.179556 0.613284
0 0.54411 0.446291 0.107207 0.123729 0.717949
0 0.586359 0.319999 0.148884 0.170722 0.703199
0 0.403094 0.576673 0.112687 0.133259 0.681504
0 0.444162 0.389738 0.128586 0.148975 0.680835
0 0.446568 0.38644 0.125006 0.149081 0.706184
0 0.542568 0.446805 0.102701 0.121152 0.679409
0 0.590361 0.318309 0.15 0.17757 0.627162
0 0.448349 0.386191 0.135455 0.16148 0.607267
0 0.40186 0.574086 0.122809 0.144608 0.606145
0 0.447707 0.385069 0.138216 0.166334 0.679175
0 0.404044 0.574863 0.124397 0.146347 0.634215
0 0.342251 0.343092 0.165419 0.198344 0.622413
0 0.589244 0.316379 0.150544 0.175992 0.658541
0 0.403255 0.573426 0.12014 0.135982 0.651168
0 0.539114 0.44508 0.108375 0.122704 0.640423
0 0.339789 0.344456 0.177633 0.203656 0.63369
0 0.58765 0.318519 0.146811 0.168236 0.661209
0 0.401118 0.57533 0.126424 0.149533 0.62629
0 0.542776 0.446724 0.107403 0.124778 0.669092
0 0.405061 0.58127 0.113763 0.13806 0.616044
0 0.586835 0.318219 0.146294 0.164423 0.637535
0 0.542382 0.444462 0.095772 0.114527 0.618435
0 0.588309 0.316802 0.139591 0.16553 0.662102
0 0.542153 0.444045 0.109972 0.126889 0.625375
0 0.404073 0.572845 0.133492 0.151757 0.621467
0 0.337194 0.337465 0.178409 0.211442 0.726897
0 0.585761 0.316523 0.144028 0.167356 0.712579
0 0.403864 0.572103 0.115488 0.13764 0.707075
0 0.541566 0.441482 0.100022 0.119561 0.634757
0 0.584926 0.31879 0.151467 0.175474 0.684186
0 0.405964 0.576096 0.127034 0.148582 0.66905
0 0.542561 0.447015 0.108362 0.125368 0.662054
0 0.445681 0.387033 0.130846 0.150373 0.650492
0 0.342691 0.346518 0.165811 0.201294 0.645045
0 0.407034 0.580498 0.12009 0.139788 0.726282
0 0.543832 0.447827 0.099961 0.113755 0.697823
0 0.444902 0.391471 0.123189 0.142708 0.617425
0 0.544996 0.44513 0.10176 0.117997 0.629894
0 0.408613 0.571921 0.125733 0.149937 0.602123
0 0.542401 0.446626 0.103359 0.123181 0.652193
0 0.543389 0.445907 0.107857 0.123042 0.67265
0 0.590836 0.31432 0.147541 0.174787 0.669327
0 0.442424 0.383401 0.127382 0.146152 0.663718
0 0.405382 0.574447 0.129377 0.149891 0.653952
0 0.342765 0.343894 0.16373 0.193654 0.649655
0 0.590389 0.317719 0.147705 0.17086 0.671724
0 0.340993 0.346785 0.165695 0.19751 0.63573
0 0.330901 0.339337 0.174206 0.218037 0.620047
0 0.588489 0.315206 0.149893 0.173624 0.649358
0 0.338665 0.345701 0.176485 0.206384 0.697903
0 0.589041 0.318265 0.15175 0.175101 0.657388
0 0.402267 0.577844 0.124912 0.145048 0.654622
0 0.541743 0.444806 0.10964 0.124966 0.653438
0 0.591766 0.316521 0.152912 0.179415 0.68059
0 0.543267 0.444339 0.105719 0.124306 0.667466
0 0.405433 0.575149 0.123119 0.146781 0.643203
0 0.445913 0.38596 0.130865 0.154456 0.640632
0 0.339156 0.342939 0.171036 0.205719 0.616984
0 0.544378 0.444672 0.104076 0.121555 0.676223
0 0.405651 0.5762 0.123887 0.143877 0.663314
0 0.590171 0.318049 0.148023 0.173637 0.643829
0 0.339917 0.34307 0.169893 0.193817 0.619709
0 0.587859 0.316368 0.151572 0.17505 0.632481
0 0.587321 0.319555 0.14455 0.169009 0.717075
0 0.402778 0.578108 0.128698 0.14969 0.686922
0 0.542376 0.447536 0.10371 0.122538 0.673547
0 0.442467 0.390063 0.125623 0.147009 0.663576
0 0.341431 0.348613 0.160211 0.186891 0.603493
0 0.40487 0.576461 0.126572 0.144969 0.703577
0 0.585505 0.317387 0.150679 0.177313 0.666312
0 0.337736 0.345565 0.173127 0.198299 0.655851
0 0.542614 0.445822 0.111069 0.128437 0.645318
0 0.338995 0.34566 0.167644 0.197408 0.621977
0 0.592044 0.316755 0.152938 0.178333 0.696537
0 0.54519 0.443692 0.110621 0.131034 0.627688
0 0.408309 0.574276 0.131976 0.162925 0.620577
0 0.341563 0.347485 0.173685 0.204112 0.616292
0 0.589593 0.31657 0.150332 0.175644 0.639844
0 0.404764 0.574249 0.129891 0.151091 0.601991
0 0.587749 0.316055 0.14842 0.172903 0.721032
0 0.33843 0.344414 0.162999 0.18999 0.64121
0 0.402221 0.576277 0.137643 0.159443 0.613813
0 0.341538 0.342428 0.171755 0.205188 0.695855
0 0.403938 0.574231 0.13627 0.162849 0.645751
0 0.542108 0.444797 0.105031 0.121449 0.644053
0 0.593109 0.31498 0.154421 0.179658 0.643927
0 0.593143 0.317572 0.146191 0.169679 0.68992
0 0.338141 0.345581 0.170817 0.198285 0.663611
0 0.543632 0.444262 0.102347 0.11918 0.621662
0 0.445049 0.387473 0.132072 0.153188 0.608247
0 0.405337 0.573899 0.132013 0.15539 0.607745
0 0.591053 0.31599 0.144661 0.166488 0.662521
0 0.544337 0.444382 0.105252 0.121712 0.655578
0 0.591496 0.317956 0.144175 0.168765 0.659541
0 0.545869 0.445289 0.101844 0.118645 0.641229
0 0.408506 0.574016 0.122754 0.14534 0.610822
0 0.593843 0.316257 0.152895 0.180143 0.636087
0 0.40587 0.577681 0.138893 0.160317 0.619661
0 0.540895 0.447986 0.104326 0.120808 0.715623
0 0.338948 0.347116 0.168288 0.195252 0.662014
0 0.401114 0.576912 0.133255 0.154739 0.649663
0 0.589024 0.318534 0.146697 0.171397 0.622197
0 0.592498 0.317466 0.14687 0.169715 0.687697
0 0.541817 0.445598 0.107207 0.12535 0.677303
0 0.404022 0.575542 0.13257 0.152875 0.654839
0 0.334883 0.34314 0.170211 0.204183 0.601122
0 0.542847 0.444896 0.103336 0.118551 0.625728
0 0.40276 0.576653 0.124976 0.145463 0.669754
0 0.591721 0.316513 0.146405 0.170137 0.660549
0 0.335498 0.343591 0.172698 0.196916 0.642511
0 0.540429 0.446515 0.105994 0.124486 0.631253
0 0.541628 0.445528 0.102912 0.121599 0.647499
0 0.59084 0.31712 0.142993 0.170079 0.616435
0 0.542968 0.444893 0.105763 0.121616 0.738563
0 0.596179 0.314306 0.153056 0.178263 0.699798
0 0.339735 0.346066 0.164144 0.192406 0.668598
0 0.403041 0.573231 0.138712 0.161288 0.645134
0 0.446075 0.385291 0.137757 0.161071 0.62122
0 0.541398 0.44597 0.103972 0.120507 0.694181
0 0.595508 0.315845 0.15321 0.18027 0.655052
0 0.598717 0.314398 0.148551 0.175769 0.744793
0 0.341145 0.343612 0.167868 0.198173 0.725351
0 0.541786 0.446104 0.106203 0.121763 0.718549
0 0.442553 0.386095 0.131058 0.153075 0.601102
0 0.59342 0.31859 0.146 0.170552 0.657766
0 0.59418 0.317399 0.147732 0.173379 0.7184
0 0.337326 0.346687 0.169979 0.19533 0.65555
0 0.541769 0.446847 0.102339 0.117477 0.620934
0 0.542847 0.44536 0.105844 0.122218 0.663734
0 0.598346 0.31513 0.148065 0.17397 0.65139
0 0.544088 0.446612 0.102703 0.118868 0.700353
0 0.596258 0.317064 0.148076 0.172342 0.671454
0 0.406623 0.574877 0.128332 0.148118 0.62229
0 0.594262 0.31695 0.143704 0.169507 0.668603
0 0.543212 0.446502 0.102047 0.116934 0.653291
0 0.336547 0.344006 0.169172 0.196595 0.604075
0 0.542825 0.444881 0.103028 0.117469 0.688374
0 0.595862 0.314239 0.150472 0.178744 0.65405
0 0.331935 0.34111 0.176923 0.204303 0.643725
0 0.402037 0.573647 0.135817 0.154532 0.628473
0 0.594604 0.314097 0.147507 0.173059 0.602948
0 0.59419 0.315998 0.14955 0.174926 0.67825
0 0.54249 0.445553 0.0997265 0.115398 0.674868
0 0.543846 0.446537 0.0989206 0.114205 0.707387
0 0.593569 0.316422 0.143846 0.170997 0.643005
0 0.591408 0.316049 0.145368 0.168985 0.640608
0 0.596211 0.315971 0.147116 0.175569 0.607121
0 0.591697 0.315552 0.144133 0.169642 0.675596
0 0.54326 0.445796 0.101187 0.117399 0.650994
0 0.591295 0.315879 0.144817 0.16988 0.655109
0 0.543322 0.445543 0.101924 0.118154 0.623607
0 0.542917 0.446537 0.104136 0.119835 0.601894
