0 0.439909 0.274905 0.211798 0.242373 0.876629
0 0.399257 0.403107 0.397667 0.425991 0.768661
0 0.428917 0.304634 0.319105 0.351246 0.615522
0 0.446179 0.276069 0.24241 0.286962 0.724169
0 0.450849 0.288016 0.23456 0.269724 0.621789
0 0.451155 0.277408 0.254566 0.287005 0.671674
0 0.445935 0.284288 0.238084 0.28168 0.690573
0 0.447091 0.277102 0.257545 0.312493 0.620771
0 0.448646 0.28714 0.237852 0.274958 0.626739
0 0.445184 0.27634 0.249367 0.291041 0.7237
0 0.439577 0.285688 0.26667 0.304467 0.781925
0 0.452908 0.282168 0.232598 0.26977 0.796873
0 0.450881 0.287906 0.250212 0.299109 0.72969
0 0.437123 0.281296 0.256656 0.287239 0.674825
0 0.455925 0.269361 0.221638 0.268225 0.800665
0 0.447112 0.283913 0.235453 0.27922 0.728119
0 0.445936 0.289425 0.262271 0.299262 0.756461
0 0.440686 0.282598 0.242188 0.29333 0.670297
0 0.449328 0.278402 0.232968 0.259708 0.708577
0 0.450957 0.276262 0.251766 0.295509 0.75548
0 0.446791 0.279805 0.258797 0.301818 0.811696
0 0.439794 0.280192 0.261818 0.306129 0.751212
0 0.446017 0.280171 0.251273 0.293114 0.771237
0 0.43133 0.281784 0.261557 0.300579 0.665817
0 0.453287 0.277729 0.262569 0.310474 0.66893
0 0.43841 0.283418 0.262025 0.305282 0.632759
0 0.445395 0.274037 0.252588 0.290582 0.777338
0 0.450185 0.278956 0.259588 0.297543 0.725271
0 0.444026 0.276092 0.252559 0.288967 0.720582
0 0.45265 0.279262 0.240338 0.286938 0.676732
0 0.440103 0.276512 0.24061 0.290205 0.798496
0 0.446839 0.276778 0.256066 0.301619 0.79556
0 0.452101 0.275233 0.253137 0.288764 0.783172
0 0.456393 0.282484 0.255779 0.29508 0.7866
0 0.448341 0.271088 0.238738 0.277665 0.745968
0 0.446763 0.272971 0.243974 0.279892 0.81781
0 0.448195 0.27651 0.250955 0.28673 0.73499
0 0.455124 0.286245 0.260663 0.292907 0.762212
0 0.454702 0.284639 0.257725 0.300088 0.781493
0 0.454493 0.277904 0.252858 0.293062 0.7434
0 0.45418 0.279508 0.259655 0.298564 0.810808
0 0.454961 0.281421 0.252264 0.290593 0.839089
0 0.456422 0.276149 0.251578 0.29182 0.808472
0 0.460353 0.280794 0.252971 0.294638 0.75437
0 0.461314 0.277396 0.257271 0.295468 0.795585
0 0.459256 0.273253 0.253493 0.293616 0.795442
0 0.454505 0.277256 0.253482 0.294962 0.784632
0 0.455481 0.27614 0.251223 0.29572 0.825774
0 0.453578 0.274599 0.258831 0.301542 0.771353
0 0.450565 0.275661 0.269684 0.309695 0.81642
0 0.454831 0.27752 0.25463 0.296969 0.773003
0 0.451713 0.277402 0.25861 0.2954 0.8255
0 0.451472 0.277303 0.258297 0.295217 0.785342
0 0.449679 0.278433 0.269686 0.31216 0.799916
0 0.455905 0.27625 0.259317 0.298375 0.810391
0 0.454389 0.278708 0.2585 0.295885 0.776784
0 0.453324 0.2763 0.259772 0.297749 0.785442
0 0.452983 0.278165 0.261858 0.306558 0.738578
0 0.455048 0.275923 0.252332 0.291454 0.785634
0 0.455173 0.276492 0.261427 0.299385 0.755189
0 0.457477 0.272365 0.260958 0.303597 0.786458
0 0.456013 0.277252 0.260271 0.306282 0.817656
0 0.457605 0.277319 0.257623 0.296454 0.783939
0 0.45576 0.276334 0.255595 0.292796 0.781802
0 0.457876 0.276186 0.261564 0.297709 0.840644
0 0.455728 0.273734 0.260624 0.300619 0.837564
0 0.450612 0.274432 0.262862 0.300805 0.816711
0 0.455563 0.275852 0.256022 0.293151 0.868503
0 0.453921 0.276029 0.260302 0.299596 0.801899
0 0.455337 0.27693 0.260211 0.295497 0.807857
0 0.452883 0.275337 0.263322 0.305057 0.812099
0 0.453618 0.275381 0.261006 0.301819 0.823629
0 0.454997 0.276709 0.258558 0.296104 0.801656
0 0.453677 0.274071 0.259297 0.294482 0.8163
0 0.455002 0.273649 0.256618 0.295404 0.842893
0 0.457003 0.275638 0.257813 0.293247 0.841963
0 0.451781 0.275767 0.260675 0.297719 0.834661
0 0.453675 0.27881 0.260311 0.301222 0.807718
0 0.456342 0.276341 0.256903 0.294017 0.842476
0 0.454212 0.277524 0.253296 0.292912 0.833484
0 0.454344 0.275805 0.253739 0.292373 0.818555
0 0.452459 0.278786 0.258364 0.29957 0.814651
0 0.454397 0.275796 0.256331 0.295602 0.795742
0 0.454982 0.278456 0.255272 0.293478 0.821907
0 0.454524 0.277993 0.25621 0.294547 0.81246
0 0.453619 0.277159 0.255434 0.293819 0.823565
0 0.454484 0.277267 0.254173 0.292945 0.820563
0 0.455145 0.276935 0.254886 0.294097 0.827566
0 0.45361 0.277152 0.255416 0.2938 0.823227
