0 0.274066 0.423894 0.0912249 0.109142 0.711484
0 0.274392 0.421483 0.0866943 0.106 0.679382
0 0.275677 0.419129 0.0851737 0.113996 0.633423
0 0.276495 0.419981 0.0888954 0.10456 0.682431
0 0.275047 0.419598 0.0855743 0.104194 0.803499
0 0.839029 0.265813 0.0862676 0.0977845 0.666106
0 0.498853 0.123218 0.0781968 0.0881745 0.64226
0 0.18418 0.298373 0.0783003 0.0927143 0.6317
0 0.389853 0.291202 0.0829999 0.0944113 0.605433
0 0.519082 0.494745 0.0797754 0.0929187 0.600277
0 0.276213 0.420521 0.10073 0.110318 0.778817
0 0.388426 0.291951 0.08951 0.104171 0.66473
0 0.18482 0.297323 0.0910492 0.104516 0.641339
0 0.516671 0.487667 0.0833257 0.0981184 0.616458
0 0.498391 0.126368 0.0830094 0.101711 0.608417
0 0.638929 0.0851344 0.0841252 0.0969026 0.606208
0 0.270061 0.421678 0.0889361 0.106582 0.681327
0 0.787761 0.0822129 0.0757365 0.0877046 0.619387
0 0.18149 0.297021 0.0815788 0.0975674 0.603689
0 0.500273 0.120548 0.0777844 0.0939646 0.648235
0 0.387904 0.291638 0.0814095 0.0991632 0.640603
0 0.27407 0.419885 0.0904703 0.111258 0.63684
0 0.184734 0.296129 0.0782833 0.101154 0.618037
0 0.734724 0.471689 0.0844443 0.108125 0.615116
0 0.79169 0.080973 0.0747999 0.0950713 0.608876
0 0.27486 0.418726 0.100743 0.116178 0.693587
0 0.517623 0.491501 0.0862795 0.104404 0.651194
0 0.27264 0.419685 0.0909737 0.102725 0.773878
0 0.181584 0.294596 0.0734953 0.0808826 0.74367
0 0.387128 0.29284 0.0740995 0.0808088 0.740279
0 0.515296 0.492633 0.0759543 0.0796424 0.728841
0 0.581084 0.235901 0.0669365 0.081826 0.715018
0 0.835232 0.267363 0.07451 0.0802674 0.687314
0 0.633646 0.0841406 0.0623962 0.0775459 0.685046
0 0.495462 0.121399 0.0710934 0.0796559 0.661715
0 0.788067 0.0796383 0.073496 0.0759848 0.660258
0 0.736645 0.482153 0.0738137 0.0757461 0.636091
0 0.277482 0.422051 0.101324 0.11411 0.778148
0 0.581687 0.235556 0.0882119 0.104681 0.725472
0 0.49742 0.122282 0.0822171 0.0915027 0.710371
0 0.184435 0.29402 0.0844442 0.100523 0.708043
0 0.637099 0.0850376 0.07981 0.0956719 0.675167
0 0.387841 0.293829 0.0797161 0.0933333 0.663119
0 0.838434 0.267847 0.0840462 0.095874 0.640975
0 0.516112 0.498152 0.0717942 0.0852798 0.629439
0 0.788891 0.0825311 0.079171 0.0955652 0.604701
0 0.274565 0.420032 0.0981718 0.111009 0.766659
0 0.585236 0.238194 0.0858656 0.100784 0.669149
0 0.388514 0.290973 0.076132 0.09398 0.666741
0 0.638583 0.0875979 0.0757777 0.0895962 0.663919
0 0.497613 0.123855 0.0783182 0.0891711 0.659421
0 0.738129 0.478616 0.0834917 0.0973535 0.646174
0 0.790814 0.084092 0.0759035 0.0909617 0.620797
0 0.279668 0.424436 0.0971761 0.117042 0.746177
0 0.390487 0.291646 0.0763227 0.0903868 0.697138
0 0.186446 0.300116 0.0836139 0.103807 0.6774
0 0.498632 0.123727 0.0792081 0.0915874 0.648574
0 0.642097 0.087859 0.0875756 0.0978698 0.644459
0 0.586109 0.23899 0.089179 0.103767 0.615045
0 0.520021 0.493912 0.0762048 0.0893515 0.608605
0 0.273615 0.420097 0.0999941 0.113308 0.707205
0 0.790085 0.0816554 0.0745604 0.0902205 0.68599
0 0.6376 0.0867275 0.0766836 0.0941207 0.664023
0 0.580803 0.237445 0.0788734 0.10173 0.650677
0 0.389196 0.291258 0.0739675 0.0872812 0.639637
0 0.496347 0.121128 0.0772647 0.09285 0.632155
0 0.517607 0.497387 0.0686395 0.0827153 0.610089
0 0.73915 0.47308 0.0871955 0.106634 0.60132
0 0.390979 0.290213 0.0752892 0.0899645 0.624584
0 0.276321 0.42113 0.102549 0.11532 0.614069
0 0.273643 0.422562 0.103359 0.1193 0.744295
0 0.39057 0.291246 0.0791134 0.0921894 0.600831
0 0.277228 0.423627 0.100515 0.11682 0.863511
0 0.584364 0.238055 0.0871135 0.102491 0.77613
0 0.391143 0.29323 0.0817568 0.0911024 0.721854
0 0.640628 0.0892956 0.08535 0.0982 0.721577
0 0.184328 0.29648 0.0822541 0.10101 0.704134
0 0.500066 0.124042 0.0829517 0.0933093 0.700247
0 0.520048 0.496393 0.0779181 0.0907463 0.675759
0 0.741821 0.474267 0.0898932 0.10853 0.642806
0 0.790914 0.0817398 0.0818438 0.0966354 0.623469
0 0.274234 0.421533 0.10006 0.113482 0.738692
0 0.182569 0.297358 0.0873527 0.104487 0.706323
0 0.497855 0.12441 0.0808286 0.0953879 0.659094
0 0.636921 0.0861452 0.0823841 0.098259 0.62078
0 0.78976 0.081832 0.0797945 0.0959784 0.619471
0 0.520525 0.495206 0.0777602 0.0915266 0.612061
0 0.274664 0.421061 0.101578 0.11285 0.81247
0 0.581092 0.236022 0.0795339 0.0953488 0.682723
0 0.184086 0.297173 0.0860675 0.102586 0.673996
0 0.496559 0.123885 0.0798537 0.0931087 0.663068
0 0.738947 0.472942 0.0957073 0.108099 0.658778
0 0.635838 0.0864938 0.0811075 0.0925617 0.647614
0 0.517346 0.492833 0.0858601 0.0962879 0.621905
0 0.38944 0.288995 0.0810394 0.0925939 0.615258
0 0.836641 0.261603 0.0968159 0.111063 0.609524
0 0.788408 0.0782584 0.0817838 0.0941858 0.604953
0 0.276503 0.422302 0.0987472 0.113684 0.735129
0 0.582622 0.236855 0.0866885 0.0997335 0.659579
0 0.636967 0.0869061 0.0803943 0.0942132 0.63282
0 0.391052 0.291466 0.0818975 0.0955344 0.630299
0 0.520111 0.495855 0.0789013 0.0913713 0.601955
0 0.274581 0.420722 0.100583 0.117971 0.771735
0 0.186117 0.296505 0.0850477 0.103627 0.686606
0 0.499699 0.122071 0.0743778 0.0892077 0.624988
0 0.520441 0.491563 0.0775935 0.0910402 0.622163
0 0.637605 0.0858487 0.0767029 0.0942004 0.6005
0 0.273501 0.422705 0.0954349 0.11256 0.744189
0 0.519877 0.492726 0.0804284 0.093374 0.672327
0 0.182745 0.299077 0.0833008 0.103681 0.647506
0 0.636871 0.0893185 0.0798371 0.0960715 0.641926
0 0.580767 0.23621 0.0857375 0.100767 0.634442
0 0.738128 0.472005 0.0941978 0.114806 0.608233
0 0.275079 0.422105 0.101016 0.111812 0.779368
0 0.184952 0.297806 0.0931574 0.108984 0.744826
0 0.636569 0.088709 0.0840661 0.094966 0.686218
0 0.583347 0.238231 0.0892721 0.103952 0.678024
0 0.499839 0.124971 0.0844844 0.0957489 0.664263
0 0.738375 0.4741 0.0938811 0.106713 0.662996
0 0.519814 0.494926 0.0812578 0.0945678 0.635135
0 0.839685 0.266535 0.0869386 0.0978882 0.631546
0 0.390276 0.292158 0.0812029 0.0940946 0.626706
0 0.274783 0.420673 0.0972569 0.109723 0.748897
0 0.581107 0.235958 0.0856616 0.0994325 0.713123
0 0.636489 0.0877732 0.0796063 0.0953212 0.678861
0 0.389957 0.289226 0.0840108 0.100629 0.649232
0 0.519486 0.490449 0.0851846 0.10125 0.634238
0 0.837933 0.258952 0.095202 0.11281 0.624681
0 0.499736 0.122869 0.0831218 0.0933762 0.612576
0 0.789555 0.0813141 0.0848199 0.0994345 0.606677
0 0.277027 0.419096 0.098532 0.109221 0.704735
0 0.183516 0.296909 0.0855621 0.103775 0.64576
0 0.582365 0.234907 0.089816 0.102625 0.608231
0 0.499921 0.123005 0.0843474 0.095001 0.602117
0 0.637401 0.086215 0.079698 0.0926688 0.600835
0 0.276624 0.419597 0.101423 0.111878 0.734622
0 0.18419 0.295673 0.0931941 0.108936 0.70247
0 0.50018 0.122101 0.0873026 0.0998045 0.675096
0 0.737843 0.471546 0.0949456 0.109287 0.658896
0 0.638264 0.0861828 0.0865641 0.0976574 0.626442
0 0.583108 0.23354 0.0917897 0.10567 0.626046
0 0.390573 0.289176 0.0835429 0.0951614 0.610678
0 0.275273 0.417477 0.0972716 0.107762 0.789852
0 0.635896 0.0873812 0.0801277 0.0932398 0.749706
0 0.581025 0.234155 0.0891914 0.102237 0.736598
0 0.49761 0.122318 0.0788123 0.0912513 0.732104
0 0.18377 0.295378 0.0809631 0.0993383 0.726674
0 0.521203 0.490547 0.0800743 0.0984485 0.705307
0 0.390249 0.289548 0.0769631 0.0886677 0.671546
0 0.790682 0.0781954 0.0944038 0.112609 0.661247
0 0.838434 0.261349 0.0900375 0.107022 0.644711
0 0.790979 0.0809541 0.0757696 0.0879198 0.600748
0 0.275971 0.424154 0.106285 0.119633 0.812945
0 0.499805 0.12377 0.0866186 0.0971249 0.72666
0 0.636821 0.0881553 0.0849361 0.0988972 0.70864
0 0.788524 0.0824405 0.08574 0.102193 0.707164
0 0.182989 0.297703 0.0945359 0.10838 0.705676
0 0.738686 0.472648 0.105083 0.120721 0.683333
0 0.519533 0.494251 0.0859239 0.0998426 0.673158
0 0.840362 0.263187 0.0978527 0.109167 0.653617
0 0.390553 0.290863 0.0850356 0.0945088 0.653126
0 0.583055 0.236208 0.0939647 0.105842 0.649843
0 0.483785 0.283769 0.0782766 0.0914968 0.602323
0 0.278253 0.423434 0.101289 0.116889 0.75758
0 0.185146 0.298371 0.0966236 0.111224 0.720664
0 0.637227 0.089917 0.0785141 0.0985823 0.707348
0 0.50114 0.123623 0.0806373 0.0914875 0.693338
0 0.584164 0.236979 0.0886961 0.10226 0.681855
0 0.391707 0.290697 0.0759944 0.0867369 0.664002
0 0.389195 0.448325 0.074992 0.0873577 0.640742
0 0.79195 0.0880771 0.0687545 0.0808371 0.622056
0 0.735847 0.477009 0.0882598 0.104363 0.613262
0 0.52063 0.494252 0.0827555 0.097214 0.600429
0 0.582465 0.236795 0.0863048 0.101413 0.738462
0 0.276332 0.419934 0.0971281 0.109124 0.717954
0 0.183681 0.29665 0.0840018 0.103752 0.649413
0 0.50058 0.122506 0.0828881 0.0946854 0.647456
0 0.637467 0.0854116 0.0860645 0.0980509 0.640609
0 0.274858 0.422191 0.0980481 0.111386 0.661454
0 0.579112 0.237369 0.0852985 0.102766 0.604461
0 0.272765 0.422051 0.0977648 0.111331 0.732434
0 0.388058 0.290374 0.0772313 0.0890175 0.704189
0 0.579009 0.235795 0.0875132 0.0992657 0.685001
0 0.518927 0.493064 0.0801588 0.0931822 0.656815
0 0.497071 0.124058 0.0786366 0.0915804 0.648624
0 0.63432 0.0884561 0.076655 0.091761 0.642943
0 0.181109 0.297335 0.0863491 0.102701 0.641317
0 0.735826 0.47112 0.0992214 0.11471 0.613227
0 0.2756 0.422388 0.102192 0.112744 0.798021
0 0.583177 0.235669 0.0861209 0.0966346 0.716185
0 0.500561 0.122564 0.0833073 0.0936041 0.707295
0 0.839643 0.2617 0.0919339 0.106045 0.702272
0 0.636213 0.0867852 0.082604 0.0933547 0.701569
0 0.519812 0.492511 0.0859827 0.0977111 0.676703
0 0.184584 0.29787 0.089921 0.105942 0.668502
0 0.738879 0.473286 0.0981203 0.112116 0.649883
0 0.485959 0.281901 0.0761501 0.0902322 0.641652
0 0.790612 0.0808049 0.0831912 0.101248 0.619681
0 0.274065 0.426714 0.099675 0.119475 0.623345
0 0.27601 0.421683 0.100292 0.112417 0.749475
0 0.518774 0.493752 0.0838857 0.0984628 0.667806
0 0.499464 0.12318 0.0822932 0.0938702 0.666032
0 0.638093 0.0887338 0.0850821 0.0957444 0.636994
0 0.183081 0.296619 0.086858 0.104995 0.634457
0 0.790096 0.0837324 0.0794503 0.0966482 0.615995
0 0.738229 0.474704 0.0938507 0.10768 0.605163
0 0.583773 0.236523 0.0863013 0.103208 0.604209
0 0.276702 0.423948 0.102544 0.118113 0.715208
0 0.583946 0.236963 0.0826836 0.0992903 0.637589
0 0.637972 0.0880236 0.0822024 0.0984841 0.623149
0 0.183889 0.299167 0.0862977 0.100627 0.616503
0 0.275304 0.420748 0.100204 0.113659 0.741863
0 0.636089 0.0875531 0.0846177 0.10106 0.69
0 0.518157 0.491986 0.0858883 0.0994778 0.684004
0 0.182731 0.297211 0.0852023 0.100908 0.667639
0 0.498965 0.122474 0.0821801 0.0944724 0.659051
0 0.58275 0.235634 0.0895323 0.102811 0.656775
0 0.838464 0.260525 0.0913774 0.106956 0.633588
0 0.276081 0.421644 0.0975443 0.109938 0.804864
0 0.582303 0.237285 0.0865786 0.0998026 0.687222
0 0.498659 0.122591 0.0822356 0.0937263 0.68318
0 0.636073 0.0877014 0.084466 0.0960684 0.680602
0 0.183457 0.298195 0.0852282 0.100956 0.658575
0 0.519518 0.495678 0.074138 0.0827721 0.63006
0 0.739388 0.472246 0.0972553 0.109847 0.626074
0 0.277934 0.421769 0.095353 0.110643 0.766808
0 0.584231 0.237019 0.0877465 0.102729 0.744892
0 0.49999 0.122123 0.0844173 0.0950641 0.686414
0 0.637442 0.0869072 0.0838506 0.10115 0.681002
0 0.520077 0.494071 0.0815204 0.09487 0.679975
0 0.184936 0.297272 0.0855647 0.102819 0.67602
0 0.840505 0.262247 0.0922439 0.107866 0.600993
0 0.276556 0.421539 0.099702 0.111473 0.813849
0 0.583195 0.236617 0.0864192 0.0999994 0.802014
0 0.499642 0.122482 0.0850955 0.094163 0.72787
0 0.63738 0.0867535 0.0827808 0.0953826 0.717537
0 0.520127 0.492048 0.0824925 0.0963183 0.701723
0 0.790362 0.0797172 0.0846477 0.101962 0.681396
0 0.840023 0.262216 0.0901759 0.105034 0.679701
0 0.18365 0.297012 0.0906764 0.105747 0.679476
0 0.48492 0.283386 0.0795148 0.091404 0.674625
0 0.737573 0.47112 0.0927203 0.109577 0.65872
0 0.392045 0.291579 0.0859045 0.0994364 0.617455
0 0.273791 0.420422 0.0990818 0.110056 0.774048
0 0.579981 0.235878 0.0885013 0.104929 0.710115
0 0.497755 0.122087 0.0831093 0.0961173 0.681879
0 0.63398 0.0865316 0.0824273 0.0942431 0.66459
0 0.181712 0.296837 0.0891277 0.105243 0.661393
0 0.517513 0.492395 0.0858932 0.100812 0.653933
0 0.389338 0.290247 0.0847655 0.097405 0.63244
0 0.735285 0.469181 0.100126 0.116797 0.619018
0 0.837496 0.261685 0.0923685 0.107272 0.618067
0 0.788397 0.0814306 0.0826772 0.0982269 0.609145
0 0.276429 0.424 0.10084 0.115725 0.799978
0 0.498908 0.12298 0.0846171 0.0964678 0.705406
0 0.518777 0.493344 0.0864232 0.101259 0.699797
0 0.580765 0.238126 0.087365 0.102352 0.692684
0 0.636075 0.0884271 0.0836939 0.0993794 0.684385
0 0.838555 0.263893 0.0896657 0.104522 0.641621
0 0.183296 0.299443 0.0921654 0.105155 0.638894
0 0.390568 0.291846 0.0909211 0.106794 0.619981
0 0.789149 0.0821052 0.083313 0.101164 0.610781
0 0.738683 0.474242 0.102594 0.116612 0.600761
0 0.276162 0.422745 0.101315 0.114665 0.837123
0 0.637406 0.0864509 0.0866904 0.100164 0.740678
0 0.184698 0.298296 0.0898842 0.106042 0.731131
0 0.500534 0.123222 0.0847692 0.0963428 0.723726
0 0.518836 0.492875 0.0864255 0.101372 0.70369
0 0.582708 0.238558 0.0884827 0.104675 0.703161
0 0.739028 0.47207 0.100657 0.113899 0.6469
0 0.838533 0.262051 0.0934033 0.107147 0.635278
0 0.788985 0.0810723 0.0820317 0.100112 0.616946
0 0.275888 0.424292 0.100894 0.117166 0.72221
0 0.636841 0.0880901 0.0812438 0.0963603 0.653681
0 0.182963 0.299116 0.0887756 0.103826 0.638875
0 0.519092 0.493936 0.0840555 0.0999457 0.634538
0 0.789975 0.0828524 0.0795427 0.0983115 0.604237
0 0.500299 0.124026 0.0816227 0.0940227 0.6034
0 0.276014 0.422935 0.102454 0.11789 0.708376
0 0.637629 0.0878664 0.0829709 0.0982241 0.671722
0 0.500169 0.123571 0.0783419 0.0940582 0.616273
0 0.518537 0.493156 0.083965 0.0964141 0.608076
0 0.27485 0.422466 0.0994416 0.11176 0.755908
0 0.181861 0.298818 0.0868794 0.103115 0.669657
0 0.516929 0.496414 0.0812192 0.0928256 0.665842
0 0.634969 0.0880251 0.0827659 0.094462 0.660069
0 0.581452 0.23845 0.0856724 0.101966 0.639175
0 0.787172 0.0836072 0.0820383 0.0981011 0.63718
0 0.499473 0.123657 0.0806477 0.0929608 0.636511
0 0.838278 0.266146 0.0883169 0.100816 0.61179
0 0.274931 0.421274 0.101034 0.113705 0.739655
0 0.517958 0.493957 0.0828987 0.097574 0.702892
0 0.582267 0.236791 0.0851052 0.102439 0.701556
0 0.636702 0.085648 0.0849921 0.0991369 0.680184
0 0.788331 0.0812717 0.0847351 0.102951 0.660379
0 0.183393 0.296984 0.0874674 0.104252 0.646982
0 0.838221 0.264246 0.0881322 0.10093 0.615775
0 0.499109 0.12074 0.0852526 0.0990242 0.610085
0 0.27573 0.42219 0.100778 0.113687 0.779737
0 0.788875 0.0811913 0.0839214 0.100473 0.719535
0 0.518009 0.493301 0.083368 0.0967202 0.712132
0 0.634609 0.0868538 0.0875356 0.100648 0.702323
0 0.183879 0.297866 0.0898135 0.104752 0.701359
0 0.5824 0.238388 0.087269 0.101152 0.683274
0 0.500554 0.123238 0.0840672 0.0937998 0.678342
0 0.275991 0.422101 0.0990846 0.111897 0.785151
0 0.790321 0.0814193 0.0816225 0.100197 0.760299
0 0.582991 0.23727 0.0837378 0.100897 0.725608
0 0.51904 0.493277 0.0823907 0.0953131 0.722616
0 0.499131 0.123437 0.0803362 0.0931325 0.720449
0 0.18417 0.298058 0.0842186 0.102003 0.706089
0 0.635618 0.0868587 0.0818856 0.09707 0.697498
0 0.275936 0.4212 0.102273 0.111869 0.755766
0 0.635264 0.0863898 0.086216 0.0972299 0.684125
0 0.519074 0.494909 0.0823678 0.0960518 0.681326
0 0.584192 0.236486 0.0897102 0.10631 0.672574
0 0.791461 0.0814301 0.083272 0.100599 0.660846
0 0.184742 0.298107 0.0853165 0.101499 0.621928
0 0.500086 0.122367 0.084358 0.0963637 0.610195
0 0.274396 0.42362 0.102843 0.11531 0.692941
0 0.582449 0.236531 0.0857013 0.102774 0.667155
0 0.518826 0.493313 0.0818828 0.0957639 0.627549
0 0.635365 0.0882574 0.0868453 0.0991669 0.602807
0 0.276632 0.423156 0.0990107 0.112514 0.764044
0 0.637544 0.0880984 0.0834991 0.0976295 0.734324
0 0.500399 0.123234 0.0798484 0.0924438 0.705483
0 0.790477 0.080088 0.0805244 0.0967654 0.702877
0 0.583673 0.237946 0.0862953 0.101664 0.696413
0 0.183338 0.299263 0.0855033 0.098291 0.653037
0 0.519271 0.493167 0.080745 0.0940119 0.636221
0 0.839133 0.262661 0.0874173 0.101538 0.608649
0 0.27656 0.423155 0.102164 0.114973 0.770871
0 0.638257 0.0875057 0.0858398 0.102177 0.721832
0 0.500285 0.123219 0.0827994 0.0959334 0.704808
0 0.790056 0.0813486 0.0814661 0.0978142 0.693197
0 0.584333 0.237969 0.0855372 0.102698 0.676971
0 0.184155 0.298228 0.0881485 0.104905 0.676868
0 0.519143 0.494024 0.0843647 0.0989133 0.648014
0 0.839575 0.264309 0.0889974 0.102797 0.646586
0 0.739722 0.473653 0.0997009 0.11265 0.628076
0 0.275924 0.421855 0.101504 0.113098 0.716669
0 0.582 0.237358 0.0883371 0.104756 0.619147
0 0.182283 0.297234 0.0871512 0.104085 0.61305
0 0.838298 0.262702 0.0896555 0.1026 0.611856
0 0.636746 0.0861491 0.0863059 0.100825 0.609586
0 0.499775 0.122272 0.0823114 0.0925308 0.609519
0 0.276806 0.421154 0.0993914 0.111741 0.745153
0 0.499838 0.122834 0.0823409 0.0955725 0.696712
0 0.636579 0.0872184 0.0828803 0.0985935 0.693996
0 0.18327 0.297314 0.0887129 0.105032 0.670687
0 0.789874 0.0817928 0.0805411 0.0946653 0.638948
0 0.738356 0.472419 0.0978565 0.112125 0.624535
0 0.582496 0.236432 0.0895925 0.105848 0.617245
0 0.838868 0.264573 0.0872277 0.0995973 0.60897
0 0.51874 0.495867 0.0822344 0.0924446 0.600133
0 0.276236 0.422319 0.0954843 0.109282 0.831415
0 0.635981 0.0876341 0.0826994 0.0982699 0.789443
0 0.501289 0.123351 0.07989 0.0920556 0.740799
0 0.582577 0.236213 0.0865357 0.0998043 0.731005
0 0.183358 0.298705 0.0847859 0.0997481 0.727261
0 0.518625 0.495674 0.0790074 0.0925191 0.698364
0 0.838933 0.266316 0.0854489 0.097552 0.69727
0 0.738921 0.473931 0.0954351 0.109809 0.676118
0 0.79058 0.0829671 0.0778182 0.0950022 0.670896
0 0.391714 0.292157 0.086254 0.097337 0.604398
0 0.276789 0.420423 0.101474 0.112633 0.782472
0 0.636604 0.0852677 0.0855217 0.100421 0.730296
0 0.583122 0.235176 0.0899045 0.100771 0.695148
0 0.500818 0.121417 0.0822473 0.0946442 0.663387
0 0.519073 0.494069 0.0825288 0.0951096 0.611108
0 0.183907 0.297815 0.0879988 0.102601 0.60481
0 0.27529 0.421082 0.0983854 0.112001 0.706869
0 0.183189 0.297329 0.0855884 0.10264 0.643316
0 0.583403 0.237409 0.0873271 0.102893 0.639156
0 0.275715 0.421178 0.0999122 0.1101 0.858908
0 0.63611 0.0872013 0.0840506 0.0999569 0.850887
0 0.582165 0.23636 0.0878672 0.100541 0.827471
0 0.500282 0.122321 0.0828609 0.0949548 0.79847
0 0.18261 0.29797 0.0903053 0.103296 0.767807
0 0.838041 0.264073 0.0900658 0.103931 0.732881
0 0.789601 0.0804505 0.0845693 0.100388 0.707788
0 0.738784 0.471566 0.0963424 0.109329 0.702864
0 0.518918 0.492931 0.0840506 0.0968719 0.682718
0 0.392405 0.287747 0.08882 0.102621 0.659546
0 0.276721 0.422539 0.0965632 0.1099 0.805407
0 0.582571 0.238243 0.0852886 0.100242 0.755743
0 0.636198 0.0873966 0.0833848 0.0994941 0.728311
0 0.182381 0.299853 0.083498 0.0964692 0.723229
0 0.498044 0.122661 0.0815375 0.0933611 0.692172
0 0.518049 0.494875 0.0788247 0.0912716 0.68708
0 0.836781 0.265437 0.0873519 0.0997562 0.655984
0 0.789342 0.0821272 0.0812657 0.096774 0.627623
0 0.275219 0.422257 0.0983545 0.11101 0.806502
0 0.582547 0.238191 0.0821082 0.0986412 0.751006
0 0.181978 0.298831 0.086171 0.100702 0.750683
0 0.63532 0.0871062 0.0820874 0.0977554 0.73944
0 0.497831 0.122508 0.0808872 0.0951267 0.719087
0 0.518571 0.493816 0.0791521 0.0919108 0.683806
0 0.790005 0.0814733 0.0798969 0.0966255 0.652197
0 0.837375 0.264737 0.0879811 0.102559 0.633046
0 0.738068 0.472074 0.096244 0.110798 0.618874
0 0.387968 0.445183 0.0793943 0.0929048 0.600606
0 0.276025 0.424065 0.101025 0.115226 0.831397
0 0.582621 0.239265 0.0872203 0.103839 0.78766
0 0.635582 0.087754 0.0869631 0.103461 0.734113
0 0.182722 0.298827 0.08736 0.102797 0.727674
0 0.498591 0.123584 0.0846213 0.0965971 0.714342
0 0.518543 0.493868 0.0842945 0.0971697 0.669081
0 0.738551 0.47351 0.100468 0.113004 0.644272
0 0.78966 0.0812411 0.0857642 0.102036 0.609958
0 0.83818 0.264969 0.089636 0.103492 0.608266
0 0.275549 0.421276 0.0993444 0.110605 0.812359
0 0.582678 0.239883 0.0815803 0.101208 0.77822
0 0.635507 0.0867144 0.0810649 0.0972839 0.768345
0 0.498242 0.124088 0.0803661 0.0925366 0.76372
0 0.183354 0.297767 0.0841072 0.101524 0.762025
0 0.789982 0.081282 0.0833492 0.101627 0.742283
0 0.738307 0.471322 0.0970369 0.112579 0.694293
0 0.518726 0.493665 0.0810926 0.0958753 0.680731
0 0.485502 0.282377 0.0756187 0.0885342 0.657451
0 0.838432 0.2656 0.0843146 0.0973466 0.653785
0 0.276462 0.420638 0.099951 0.111278 0.845027
0 0.635889 0.0867085 0.0823234 0.0968272 0.774658
0 0.583566 0.237904 0.0875462 0.104009 0.769946
0 0.182813 0.297197 0.0885766 0.103321 0.764995
0 0.499032 0.122152 0.0834476 0.0959031 0.715128
0 0.838957 0.263591 0.0913414 0.105699 0.695819
0 0.518619 0.492126 0.0861256 0.0996493 0.669689
0 0.485981 0.281022 0.0765665 0.0890112 0.610367
0 0.275421 0.421293 0.099623 0.111306 0.845393
0 0.6358 0.0866721 0.0839727 0.099277 0.798665
0 0.581925 0.238204 0.0863231 0.102569 0.795881
0 0.182548 0.296955 0.0882339 0.103882 0.770279
0 0.498318 0.122505 0.0841902 0.0959787 0.750358
0 0.518625 0.49245 0.0866113 0.100727 0.712398
0 0.839503 0.265651 0.0909071 0.103621 0.685377
0 0.788635 0.0810356 0.0844607 0.100522 0.670902
0 0.738515 0.4711 0.102165 0.11683 0.640858
0 0.387873 0.443621 0.0826795 0.0954505 0.62421
0 0.276685 0.421803 0.0996073 0.110293 0.864984
0 0.583481 0.23807 0.0849363 0.0990401 0.797837
0 0.183867 0.297756 0.0870648 0.101488 0.797747
0 0.636402 0.0875032 0.0815723 0.0954553 0.790401
0 0.499545 0.122801 0.0846273 0.0950459 0.773353
0 0.789512 0.0807291 0.0846451 0.099582 0.752724
0 0.839632 0.264915 0.0882773 0.10023 0.732066
0 0.739644 0.471125 0.102678 0.115739 0.717977
0 0.519001 0.493522 0.0833613 0.0955973 0.714484
0 0.485926 0.281246 0.0760739 0.0881156 0.65766
0 0.391479 0.442701 0.0863602 0.0952643 0.610595
0 0.276223 0.421562 0.100832 0.110873 0.795941
0 0.583336 0.238961 0.0873807 0.103949 0.736367
0 0.183061 0.29722 0.0892121 0.104234 0.701923
0 0.635918 0.0859315 0.0870936 0.101429 0.692311
0 0.49959 0.12175 0.085636 0.0985595 0.65366
0 0.519067 0.493437 0.0862064 0.0987635 0.613792
0 0.275426 0.421154 0.0978387 0.108903 0.801525
0 0.583233 0.237486 0.0831874 0.0985489 0.773436
0 0.63547 0.0869365 0.0791529 0.0946338 0.737146
0 0.497865 0.122252 0.0816314 0.0947848 0.715453
0 0.182507 0.297494 0.0870362 0.10282 0.710911
0 0.789255 0.0798703 0.0832619 0.0978318 0.672489
0 0.518728 0.492774 0.0841385 0.0968945 0.641161
0 0.838583 0.264232 0.0904195 0.103364 0.635017
0 0.737302 0.472311 0.0997017 0.113396 0.62445
0 0.276428 0.420641 0.102426 0.11314 0.79615
0 0.583355 0.235783 0.0869656 0.0992209 0.729875
0 0.635889 0.0852427 0.0847857 0.0998252 0.676528
0 0.498996 0.122273 0.08375 0.0958314 0.673118
0 0.183446 0.297146 0.0886989 0.104326 0.650258
0 0.838728 0.263721 0.0896488 0.103073 0.629933
0 0.518733 0.492536 0.0856239 0.0986669 0.620826
0 0.738851 0.471244 0.101119 0.114692 0.6087
0 0.789536 0.0793668 0.0845127 0.0998588 0.606297
0 0.276569 0.420799 0.100775 0.111083 0.84233
0 0.583012 0.237962 0.0876176 0.104198 0.783919
0 0.635509 0.0855653 0.0855256 0.100132 0.752062
0 0.183184 0.297464 0.0882992 0.103778 0.738803
0 0.499156 0.122386 0.0833054 0.0959008 0.719685
0 0.838868 0.263259 0.0906785 0.105241 0.694813
0 0.51879 0.493166 0.0856624 0.0991099 0.67549
0 0.739417 0.472162 0.102758 0.116428 0.609752
0 0.788851 0.080637 0.0855722 0.101294 0.603907
0 0.27534 0.420684 0.0998344 0.111184 0.794207
0 0.582691 0.238138 0.0871969 0.103374 0.774261
0 0.182881 0.297647 0.0868281 0.103145 0.723486
0 0.499292 0.122915 0.0837124 0.0960519 0.638249
0 0.837971 0.26432 0.0884345 0.102716 0.633609
0 0.276594 0.420413 0.0992479 0.109802 0.815657
0 0.582495 0.238039 0.0864473 0.102378 0.799908
0 0.182783 0.296949 0.0880474 0.10315 0.774176
0 0.636185 0.085838 0.0830941 0.096952 0.754621
0 0.499178 0.12169 0.0824214 0.0946596 0.732114
0 0.789309 0.0797951 0.0843642 0.0978426 0.662123
0 0.518751 0.492744 0.0856214 0.0961578 0.642258
0 0.838521 0.263981 0.0897675 0.100745 0.629898
0 0.738346 0.47127 0.100893 0.113773 0.617223
0 0.582033 0.238416 0.0855623 0.10239 0.779989
0 0.275816 0.420297 0.0980781 0.109759 0.772615
0 0.182714 0.298284 0.087477 0.101744 0.72914
0 0.635512 0.0855521 0.0849156 0.0997443 0.684509
0 0.498708 0.122427 0.0827254 0.0954184 0.657175
0 0.837919 0.264108 0.0883707 0.102259 0.618382
0 0.518509 0.493537 0.083174 0.0953467 0.615212
0 0.276544 0.421483 0.0996727 0.111567 0.811958
0 0.582429 0.238561 0.0846558 0.102125 0.803185
0 0.183244 0.298053 0.0853366 0.101215 0.767129
0 0.635242 0.0861491 0.0824806 0.0978224 0.736568
0 0.497558 0.122842 0.0797407 0.092493 0.718969
0 0.518412 0.494021 0.0829597 0.0943522 0.671986
0 0.837957 0.264989 0.0869762 0.0992576 0.651484
0 0.737551 0.47252 0.0975892 0.11136 0.609751
0 0.78906 0.080182 0.0832206 0.0979306 0.603386
0 0.2769 0.420763 0.100657 0.11209 0.750749
0 0.58277 0.238243 0.0865815 0.103813 0.736722
0 0.183404 0.297464 0.0872516 0.104065 0.651646
0 0.635742 0.0861024 0.0853086 0.0997818 0.633968
0 0.499287 0.122645 0.0837184 0.0966943 0.612075
0 0.277114 0.421556 0.0992114 0.111268 0.823686
0 0.583219 0.239194 0.0852814 0.102518 0.808361
0 0.184159 0.297892 0.0871621 0.103059 0.761601
0 0.635958 0.0860189 0.0838239 0.0993081 0.73835
0 0.499666 0.123365 0.0836449 0.0953537 0.684977
0 0.838669 0.265671 0.087544 0.100472 0.673648
0 0.519151 0.494004 0.0843374 0.0970606 0.668933
0 0.790266 0.0809739 0.0824623 0.0985049 0.628364
0 0.276513 0.420264 0.0984454 0.109479 0.780862
0 0.582535 0.237975 0.0851536 0.102147 0.762316
0 0.183264 0.297686 0.0854925 0.102119 0.70746
0 0.635332 0.0863225 0.0817276 0.0960395 0.704906
0 0.51833 0.4937 0.0835984 0.0969874 0.672149
0 0.498761 0.122541 0.0823985 0.0952216 0.620298
0 0.276991 0.421404 0.0975331 0.109814 0.814418
0 0.582333 0.237943 0.0855538 0.102206 0.751832
0 0.635776 0.087148 0.0801561 0.0956142 0.743044
0 0.183044 0.297808 0.0855024 0.101655 0.719238
0 0.518853 0.492801 0.0858399 0.0995257 0.68932
0 0.498385 0.122541 0.0809368 0.0954067 0.661774
0 0.838306 0.264601 0.0868756 0.100168 0.60753
0 0.276425 0.421061 0.0987764 0.110772 0.796738
0 0.582074 0.237571 0.0838597 0.0997421 0.755739
0 0.635943 0.086738 0.0813255 0.0963706 0.689374
0 0.183165 0.297859 0.0851797 0.100618 0.680443
0 0.518535 0.493215 0.0843973 0.0957603 0.636099
0 0.837969 0.264451 0.0874668 0.100851 0.624599
0 0.498744 0.12285 0.0817302 0.0939544 0.600681
0 0.276039 0.420746 0.0984448 0.11 0.84027
0 0.581577 0.237914 0.08448 0.1004 0.823027
0 0.182885 0.297581 0.0858964 0.102112 0.77402
0 0.635801 0.0869251 0.0818751 0.0967387 0.774005
0 0.518564 0.492822 0.0853609 0.0982626 0.718933
0 0.498308 0.122677 0.0822055 0.0957897 0.71012
0 0.838028 0.265505 0.0879931 0.100908 0.680319
0 0.788942 0.0798977 0.0831404 0.0978882 0.641617
0 0.737883 0.471971 0.0994955 0.114959 0.605929
0 0.275924 0.420945 0.0991537 0.110353 0.833265
0 0.581872 0.238019 0.0856143 0.101152 0.809676
0 0.63537 0.0867213 0.0825939 0.0976399 0.783319
0 0.182776 0.297827 0.0856357 0.101563 0.774128
0 0.518426 0.492631 0.0857379 0.0988507 0.725159
0 0.498296 0.122279 0.0830628 0.0966369 0.72413
0 0.837623 0.265004 0.0880884 0.101133 0.693223
0 0.788911 0.0800632 0.0844383 0.0996115 0.676837
0 0.738136 0.471763 0.101705 0.116552 0.627938
0 0.276171 0.420647 0.0994832 0.109573 0.82752
0 0.182349 0.29755 0.0868308 0.101689 0.813888
0 0.58166 0.238089 0.0858078 0.100195 0.806243
0 0.635184 0.0865825 0.0836514 0.0972803 0.805258
0 0.49828 0.12218 0.0831938 0.0958013 0.767364
0 0.788425 0.0803026 0.0842765 0.0981283 0.733023
0 0.518286 0.493424 0.0846372 0.096099 0.705818
0 0.837721 0.265266 0.0876683 0.0995864 0.688123
0 0.737037 0.471499 0.100218 0.113689 0.682602
0 0.48448 0.281546 0.0781062 0.0897038 0.617477
0 0.390934 0.289441 0.0900457 0.106496 0.616203
0 0.388536 0.443813 0.0829857 0.0937529 0.610338
0 0.276946 0.420603 0.0966812 0.108231 0.801533
0 0.581937 0.23803 0.0834759 0.100326 0.771668
0 0.182361 0.297534 0.0856597 0.10168 0.75909
0 0.635735 0.0862776 0.0810942 0.0952308 0.74371
0 0.518857 0.492893 0.0843611 0.0965175 0.656348
0 0.49889 0.122018 0.0824411 0.0952333 0.650819
0 0.788738 0.0795188 0.0836088 0.0982465 0.639637
0 0.8377 0.263941 0.0896537 0.102564 0.617381
0 0.277778 0.420836 0.0980763 0.108951 0.775555
0 0.583156 0.238592 0.0838656 0.100625 0.744503
0 0.636296 0.0859033 0.0835896 0.0975929 0.724579
0 0.183565 0.297664 0.0843839 0.100698 0.722676
0 0.519423 0.493298 0.0849691 0.0976421 0.641544
0 0.499828 0.121913 0.0840761 0.0950463 0.629643
0 0.274437 0.421179 0.0984192 0.109294 0.789238
0 0.582179 0.238026 0.0824732 0.0990325 0.746246
0 0.182426 0.297458 0.086152 0.101698 0.71435
0 0.634934 0.0860474 0.0810528 0.0963066 0.68811
0 0.518583 0.493344 0.0838189 0.0955704 0.637657
0 0.497985 0.121592 0.081236 0.0941061 0.609567
0 0.276556 0.421165 0.0994249 0.110282 0.820957
0 0.582764 0.238658 0.0862831 0.103046 0.763684
0 0.182778 0.29711 0.0878979 0.103241 0.754876
0 0.636144 0.0857381 0.0845093 0.0995752 0.735292
0 0.518799 0.492787 0.0865304 0.0994834 0.698382
0 0.499853 0.121928 0.0840085 0.0960188 0.665347
0 0.276364 0.421071 0.0991184 0.110268 0.826165
0 0.582997 0.23797 0.084077 0.101451 0.781567
0 0.183465 0.296997 0.0866198 0.102718 0.750737
0 0.63573 0.0858481 0.0825607 0.0974073 0.712358
0 0.519045 0.493051 0.085162 0.0978571 0.696579
0 0.498864 0.121695 0.0831552 0.0955108 0.672102
0 0.276694 0.42089 0.0990527 0.109526 0.800024
0 0.583045 0.237839 0.0836227 0.10161 0.725874
0 0.183298 0.296734 0.0860167 0.102781 0.705535
0 0.635517 0.0857305 0.08244 0.0963653 0.672321
0 0.518874 0.493122 0.0844701 0.0971019 0.659744
0 0.498931 0.121653 0.0832291 0.0951941 0.650995
0 0.276152 0.420835 0.0980786 0.10899 0.81626
0 0.582611 0.237796 0.0831588 0.100019 0.742204
0 0.182992 0.297249 0.0853489 0.101186 0.708765
0 0.518636 0.493368 0.0836479 0.0955033 0.654993
0 0.635084 0.0860077 0.0814803 0.0956259 0.645492
0 0.498478 0.121726 0.0821404 0.0942656 0.632868
0 0.275684 0.420894 0.0983639 0.10962 0.816594
0 0.58218 0.238266 0.0831252 0.101074 0.746373
0 0.182919 0.297536 0.0859188 0.102781 0.683276
0 0.518503 0.493558 0.0836824 0.0958857 0.643812
0 0.634632 0.0859486 0.0814574 0.0962913 0.636155
0 0.498324 0.1216 0.0817631 0.0948264 0.623637
0 0.275484 0.420647 0.0983272 0.109136 0.821281
0 0.582205 0.238207 0.082548 0.100653 0.739782
0 0.182684 0.297194 0.0854675 0.101789 0.700332
0 0.518317 0.493256 0.0837962 0.0962409 0.644433
0 0.497738 0.121636 0.0820953 0.0946636 0.639768
0 0.634345 0.085662 0.0822159 0.0966399 0.605044
0 0.275788 0.420325 0.0966825 0.108339 0.784002
0 0.582662 0.237774 0.0824594 0.10007 0.693746
0 0.183165 0.297467 0.0845964 0.101581 0.640686
0 0.275937 0.420576 0.0976231 0.108958 0.81031
0 0.582623 0.237954 0.0829928 0.100601 0.745868
0 0.183222 0.297503 0.0852171 0.102013 0.686305
0 0.5185 0.493278 0.08318 0.0950375 0.631058
0 0.498144 0.121676 0.082387 0.0946521 0.614615
0 0.275484 0.420645 0.0983107 0.109129 0.820815
0 0.582206 0.238204 0.0825454 0.100648 0.739002
0 0.182686 0.297198 0.0854679 0.101781 0.699903
0 0.518316 0.493257 0.0837962 0.0962363 0.643798
0 0.497732 0.121631 0.0820919 0.0946791 0.638743
0 0.634341 0.0856566 0.0822051 0.0966533 0.604149
