0 0.458797 0.290482 0.383498 0.40009 0.917315
0 0.48978 0.359152 0.394531 0.417103 0.729017
0 0.431493 0.288299 0.395855 0.427374 0.667835
0 0.44371 0.588518 0.42525 0.439496 0.622375
0 0.492293 0.355367 0.450877 0.521049 0.791716
0 0.503139 0.26576 0.368583 0.353267 0.661603
0 0.447609 0.375095 0.491231 0.608264 0.68713
0 0.469006 0.39243 0.617202 0.621041 0.66577
0 0.510256 0.408175 0.639827 0.661307 0.647256
0 0.469586 0.385661 0.503227 0.63205 0.703958
0 0.49466 0.383304 0.562071 0.654671 0.718725
0 0.479085 0.375251 0.545227 0.638416 0.774469
0 0.460599 0.395719 0.627833 0.69952 0.701548
0 0.483053 0.382038 0.576528 0.700985 0.626443
0 0.470136 0.365966 0.473586 0.602072 0.772886
0 0.486591 0.382554 0.563206 0.625903 0.764922
0 0.49009 0.388658 0.504273 0.640747 0.73362
0 0.495373 0.371213 0.497218 0.613986 0.671474
0 0.488558 0.427693 0.590371 0.697324 0.674912
0 0.479049 0.390811 0.557673 0.661544 0.643499
0 0.482945 0.39775 0.558787 0.670446 0.747658
0 0.517338 0.378896 0.556882 0.677141 0.628065
0 0.519341 0.375641 0.487423 0.608991 0.700925
0 0.496283 0.425166 0.594591 0.696392 0.742285
0 0.481128 0.38514 0.512758 0.56999 0.72817
0 0.479241 0.391001 0.507154 0.612946 0.764254
0 0.505308 0.398297 0.549896 0.620825 0.677735
0 0.471039 0.38361 0.505823 0.592831 0.744252
0 0.472977 0.388322 0.515753 0.632748 0.705188
0 0.499224 0.383432 0.517113 0.627842 0.756879
0 0.487917 0.394514 0.540885 0.661032 0.610633
0 0.481223 0.380157 0.496921 0.585444 0.815059
0 0.50516 0.383235 0.517951 0.604719 0.743365
0 0.486776 0.383906 0.494637 0.615688 0.603776
0 0.4879 0.390378 0.525781 0.611938 0.741847
0 0.505309 0.387348 0.539384 0.643996 0.731772
0 0.488344 0.373805 0.527738 0.609767 0.78873
0 0.478088 0.390532 0.519173 0.639067 0.677879
0 0.491443 0.393338 0.529763 0.616917 0.757646
0 0.474838 0.393764 0.515443 0.620583 0.738356
0 0.481409 0.384689 0.520115 0.584415 0.815943
0 0.468734 0.384709 0.496017 0.618257 0.822327
0 0.495252 0.382878 0.52153 0.602174 0.783169
0 0.479213 0.389793 0.516181 0.61853 0.794103
0 0.47342 0.392113 0.524095 0.622742 0.797676
0 0.46836 0.396787 0.539724 0.604036 0.74959
0 0.496075 0.394343 0.516595 0.60764 0.773905
0 0.472086 0.36573 0.528123 0.624463 0.770237
0 0.458197 0.391439 0.502492 0.636193 0.737091
0 0.476034 0.394136 0.5094 0.615112 0.828113
0 0.474839 0.385182 0.526929 0.626092 0.821054
0 0.456086 0.401095 0.521834 0.637746 0.825078
0 0.47686 0.386337 0.474616 0.594545 0.848167
0 0.463201 0.381041 0.494824 0.623014 0.782929
0 0.486448 0.392025 0.520442 0.603943 0.805352
0 0.464106 0.405419 0.511712 0.612762 0.786098
0 0.466016 0.382094 0.509302 0.626414 0.806636
0 0.470407 0.391942 0.482854 0.592876 0.791129
0 0.461231 0.390465 0.494877 0.633126 0.799679
0 0.462317 0.397754 0.469614 0.612821 0.788414
0 0.482821 0.398703 0.523875 0.618717 0.784083
0 0.488866 0.393388 0.519629 0.615416 0.760385
0 0.484969 0.39091 0.466117 0.591429 0.789459
0 0.471915 0.393792 0.507907 0.616382 0.776523
0 0.472359 0.384424 0.525985 0.630611 0.78717
0 0.468569 0.390429 0.516858 0.628774 0.765128
0 0.465666 0.394744 0.504541 0.631131 0.828116
0 0.487549 0.397104 0.52563 0.622729 0.83345
0 0.477489 0.389112 0.518357 0.631547 0.817116
0 0.496053 0.383801 0.532381 0.625299 0.799098
0 0.479268 0.386121 0.541889 0.637186 0.791338
0 0.484735 0.388804 0.537658 0.632437 0.812177
0 0.471525 0.393512 0.536336 0.636145 0.807519
0 0.489577 0.396589 0.503626 0.607305 0.805523
0 0.480796 0.401013 0.532403 0.618951 0.82109
0 0.475215 0.395543 0.520808 0.624582 0.818654
0 0.480974 0.395535 0.521831 0.604972 0.812485
0 0.487054 0.390581 0.523361 0.620258 0.833084
0 0.485182 0.398374 0.515767 0.621592 0.826336
0 0.48037 0.403804 0.538306 0.626382 0.825963
0 0.477552 0.393404 0.542066 0.624493 0.80252
0 0.475016 0.396323 0.533861 0.620877 0.82822
0 0.473368 0.397926 0.519666 0.624754 0.822625
0 0.475396 0.404479 0.538118 0.621773 0.829461
0 0.478327 0.397671 0.544828 0.625954 0.836478
0 0.478075 0.394791 0.533403 0.620579 0.829753
0 0.47536 0.404495 0.53806 0.62179 0.829638
