0 0.647416 0.271277 0.266292 0.313461 0.777054
0 0.655927 0.285687 0.341156 0.38728 0.726904
0 0.646849 0.281495 0.228864 0.286463 0.995818
0 0.646425 0.252683 0.195699 0.232604 0.867724
0 0.651301 0.284774 0.279863 0.3241 0.859059
0 0.654042 0.284599 0.284818 0.34586 0.77851
0 0.645856 0.274202 0.305459 0.340434 0.939286
0 0.64695 0.292214 0.274026 0.3232 0.700979
0 0.652994 0.293778 0.284621 0.328938 0.784589
0 0.664167 0.285018 0.334646 0.365805 0.853444
0 0.649112 0.287403 0.29312 0.375799 0.880391
0 0.647582 0.286122 0.26989 0.339036 0.840752
0 0.653545 0.291043 0.271821 0.321832 0.925188
0 0.655056 0.286747 0.275219 0.328087 0.940362
0 0.655578 0.289473 0.275585 0.325797 0.918653
0 0.649417 0.287248 0.283933 0.325665 0.82456
0 0.656604 0.29158 0.278504 0.33015 0.874195
0 0.663661 0.293852 0.282048 0.330648 0.910035
0 0.660625 0.291954 0.283819 0.329854 0.884044
0 0.657294 0.291557 0.265977 0.314129 0.931884
0 0.658755 0.285773 0.271667 0.321872 0.942656
0 0.655715 0.29246 0.294601 0.34348 0.893883
0 0.653459 0.283354 0.303598 0.334591 0.825567
0 0.659844 0.283211 0.283889 0.33398 0.902647
0 0.657456 0.289969 0.276338 0.322634 0.907756
0 0.661232 0.295541 0.284026 0.335112 0.860715
0 0.656357 0.290858 0.274081 0.31353 0.892369
0 0.664936 0.289078 0.281899 0.331013 0.919715
0 0.669783 0.28494 0.302216 0.328752 0.907479
0 0.652522 0.291682 0.280345 0.333657 0.942269
0 0.661537 0.291082 0.278238 0.32271 0.803408
0 0.658226 0.287249 0.273445 0.318297 0.873266
0 0.662601 0.285982 0.287915 0.329837 0.851754
0 0.660631 0.285513 0.286816 0.331274 0.898449
0 0.670062 0.290973 0.284097 0.326644 0.85028
0 0.659137 0.293442 0.274015 0.321282 0.92554
0 0.668428 0.286848 0.295216 0.333198 0.830708
0 0.668997 0.29345 0.290718 0.336166 0.828908
0 0.665904 0.279577 0.293394 0.33055 0.825575
0 0.66274 0.293091 0.264512 0.30583 0.844851
0 0.676646 0.287393 0.28825 0.3325 0.888681
0 0.66851 0.28664 0.281888 0.323818 0.882608
0 0.663299 0.284898 0.28551 0.324365 0.830921
0 0.656849 0.277154 0.282063 0.33079 0.912858
0 0.67032 0.290519 0.287024 0.330314 0.918786
0 0.665568 0.288609 0.288618 0.328315 0.837574
0 0.665772 0.290495 0.28638 0.33308 0.864963
0 0.663556 0.280491 0.286205 0.329817 0.868507
0 0.666636 0.290763 0.268126 0.312849 0.892812
0 0.656016 0.287078 0.281571 0.326251 0.862794
0 0.669656 0.295904 0.281898 0.327228 0.871292
0 0.666622 0.291667 0.27976 0.322235 0.892589
0 0.671437 0.28569 0.288449 0.33687 0.843695
0 0.665691 0.289086 0.288765 0.329799 0.86153
0 0.664396 0.289148 0.289733 0.332796 0.863498
0 0.667438 0.284105 0.283908 0.325147 0.861217
0 0.670793 0.294564 0.28208 0.324234 0.875166
0 0.661055 0.28617 0.279734 0.320711 0.855502
0 0.667192 0.288111 0.278994 0.324391 0.873848
0 0.666972 0.289229 0.286557 0.332926 0.848594
0 0.663784 0.290546 0.271776 0.317098 0.861737
0 0.666764 0.285291 0.276993 0.321602 0.85582
0 0.668585 0.280348 0.284164 0.326756 0.88956
0 0.670665 0.291239 0.285564 0.325277 0.914226
0 0.665404 0.292478 0.276951 0.318943 0.895727
0 0.663276 0.284134 0.283768 0.325317 0.892335
0 0.66452 0.290902 0.289029 0.328301 0.876045
0 0.66922 0.288231 0.287319 0.331251 0.882967
0 0.664096 0.292515 0.278116 0.322049 0.877388
0 0.673055 0.287565 0.29783 0.329287 0.895682
0 0.663165 0.289364 0.282619 0.329847 0.852713
0 0.66713 0.287988 0.281489 0.323811 0.890233
0 0.667355 0.288394 0.286556 0.329229 0.886885
0 0.671932 0.284891 0.286251 0.330552 0.88004
0 0.665671 0.290995 0.278985 0.320063 0.891647
0 0.667162 0.292221 0.28383 0.325316 0.865757
0 0.663346 0.284373 0.280839 0.321412 0.871322
0 0.668141 0.288337 0.284183 0.324873 0.910031
0 0.669919 0.284281 0.279459 0.32282 0.89617
0 0.6681 0.283947 0.286098 0.329233 0.871688
0 0.670029 0.286387 0.282186 0.325004 0.892341
0 0.671705 0.288238 0.279548 0.320377 0.890267
0 0.667508 0.286609 0.289881 0.327579 0.879332
0 0.667819 0.28759 0.286122 0.326768 0.892316
0 0.674475 0.284712 0.289034 0.331043 0.889102
0 0.673762 0.286228 0.283098 0.324344 0.884437
0 0.672813 0.287334 0.285725 0.324965 0.892602
0 0.66965 0.286372 0.281912 0.324137 0.905227
0 0.671226 0.287727 0.282739 0.323251 0.903121
0 0.666324 0.285675 0.284553 0.326907 0.907431
0 0.66916 0.288822 0.282358 0.32487 0.904119
0 0.670027 0.286373 0.282303 0.322376 0.921092
0 0.666723 0.290105 0.27654 0.319431 0.903264
0 0.670443 0.288889 0.287769 0.327898 0.904621
0 0.665973 0.288568 0.2792 0.321903 0.907751
0 0.669131 0.286508 0.285596 0.327099 0.888643
0 0.669534 0.291153 0.285763 0.325415 0.913055
0 0.668988 0.28744 0.283813 0.324663 0.901978
0 0.668552 0.287846 0.282976 0.322499 0.913096
0 0.669009 0.287351 0.282362 0.323029 0.910726
0 0.668876 0.287187 0.282746 0.323647 0.911592
0 0.668543 0.28784 0.28297 0.322486 0.912984
