0 0.61306 0.396809 0.359343 0.389744 0.957147
0 0.608438 0.401568 0.402588 0.437734 0.866795
0 0.583069 0.520805 0.385079 0.401694 0.614478
0 0.622417 0.437794 0.330256 0.439337 0.90397
0 0.614705 0.432179 0.346241 0.42615 0.872175
0 0.637423 0.433326 0.381808 0.454141 0.653688
0 0.638236 0.441079 0.402756 0.497424 0.613282
0 0.622759 0.426372 0.396732 0.461212 0.764174
0 0.622479 0.420434 0.361341 0.436718 0.815241
0 0.623326 0.429624 0.341252 0.406255 0.874707
0 0.610232 0.434786 0.353282 0.425079 0.710721
0 0.60542 0.418606 0.354085 0.429238 0.886641
0 0.633416 0.416823 0.375027 0.443486 0.768773
0 0.634014 0.424721 0.368821 0.452384 0.718729
0 0.638296 0.418693 0.377776 0.425478 0.829772
0 0.63753 0.414278 0.379782 0.441424 0.806583
0 0.617882 0.426264 0.382257 0.459389 0.844966
0 0.632312 0.423078 0.34857 0.414123 0.898586
0 0.627445 0.420793 0.400823 0.447746 0.814121
0 0.631233 0.420535 0.393792 0.464463 0.858829
0 0.617571 0.41693 0.385253 0.450425 0.844226
0 0.6137 0.41944 0.363652 0.419986 0.866702
0 0.617189 0.423806 0.348848 0.420588 0.843059
0 0.610414 0.422602 0.427287 0.486294 0.828341
0 0.620539 0.43403 0.364932 0.414612 0.828774
0 0.625174 0.424352 0.348148 0.412353 0.843676
0 0.629741 0.42329 0.413291 0.459431 0.868758
0 0.634889 0.421255 0.370762 0.438918 0.893413
0 0.630144 0.424422 0.393735 0.458037 0.778953
0 0.631874 0.417972 0.374577 0.445421 0.851492
0 0.637475 0.412887 0.387706 0.464124 0.770094
0 0.633263 0.418006 0.376981 0.451188 0.868206
0 0.628798 0.42293 0.379333 0.451753 0.797317
0 0.624844 0.419012 0.392311 0.459541 0.876486
0 0.6148 0.422969 0.388802 0.448632 0.751248
0 0.640271 0.420004 0.380703 0.45277 0.756702
0 0.635094 0.421815 0.391699 0.447803 0.827456
0 0.626054 0.42737 0.359135 0.426441 0.833091
0 0.628748 0.425565 0.370412 0.450707 0.873267
0 0.629742 0.429286 0.370779 0.438166 0.806399
0 0.621955 0.424715 0.37364 0.448428 0.841058
0 0.611766 0.42226 0.385601 0.451392 0.819801
0 0.632756 0.426665 0.373627 0.43985 0.910096
0 0.63291 0.420504 0.404089 0.47127 0.793094
0 0.628215 0.420882 0.37608 0.461577 0.88933
0 0.624165 0.423073 0.384748 0.458486 0.864938
0 0.618504 0.42557 0.374112 0.452123 0.737044
0 0.628305 0.423243 0.382336 0.452703 0.821773
0 0.63413 0.43054 0.370059 0.431473 0.850091
0 0.636557 0.420834 0.392397 0.456994 0.842465
0 0.629194 0.428109 0.376469 0.44382 0.830649
0 0.624378 0.42833 0.380538 0.458239 0.836784
0 0.624882 0.427017 0.382371 0.441744 0.812268
0 0.626728 0.423383 0.391909 0.453264 0.850021
0 0.631435 0.429287 0.376488 0.439397 0.874005
0 0.625454 0.421912 0.386075 0.454297 0.845599
0 0.629326 0.42564 0.383904 0.453291 0.869979
0 0.630604 0.42555 0.390553 0.460591 0.878192
0 0.615712 0.429346 0.387209 0.449235 0.810454
0 0.641206 0.42121 0.384765 0.448266 0.846068
0 0.628879 0.416194 0.403932 0.46487 0.831855
0 0.63035 0.421203 0.388092 0.459396 0.807577
0 0.633134 0.42505 0.378751 0.451551 0.864061
0 0.623114 0.424507 0.372399 0.434504 0.880128
0 0.629208 0.419882 0.383272 0.456728 0.863484
0 0.629386 0.42199 0.380175 0.453277 0.88244
0 0.628911 0.411177 0.386687 0.47059 0.839843
0 0.637574 0.418317 0.390432 0.461266 0.873191
0 0.63488 0.42723 0.385213 0.454792 0.854294
0 0.63257 0.421688 0.379749 0.45607 0.869785
0 0.629777 0.419633 0.381109 0.459464 0.864338
0 0.63318 0.422187 0.390225 0.464542 0.884236
0 0.625713 0.424193 0.376378 0.450521 0.845688
0 0.627216 0.425861 0.384779 0.44765 0.85392
0 0.621625 0.422601 0.377412 0.448619 0.862508
0 0.62034 0.424698 0.371447 0.448301 0.874196
0 0.62142 0.425597 0.379501 0.448415 0.866693
0 0.62236 0.42184 0.389795 0.461282 0.861655
0 0.625602 0.420084 0.390483 0.468731 0.834702
0 0.627798 0.423479 0.379968 0.452974 0.887197
0 0.631733 0.427278 0.377608 0.448379 0.885503
0 0.631595 0.420882 0.385022 0.463899 0.862229
0 0.636393 0.419917 0.390496 0.461065 0.859807
0 0.635731 0.422157 0.393346 0.462597 0.853797
0 0.623465 0.424171 0.384648 0.453596 0.855474
0 0.623777 0.426864 0.380778 0.45131 0.858883
0 0.628408 0.421559 0.382829 0.459363 0.858132
0 0.622924 0.424213 0.383219 0.452697 0.871459
0 0.628255 0.42733 0.386549 0.457765 0.865494
0 0.632341 0.419113 0.395117 0.466191 0.857048
0 0.626434 0.423912 0.381445 0.459195 0.886768
0 0.628035 0.42728 0.38069 0.450968 0.89341
0 0.625639 0.426061 0.379976 0.45321 0.89276
0 0.629131 0.424529 0.382276 0.450897 0.873396
0 0.625814 0.424878 0.38333 0.454419 0.892327
0 0.628758 0.426791 0.381008 0.451051 0.884048
0 0.624415 0.42707 0.380415 0.450775 0.895457
0 0.628355 0.427731 0.382115 0.452553 0.895614
0 0.626304 0.427295 0.380286 0.452724 0.890357
0 0.624376 0.427057 0.380404 0.450765 0.895625
