0 0.342954 0.359063 0.257263 0.308207 0.814227
0 0.638995 0.34851 0.226329 0.261602 0.635157
0 0.311468 0.354201 0.207092 0.224195 0.985535
0 0.624956 0.346781 0.215808 0.251448 0.919485
0 0.655753 0.34281 0.268429 0.305916 0.738804
0 0.634112 0.34515 0.237953 0.278445 0.661064
0 0.63625 0.348559 0.260056 0.307946 0.747543
0 0.638 0.356387 0.247008 0.29571 0.694774
0 0.346185 0.345378 0.208675 0.240214 0.639768
0 0.634723 0.347467 0.226303 0.261062 0.771828
0 0.632028 0.349048 0.235064 0.282674 0.8285
0 0.340945 0.348014 0.197495 0.226456 0.732354
0 0.639188 0.350064 0.241027 0.276365 0.889664
0 0.340131 0.344183 0.197284 0.226217 0.786779
0 0.647227 0.352332 0.248935 0.288535 0.821091
0 0.348272 0.348737 0.171999 0.200122 0.625111
0 0.629299 0.347539 0.247775 0.286071 0.79721
0 0.341549 0.346848 0.211253 0.237794 0.731456
0 0.637218 0.35415 0.241604 0.284765 0.789543
0 0.349045 0.344826 0.190297 0.221049 0.72829
0 0.644341 0.354353 0.245526 0.285221 0.83888
0 0.348442 0.345363 0.205531 0.239533 0.744164
0 0.641162 0.350303 0.235994 0.272519 0.863713
0 0.344399 0.347225 0.197515 0.226245 0.710626
0 0.635956 0.352372 0.220328 0.263208 0.838353
0 0.345545 0.345687 0.191115 0.222671 0.76262
0 0.646234 0.34622 0.243308 0.285678 0.886748
0 0.349787 0.34573 0.208302 0.237006 0.882009
0 0.641218 0.355796 0.24719 0.293668 0.77418
0 0.347495 0.34997 0.192327 0.23105 0.617735
0 0.338427 0.347753 0.212686 0.24396 0.74997
0 0.641294 0.353276 0.259093 0.295394 0.706183
0 0.64372 0.347528 0.244789 0.285324 0.800866
0 0.344705 0.345443 0.201156 0.233986 0.800487
0 0.348217 0.346915 0.197153 0.224882 0.87951
0 0.640946 0.352412 0.223729 0.261847 0.849372
0 0.344417 0.348521 0.198176 0.233547 0.806373
0 0.642222 0.359777 0.242856 0.293464 0.797855
0 0.63521 0.346234 0.234256 0.26079 0.855901
0 0.34173 0.343227 0.207045 0.236745 0.789791
0 0.645206 0.348436 0.238862 0.284695 0.910194
0 0.344336 0.341894 0.199889 0.231719 0.831734
0 0.642462 0.352189 0.24589 0.285255 0.84814
0 0.344839 0.350344 0.206151 0.23458 0.815472
0 0.636834 0.35505 0.233931 0.278974 0.860227
0 0.345044 0.351752 0.206571 0.231228 0.8362
0 0.63999 0.349711 0.237853 0.285771 0.806568
0 0.339372 0.345642 0.199841 0.231811 0.79479
0 0.644484 0.35542 0.234297 0.26794 0.781978
0 0.341693 0.350021 0.190888 0.224691 0.735565
0 0.646571 0.346834 0.247809 0.285748 0.814873
0 0.343687 0.342282 0.212587 0.245262 0.77274
0 0.343918 0.34319 0.207142 0.242025 0.848995
0 0.646173 0.355525 0.252085 0.286189 0.826497
0 0.644401 0.348054 0.238344 0.28214 0.843511
0 0.342571 0.348632 0.211181 0.249178 0.820898
0 0.64174 0.353081 0.244247 0.285684 0.842165
0 0.342642 0.349078 0.202208 0.238562 0.825205
0 0.34262 0.347073 0.210649 0.246906 0.847609
0 0.641429 0.351604 0.250833 0.285708 0.826131
0 0.64905 0.352188 0.255472 0.296479 0.762939
0 0.347161 0.338328 0.218619 0.249911 0.750418
0 0.646259 0.341845 0.249168 0.291984 0.7392
0 0.346277 0.343767 0.207981 0.242573 0.723896
0 0.642663 0.354076 0.2388 0.273564 0.86231
0 0.348885 0.343601 0.20516 0.239779 0.833947
0 0.652775 0.350905 0.247161 0.288339 0.837941
0 0.348458 0.341466 0.204849 0.238592 0.827897
0 0.643183 0.346283 0.24372 0.280424 0.836892
0 0.344778 0.347548 0.202885 0.227423 0.799667
0 0.348985 0.349786 0.20912 0.240236 0.808886
0 0.64405 0.352042 0.241517 0.281882 0.78017
0 0.345809 0.3415 0.205195 0.240794 0.874595
0 0.639679 0.341252 0.237129 0.272114 0.854329
0 0.645328 0.350875 0.244222 0.283882 0.830444
0 0.343543 0.342608 0.206847 0.245748 0.82925
0 0.347448 0.345584 0.203904 0.238397 0.886019
0 0.644971 0.349044 0.237964 0.281063 0.826279
0 0.346291 0.346926 0.202148 0.238138 0.855373
0 0.648642 0.353431 0.24401 0.284661 0.798947
0 0.645949 0.345002 0.241672 0.278668 0.809011
0 0.342337 0.341094 0.197403 0.229154 0.807318
0 0.346279 0.346194 0.198189 0.230107 0.858259
0 0.644753 0.347673 0.230437 0.26765 0.851633
0 0.344416 0.349546 0.207477 0.239125 0.85016
0 0.637066 0.353059 0.23423 0.273023 0.838636
0 0.648311 0.357692 0.244736 0.277553 0.84124
0 0.348526 0.351647 0.205371 0.23436 0.824662
0 0.645057 0.353316 0.243806 0.279346 0.825131
0 0.343093 0.349775 0.205323 0.239374 0.815074
0 0.347583 0.350358 0.206106 0.237097 0.815208
0 0.646436 0.346458 0.235432 0.275695 0.793816
0 0.346501 0.347869 0.202692 0.238306 0.875433
0 0.646941 0.349952 0.240574 0.280599 0.826081
0 0.347387 0.342482 0.207329 0.235377 0.890433
0 0.646653 0.350503 0.245075 0.283057 0.841926
0 0.346199 0.344223 0.203993 0.237515 0.872148
0 0.64533 0.349452 0.239759 0.278806 0.85012
0 0.345266 0.350121 0.196122 0.232138 0.836882
0 0.650415 0.353999 0.241982 0.280005 0.816242
0 0.346611 0.347951 0.201909 0.235916 0.851125
0 0.643628 0.347993 0.237187 0.275153 0.814553
0 0.347443 0.345778 0.211944 0.247155 0.823507
0 0.65032 0.345398 0.244984 0.284721 0.821976
0 0.34772 0.349107 0.203952 0.235002 0.838807
0 0.647925 0.348746 0.235747 0.274799 0.80786
0 0.349092 0.343051 0.210352 0.242381 0.886427
0 0.645211 0.350946 0.240769 0.280161 0.84801
0 0.346961 0.344691 0.206389 0.240803 0.829382
0 0.651291 0.343271 0.242879 0.28592 0.779543
0 0.348006 0.345133 0.205604 0.239904 0.860799
0 0.650901 0.345116 0.247915 0.290842 0.80236
0 0.346839 0.350363 0.198037 0.234679 0.847159
0 0.644638 0.350383 0.245212 0.28889 0.791568
0 0.3497 0.349857 0.202583 0.235765 0.858122
0 0.646945 0.351546 0.23906 0.279398 0.839025
0 0.346619 0.347339 0.207251 0.240444 0.808281
0 0.648057 0.34547 0.243711 0.285038 0.791985
0 0.346852 0.348348 0.203709 0.237796 0.873697
0 0.643383 0.347721 0.245756 0.286349 0.837717
0 0.345299 0.346935 0.208641 0.244504 0.861541
0 0.646432 0.349533 0.240151 0.280211 0.842232
0 0.351256 0.349333 0.195979 0.232983 0.875043
0 0.642467 0.348444 0.2345 0.280245 0.839799
0 0.34872 0.34693 0.204799 0.239394 0.869532
0 0.65078 0.34605 0.238533 0.277647 0.845518
0 0.348194 0.354208 0.193456 0.227982 0.836776
0 0.645654 0.348011 0.238515 0.283461 0.819553
0 0.347726 0.348798 0.202464 0.238172 0.883896
0 0.647604 0.349612 0.237796 0.277378 0.865095
0 0.347881 0.350505 0.206595 0.240457 0.864084
0 0.646928 0.350659 0.241017 0.282791 0.821418
0 0.346184 0.344171 0.203016 0.237757 0.884358
0 0.648583 0.344444 0.244063 0.287723 0.854819
0 0.346923 0.346732 0.206034 0.242458 0.864111
0 0.643249 0.349286 0.236153 0.27962 0.863036
0 0.345991 0.345103 0.207891 0.242407 0.860881
0 0.643067 0.348581 0.236186 0.279116 0.828599
0 0.34625 0.343182 0.205512 0.23816 0.850618
0 0.645067 0.344618 0.241381 0.281881 0.818189
0 0.346977 0.344179 0.207376 0.239506 0.887047
0 0.644496 0.344271 0.239497 0.280811 0.855882
0 0.349263 0.343033 0.209034 0.242113 0.882548
0 0.647003 0.345234 0.240655 0.281832 0.850282
0 0.346699 0.343584 0.20921 0.240872 0.876027
0 0.644763 0.343654 0.24489 0.284902 0.829883
0 0.349109 0.342456 0.20528 0.237184 0.865485
0 0.646963 0.342684 0.243678 0.28657 0.84166
0 0.3474 0.345266 0.208073 0.240376 0.881066
0 0.646827 0.344188 0.242679 0.282619 0.841559
0 0.346671 0.346379 0.204017 0.234051 0.84601
0 0.644098 0.344539 0.240168 0.279627 0.816421
0 0.347998 0.347192 0.210732 0.245452 0.868608
0 0.64233 0.344892 0.242358 0.284817 0.823835
0 0.34775 0.345321 0.208364 0.243126 0.866024
0 0.644886 0.344016 0.241072 0.284355 0.815545
0 0.348942 0.347254 0.205154 0.236595 0.864153
0 0.646493 0.343946 0.241071 0.282099 0.822788
0 0.348537 0.344968 0.205455 0.238563 0.859849
0 0.6487 0.345558 0.241779 0.280983 0.820585
0 0.347333 0.343141 0.200966 0.234367 0.885713
0 0.644659 0.343022 0.235785 0.276977 0.855269
0 0.34827 0.345059 0.204021 0.236372 0.880437
0 0.646088 0.34433 0.238028 0.279236 0.843969
0 0.3477 0.345028 0.209975 0.243891 0.881654
0 0.645009 0.343724 0.244059 0.287378 0.849044
0 0.347882 0.346642 0.205563 0.238141 0.860806
0 0.647815 0.347555 0.243701 0.286142 0.823844
0 0.349384 0.346986 0.202023 0.234697 0.897403
0 0.647455 0.346635 0.245154 0.28461 0.856482
0 0.3497 0.348648 0.201461 0.233039 0.888752
0 0.644372 0.347974 0.24087 0.28274 0.859311
0 0.349195 0.346517 0.204064 0.235786 0.890512
0 0.647742 0.346363 0.239429 0.280998 0.850214
0 0.349325 0.346597 0.204012 0.237135 0.893751
0 0.645447 0.346345 0.238783 0.279346 0.862672
0 0.349376 0.344874 0.205129 0.237994 0.871371
0 0.646843 0.34339 0.241341 0.2849 0.837228
0 0.35018 0.346456 0.204376 0.23745 0.887403
0 0.646708 0.346897 0.239305 0.279388 0.863431
0 0.34832 0.345941 0.203154 0.236117 0.882742
0 0.645478 0.345822 0.240674 0.281038 0.852331
0 0.348969 0.346999 0.203046 0.2362 0.896898
0 0.645632 0.346735 0.240479 0.282155 0.868325
0 0.34874 0.347214 0.202139 0.235598 0.886441
0 0.64566 0.346485 0.239995 0.281543 0.860838
0 0.349589 0.346135 0.203754 0.237219 0.890619
0 0.646286 0.346137 0.241016 0.282479 0.86339
0 0.348962 0.346984 0.203037 0.236197 0.896693
0 0.645613 0.346729 0.240452 0.282148 0.868078
