0 0.681228 0.281811 0.189435 0.216197 0.742315
0 0.68966 0.290726 0.226411 0.267139 0.627166
0 0.686928 0.275433 0.224351 0.254069 0.665033
0 0.679993 0.279712 0.212804 0.243597 0.654379
0 0.680635 0.279845 0.21082 0.239578 0.732939
0 0.684289 0.27738 0.232819 0.254337 0.646803
0 0.688359 0.281695 0.213183 0.238386 0.640494
0 0.685521 0.279204 0.214589 0.241182 0.713601
0 0.685762 0.282542 0.213539 0.243957 0.622568
0 0.679352 0.276893 0.209068 0.241369 0.739364
0 0.685264 0.276723 0.216148 0.247691 0.750109
0 0.6786 0.283802 0.210504 0.247414 0.75125
0 0.679317 0.276032 0.218331 0.250718 0.742503
0 0.678124 0.279182 0.206914 0.240481 0.719851
0 0.677968 0.285044 0.205014 0.23136 0.827447
0 0.683675 0.282474 0.220407 0.264364 0.75279
0 0.674696 0.279732 0.21135 0.238896 0.77354
0 0.679856 0.281838 0.210219 0.244314 0.844446
0 0.675083 0.284906 0.219844 0.252219 0.766955
0 0.677401 0.286025 0.211679 0.242084 0.805492
0 0.676761 0.284065 0.223013 0.26275 0.77076
0 0.682037 0.284896 0.203368 0.23136 0.698653
0 0.679728 0.280863 0.211845 0.24402 0.761908
0 0.677075 0.27077 0.221758 0.259307 0.826863
0 0.679139 0.28185 0.2111 0.244776 0.775964
0 0.678968 0.282322 0.218837 0.256031 0.829855
0 0.679893 0.279915 0.227802 0.260541 0.832169
0 0.681266 0.278058 0.221693 0.263034 0.764112
0 0.681569 0.276993 0.212142 0.242649 0.69501
0 0.683175 0.281185 0.20995 0.243699 0.79475
0 0.683232 0.277959 0.207906 0.241392 0.808432
0 0.680404 0.277919 0.211838 0.239104 0.767483
0 0.680278 0.283319 0.209847 0.243288 0.74651
0 0.681624 0.280176 0.219406 0.25209 0.8296
0 0.680925 0.279794 0.210227 0.243781 0.779876
0 0.684879 0.28065 0.215113 0.245852 0.811055
0 0.683165 0.281345 0.211571 0.245045 0.810166
0 0.677208 0.277826 0.206406 0.235041 0.794571
0 0.683267 0.280919 0.21313 0.244182 0.828224
0 0.680366 0.282739 0.21016 0.242494 0.829597
0 0.684033 0.285297 0.213824 0.242227 0.817593
0 0.681925 0.280803 0.214551 0.248254 0.823639
0 0.678249 0.282443 0.203888 0.23864 0.797488
0 0.683154 0.282217 0.209376 0.246011 0.831229
0 0.681949 0.283093 0.211374 0.241309 0.863974
0 0.682624 0.278218 0.20934 0.243793 0.821594
0 0.682694 0.282165 0.205744 0.238877 0.809584
0 0.680937 0.278669 0.203402 0.235612 0.797815
0 0.687107 0.277458 0.219646 0.255517 0.803963
0 0.682131 0.283626 0.203236 0.238097 0.781096
0 0.680699 0.282617 0.207369 0.23882 0.842252
0 0.678597 0.279858 0.202782 0.238657 0.783156
0 0.681973 0.276547 0.211921 0.245579 0.813515
0 0.682714 0.282074 0.21388 0.246311 0.833328
0 0.682862 0.283924 0.206132 0.237451 0.823123
0 0.682978 0.28005 0.208228 0.243287 0.785515
0 0.6803 0.284071 0.207007 0.240339 0.874501
0 0.68083 0.277227 0.225333 0.26393 0.825262
0 0.681395 0.28301 0.20671 0.238508 0.837885
0 0.686162 0.281751 0.209344 0.238391 0.855507
0 0.680838 0.282836 0.20493 0.238963 0.802611
0 0.68441 0.281076 0.209322 0.244227 0.832989
0 0.685501 0.283246 0.211841 0.244223 0.817234
0 0.684398 0.281303 0.215004 0.248424 0.895404
0 0.680288 0.280934 0.207647 0.24248 0.874301
0 0.681553 0.282114 0.206675 0.240229 0.848455
0 0.684027 0.28228 0.20787 0.238395 0.829092
0 0.683069 0.28167 0.208841 0.240625 0.864967
0 0.685928 0.280834 0.21199 0.243973 0.857031
0 0.682118 0.279461 0.20938 0.241483 0.844654
0 0.685996 0.279314 0.210396 0.24133 0.854936
0 0.682916 0.280798 0.210045 0.242732 0.847581
0 0.68424 0.28118 0.212276 0.243644 0.831085
0 0.686371 0.279993 0.218898 0.25087 0.840768
0 0.688405 0.279596 0.218844 0.251753 0.820489
0 0.688151 0.278542 0.218816 0.248972 0.816145
0 0.688325 0.280406 0.215681 0.245574 0.826782
0 0.685704 0.279514 0.212074 0.24339 0.85948
0 0.684953 0.280814 0.212081 0.242436 0.843897
0 0.685028 0.281098 0.213972 0.244725 0.86489
0 0.686943 0.282074 0.210777 0.241427 0.838097
0 0.687224 0.282142 0.21421 0.245384 0.853966
0 0.686349 0.283284 0.212142 0.242858 0.841834
0 0.690196 0.280906 0.216361 0.246378 0.843339
0 0.686432 0.281732 0.212969 0.243356 0.855739
0 0.688571 0.280628 0.215867 0.247055 0.82665
0 0.687285 0.282083 0.213979 0.244164 0.851577
0 0.686129 0.281841 0.212288 0.243508 0.844797
0 0.685789 0.282009 0.212824 0.244426 0.860381
0 0.685766 0.282436 0.211943 0.243424 0.850845
0 0.685425 0.282311 0.212234 0.243965 0.856179
0 0.685793 0.282003 0.21281 0.244407 0.860096
