0 0.275997 0.333084 0.551994 0.664954 0.706948
0 0.274125 0.297601 0.465776 0.53707 0.632404
0 0.270887 0.299311 0.457478 0.546053 0.660605
0 0.255338 0.282632 0.429406 0.469109 0.678544
0 0.253206 0.308108 0.463088 0.552909 0.727383
0 0.24554 0.285978 0.399335 0.473822 0.605607
0 0.275374 0.30608 0.478674 0.561813 0.677044
0 0.266488 0.294406 0.479201 0.527907 0.640968
0 0.269227 0.302062 0.441111 0.510188 0.701785
0 0.264454 0.3026 0.4434 0.523254 0.693751
0 0.279685 0.297652 0.474525 0.546345 0.748243
0 0.268081 0.304918 0.447989 0.514364 0.732703
0 0.26984 0.301665 0.404311 0.480762 0.696757
0 0.279083 0.290134 0.468901 0.537419 0.7464
0 0.271186 0.298709 0.441736 0.522307 0.808167
0 0.273333 0.288514 0.491246 0.534011 0.631297
0 0.275028 0.302602 0.494693 0.552202 0.639665
0 0.2652 0.300424 0.473832 0.537237 0.669141
0 0.267955 0.306496 0.431833 0.503999 0.634774
0 0.279489 0.304803 0.461151 0.533581 0.671743
0 0.272231 0.298999 0.484228 0.53195 0.714942
0 0.272852 0.291238 0.460254 0.520103 0.804441
0 0.271573 0.293858 0.445395 0.499969 0.772601
0 0.27967 0.297646 0.454167 0.505396 0.749803
0 0.274161 0.306148 0.455402 0.509388 0.760315
0 0.27754 0.29769 0.438025 0.51527 0.771891
0 0.27324 0.298307 0.437326 0.510991 0.770749
0 0.269669 0.304178 0.462881 0.538498 0.749692
0 0.275124 0.303799 0.443263 0.521996 0.728909
0 0.284609 0.301447 0.475795 0.532222 0.75163
0 0.283996 0.292458 0.464062 0.528562 0.697723
0 0.276709 0.293713 0.462037 0.525506 0.714639
0 0.274116 0.299634 0.457479 0.522769 0.778057
0 0.271158 0.301928 0.452215 0.516029 0.748038
0 0.280293 0.303171 0.476594 0.521804 0.744241
0 0.550384 0.425327 0.824093 0.850655 0.638548
0 0.274772 0.295117 0.471703 0.521643 0.761483
0 0.276021 0.306462 0.450829 0.517641 0.785558
0 0.272872 0.294615 0.45288 0.525155 0.779413
0 0.277523 0.298571 0.453721 0.515261 0.755437
0 0.52103 0.450464 0.842133 0.900927 0.621072
0 0.279324 0.293988 0.461708 0.52287 0.710946
0 0.272761 0.296583 0.455577 0.515059 0.766982
0 0.274019 0.301061 0.454486 0.514503 0.777987
0 0.274469 0.295768 0.450864 0.514839 0.780753
0 0.274994 0.294965 0.458163 0.520834 0.766598
0 0.273544 0.297965 0.465542 0.522815 0.775623
0 0.276929 0.292914 0.4647 0.518184 0.75555
0 0.272415 0.291578 0.465847 0.522339 0.796906
0 0.280781 0.293191 0.473302 0.52945 0.767828
0 0.27645 0.297153 0.468146 0.526017 0.796841
0 0.280327 0.293409 0.473246 0.52737 0.76817
0 0.274099 0.294245 0.467928 0.524245 0.809974
0 0.27726 0.296098 0.463509 0.519275 0.799656
0 0.272781 0.294225 0.459948 0.516825 0.817848
0 0.280247 0.294674 0.467955 0.522902 0.810264
0 0.27764 0.294403 0.465617 0.519539 0.808418
0 0.272766 0.294214 0.459946 0.516825 0.818018
