0 0.395101 0.126422 0.231043 0.252845 0.869114
0 0.425775 0.224169 0.456322 0.448338 0.687675
0 0.45485 0.248433 0.458708 0.496866 0.609312
0 0.407337 0.243714 0.462249 0.487428 0.673853
0 0.436762 0.271633 0.518411 0.543266 0.637622
0 0.456836 0.257161 0.494691 0.514322 0.611191
0 0.433336 0.270955 0.544814 0.54191 0.766703
0 0.449555 0.28693 0.645283 0.566064 0.716813
0 0.431613 0.266139 0.517218 0.532278 0.692759
0 0.441773 0.265941 0.545122 0.509759 0.734726
0 0.45139 0.276118 0.544342 0.548006 0.759308
0 0.434655 0.260843 0.505292 0.521686 0.657488
0 0.465502 0.29176 0.571601 0.583519 0.700328
0 0.447504 0.273267 0.530049 0.543941 0.653553
0 0.429498 0.295797 0.603545 0.57661 0.756849
0 0.450858 0.282366 0.558044 0.526303 0.612198
0 0.475565 0.304166 0.608875 0.608332 0.641909
0 0.44193 0.26217 0.54519 0.524339 0.714494
0 0.44774 0.282838 0.575472 0.56173 0.71372
0 0.459447 0.286676 0.59428 0.563112 0.673447
0 0.445008 0.273211 0.566543 0.545559 0.717981
0 0.423319 0.287212 0.642613 0.572096 0.682726
0 0.464324 0.27167 0.54233 0.54033 0.801102
0 0.435392 0.280771 0.585925 0.545757 0.768368
0 0.458032 0.268974 0.559987 0.537948 0.78764
0 0.438183 0.296916 0.584935 0.579602 0.643138
0 0.432102 0.296182 0.616585 0.57251 0.746113
0 0.453269 0.283197 0.566084 0.540247 0.787345
0 0.433379 0.289697 0.5884 0.558536 0.801899
0 0.447753 0.283849 0.589535 0.548672 0.731569
0 0.448318 0.268277 0.547048 0.534393 0.796493
0 0.444193 0.277599 0.583213 0.546313 0.763618
0 0.443318 0.272841 0.575051 0.54272 0.7597
0 0.439668 0.285733 0.606078 0.556318 0.833143
0 0.466741 0.26944 0.582775 0.538881 0.708711
0 0.446872 0.275912 0.588422 0.543357 0.797565
0 0.439434 0.277845 0.565572 0.532632 0.831366
0 0.43621 0.28096 0.57024 0.547342 0.739185
0 0.457939 0.280229 0.567856 0.543498 0.811049
0 0.449566 0.276671 0.612716 0.545862 0.78664
0 0.435493 0.293647 0.622074 0.56204 0.703618
0 0.440581 0.282903 0.616267 0.552441 0.835543
0 0.426747 0.275115 0.572898 0.542973 0.79925
0 0.421703 0.289194 0.638706 0.565037 0.797857
0 0.45412 0.27195 0.584073 0.5439 0.773763
0 0.416421 0.280837 0.602412 0.532611 0.763799
0 0.450781 0.276332 0.583705 0.54108 0.755621
0 0.434576 0.279685 0.560272 0.555266 0.742922
0 0.436927 0.271328 0.556478 0.533105 0.798628
0 0.438243 0.271685 0.550793 0.536246 0.814174
0 0.445416 0.283614 0.572479 0.553794 0.793547
0 0.433997 0.280231 0.573115 0.557093 0.755096
0 0.434868 0.281005 0.580436 0.558425 0.761705
0 0.435065 0.278945 0.566123 0.544419 0.762104
0 0.441568 0.269104 0.537361 0.534221 0.75711
0 0.436147 0.277576 0.565003 0.548328 0.77648
0 0.433246 0.272652 0.570344 0.543881 0.771539
0 0.426142 0.280366 0.57813 0.553062 0.758029
0 0.436566 0.276273 0.576966 0.548173 0.778552
0 0.437654 0.27741 0.566916 0.554055 0.802293
0 0.43689 0.274296 0.574171 0.537748 0.762304
0 0.433848 0.273603 0.57657 0.541877 0.765375
0 0.432659 0.276248 0.601426 0.549486 0.721026
0 0.438563 0.273456 0.576785 0.540292 0.763724
0 0.424015 0.278506 0.579875 0.548896 0.752148
0 0.433683 0.272665 0.568447 0.538843 0.806399
0 0.438057 0.275045 0.57102 0.546941 0.808431
0 0.433001 0.282918 0.58663 0.558829 0.776169
0 0.427589 0.269042 0.569733 0.538084 0.800241
0 0.429415 0.276217 0.573495 0.543994 0.829938
0 0.430368 0.278514 0.577978 0.545436 0.828
0 0.425631 0.282624 0.576659 0.552862 0.831833
0 0.431017 0.277647 0.597279 0.545098 0.806735
0 0.425974 0.279851 0.592097 0.549051 0.838409
0 0.427964 0.279278 0.585332 0.549217 0.832345
0 0.426409 0.277238 0.579332 0.545526 0.850347
0 0.429854 0.281511 0.588646 0.551239 0.855017
0 0.429205 0.281082 0.587918 0.549236 0.845104
0 0.426384 0.277228 0.579266 0.54551 0.85044
