0 0.789646 0.314224 0.250427 0.289896 0.730209
0 0.099057 0.435751 0.198114 0.284914 0.994638
0 0.805816 0.278662 0.203591 0.236734 0.937248
0 0.824104 0.314888 0.242581 0.290901 0.805579
0 0.093326 0.528527 0.186652 0.289365 0.645285
0 0.287628 0.317357 0.251416 0.291701 0.830484
0 0.1144 0.448555 0.2288 0.383423 0.748813
0 0.568485 0.350228 0.305239 0.393902 0.698361
0 0.783049 0.342401 0.308333 0.369788 0.654938
0 0.229411 0.790054 0.338326 0.359565 0.891789
0 0.549512 0.325938 0.324707 0.339755 0.827737
0 0.273407 0.325548 0.243034 0.27426 0.793738
0 0.109964 0.443129 0.219928 0.326234 0.716544
0 0.783551 0.323045 0.332693 0.342835 0.644754
0 0.247575 0.80023 0.337096 0.399539 0.753537
0 0.276346 0.326766 0.259982 0.306534 0.680676
0 0.539758 0.336295 0.285371 0.335304 0.613434
0 0.250532 0.794481 0.368936 0.411037 0.745061
0 0.272833 0.327438 0.253212 0.305945 0.694916
0 0.243864 0.793965 0.373344 0.41207 0.861829
0 0.789267 0.31624 0.342504 0.370274 0.773216
0 0.119288 0.433307 0.238576 0.330478 0.73787
0 0.267283 0.327315 0.266373 0.318713 0.693555
0 0.560015 0.318691 0.318732 0.363271 0.663045
0 0.114345 0.44002 0.228689 0.353383 0.881171
0 0.234882 0.788928 0.34627 0.411156 0.869406
0 0.265498 0.331293 0.284223 0.344646 0.83489
0 0.564517 0.323674 0.335045 0.399163 0.800986
0 0.806065 0.319967 0.319054 0.376138 0.741967
0 0.790205 0.322111 0.281248 0.350726 0.805193
0 0.10901 0.436008 0.218021 0.331012 0.801109
0 0.269772 0.325539 0.250366 0.2944 0.761157
0 0.232076 0.801329 0.331731 0.397342 0.693274
0 0.557025 0.327268 0.282099 0.342997 0.666367
0 0.229055 0.797338 0.3389 0.405323 0.865278
0 0.26616 0.32685 0.272067 0.319715 0.824204
0 0.545024 0.333659 0.282181 0.326642 0.757185
0 0.106356 0.438132 0.212712 0.335239 0.702192
0 0.269795 0.322005 0.262237 0.313297 0.885251
0 0.226478 0.788429 0.310643 0.38223 0.860014
0 0.111727 0.433794 0.223454 0.339741 0.822769
0 0.550118 0.319886 0.289176 0.353063 0.755376
0 0.786031 0.319397 0.304166 0.339807 0.714916
0 0.262361 0.329987 0.269445 0.313022 0.832206
0 0.111062 0.43728 0.222124 0.335294 0.824741
0 0.799466 0.323503 0.319307 0.346149 0.792301
0 0.245336 0.788169 0.344164 0.404703 0.787142
0 0.583053 0.318275 0.326031 0.358243 0.734435
0 0.245606 0.789186 0.360626 0.421629 0.77598
0 0.263609 0.326823 0.28922 0.321988 0.726902
0 0.564726 0.318785 0.311487 0.363919 0.666914
0 0.111421 0.435328 0.222843 0.346482 0.628178
0 0.269993 0.325084 0.267705 0.308593 0.834575
0 0.114624 0.435929 0.229248 0.342093 0.824786
0 0.556258 0.327445 0.29925 0.356954 0.743919
0 0.786067 0.321056 0.323238 0.371161 0.733276
0 0.245254 0.789978 0.346412 0.395312 0.719845
0 0.271091 0.333318 0.285248 0.326372 0.826422
0 0.115963 0.439269 0.231927 0.347124 0.819375
0 0.790451 0.317954 0.329197 0.359844 0.778175
0 0.570248 0.322099 0.324081 0.37118 0.763923
0 0.255359 0.787987 0.352967 0.40125 0.725022
0 0.111594 0.436451 0.223189 0.351765 0.857875
0 0.267776 0.333452 0.28237 0.326413 0.846847
0 0.559217 0.329451 0.277685 0.332959 0.813521
0 0.236376 0.789578 0.364127 0.420844 0.740277
0 0.789031 0.332036 0.314534 0.353933 0.70896
0 0.244573 0.795158 0.319728 0.374538 0.899998
0 0.115163 0.436648 0.230327 0.344165 0.889293
0 0.267962 0.328907 0.269685 0.312843 0.85278
0 0.797146 0.322459 0.295522 0.330677 0.83461
0 0.554783 0.33085 0.277418 0.327226 0.810887
0 0.263343 0.323212 0.279867 0.32414 0.847523
0 0.115914 0.432704 0.231829 0.365956 0.806509
0 0.557257 0.330293 0.295992 0.34721 0.752989
0 0.792808 0.31318 0.323501 0.359153 0.748058
0 0.241464 0.787167 0.345999 0.401253 0.707092
0 0.113899 0.433581 0.227797 0.353614 0.826851
0 0.259882 0.328931 0.285419 0.333326 0.766945
0 0.796907 0.31036 0.331885 0.378431 0.752153
0 0.241918 0.788067 0.35888 0.420279 0.741228
0 0.559643 0.322766 0.316611 0.375513 0.726586
0 0.785135 0.313105 0.333447 0.376005 0.783364
0 0.233538 0.786907 0.343982 0.394368 0.755499
0 0.261072 0.327996 0.283403 0.330005 0.734589
0 0.112167 0.431073 0.224333 0.353611 0.734142
0 0.555151 0.322884 0.307908 0.354566 0.714323
0 0.262347 0.328321 0.283174 0.328104 0.88534
0 0.118316 0.429808 0.236632 0.352132 0.830421
0 0.780984 0.312083 0.314535 0.357225 0.814012
0 0.556832 0.326126 0.285737 0.334365 0.769367
0 0.22579 0.786955 0.362032 0.41661 0.743163
0 0.267834 0.32832 0.255485 0.300749 0.833257
0 0.785345 0.323284 0.303724 0.340425 0.823967
0 0.556735 0.330647 0.280361 0.328988 0.815106
0 0.224635 0.793526 0.313675 0.372813 0.806407
0 0.114102 0.433742 0.228204 0.345149 0.787828
0 0.252422 0.342215 0.271941 0.322635 0.791972
0 0.114947 0.444438 0.229895 0.36036 0.791908
0 0.794434 0.315338 0.350402 0.388766 0.777387
0 0.567383 0.34078 0.287729 0.348375 0.758297
0 0.235307 0.779267 0.385995 0.441466 0.713104
0 0.261037 0.325491 0.271418 0.305611 0.832626
0 0.785338 0.313728 0.3225 0.369978 0.818394
0 0.552035 0.328058 0.303593 0.337315 0.816824
0 0.232574 0.789919 0.337576 0.395374 0.800334
0 0.111666 0.434039 0.223332 0.339423 0.795857
0 0.26788 0.329326 0.262829 0.310607 0.915062
0 0.557285 0.333575 0.298987 0.354823 0.884693
0 0.115135 0.434839 0.230269 0.35781 0.812998
0 0.79775 0.314351 0.312572 0.374616 0.80644
0 0.237724 0.785692 0.312956 0.379584 0.726026
0 0.264917 0.336287 0.269936 0.315423 0.864352
0 0.794995 0.323981 0.340305 0.371594 0.858011
0 0.57913 0.329181 0.334598 0.37947 0.830301
0 0.245438 0.792507 0.355084 0.414986 0.80995
0 0.116305 0.438252 0.232609 0.363421 0.796066
0 0.258428 0.333318 0.274831 0.323387 0.871546
0 0.797587 0.316849 0.304153 0.35345 0.84331
0 0.548068 0.328142 0.300405 0.356882 0.834949
0 0.244605 0.792191 0.319782 0.38255 0.791245
0 0.111391 0.432857 0.222782 0.330368 0.770173
0 0.794879 0.319994 0.321217 0.365404 0.79462
0 0.108644 0.438405 0.217288 0.335499 0.768632
0 0.264319 0.331133 0.258694 0.303539 0.763315
0 0.240689 0.793276 0.33601 0.403357 0.734179
0 0.570073 0.324912 0.302544 0.355437 0.712719
0 0.237051 0.793153 0.305137 0.366986 0.841787
0 0.267808 0.326941 0.261468 0.303837 0.837163
0 0.792808 0.316311 0.306548 0.350745 0.816928
0 0.553321 0.325158 0.293404 0.338674 0.757884
0 0.11227 0.429378 0.22454 0.340326 0.752961
0 0.267382 0.325855 0.274285 0.318918 0.82886
0 0.117609 0.432166 0.235218 0.356473 0.765189
0 0.557157 0.319051 0.304481 0.341999 0.743738
0 0.790732 0.312133 0.318768 0.377546 0.729408
0 0.249184 0.788092 0.331382 0.406691 0.687411
0 0.269157 0.326454 0.275197 0.312262 0.884575
0 0.115032 0.432509 0.230064 0.359527 0.831459
0 0.555906 0.321646 0.308554 0.355566 0.781341
0 0.792747 0.313119 0.313384 0.35744 0.767863
0 0.240378 0.785946 0.331181 0.389554 0.762797
0 0.266669 0.326478 0.27462 0.316363 0.826146
0 0.560608 0.325759 0.29852 0.342227 0.761233
0 0.791192 0.317163 0.310334 0.369626 0.755098
0 0.241384 0.79119 0.321197 0.390317 0.751736
0 0.117789 0.433315 0.235578 0.351041 0.747638
0 0.263061 0.33028 0.261135 0.306155 0.893608
0 0.791805 0.320238 0.30726 0.361268 0.874555
0 0.114783 0.438047 0.229565 0.351951 0.836821
0 0.233894 0.790751 0.318414 0.38887 0.83285
0 0.562263 0.335941 0.297257 0.344818 0.820663
0 0.268195 0.33224 0.271836 0.31097 0.856354
0 0.777172 0.3195 0.322978 0.362835 0.742078
0 0.231833 0.786643 0.354064 0.420419 0.724189
0 0.113158 0.433493 0.226316 0.355097 0.709145
0 0.558623 0.325069 0.29838 0.338352 0.699899
0 0.112924 0.437241 0.225849 0.347371 0.82994
0 0.275071 0.333108 0.26534 0.306398 0.811809
0 0.238544 0.786492 0.33066 0.39917 0.793553
0 0.789676 0.321764 0.302255 0.35576 0.783472
0 0.574361 0.326931 0.301136 0.359064 0.762561
0 0.789042 0.311209 0.308616 0.357844 0.828602
0 0.575917 0.31368 0.321419 0.356967 0.784865
0 0.263693 0.323884 0.277817 0.315916 0.75669
0 0.115261 0.42845 0.230522 0.355458 0.75564
0 0.238134 0.777908 0.348263 0.403167 0.740544
0 0.271488 0.332726 0.26164 0.294817 0.838482
0 0.788997 0.321321 0.302742 0.341209 0.809809
0 0.110729 0.430897 0.221457 0.336011 0.746531
0 0.566486 0.31968 0.308386 0.345451 0.741908
0 0.242892 0.779171 0.335459 0.394619 0.729596
0 0.281598 0.332272 0.258732 0.302976 0.855816
0 0.246111 0.785183 0.314536 0.393558 0.801518
0 0.796438 0.321557 0.307934 0.362249 0.796715
0 0.11651 0.431116 0.23302 0.34604 0.795569
0 0.55789 0.32402 0.294472 0.339086 0.773558
0 0.273094 0.328522 0.270233 0.313194 0.856251
0 0.118544 0.430122 0.237088 0.352929 0.807231
0 0.558757 0.321978 0.296825 0.340418 0.800899
0 0.790132 0.319536 0.300365 0.342817 0.789501
0 0.236722 0.791307 0.318806 0.376138 0.751003
0 0.269436 0.331955 0.270022 0.314824 0.805856
0 0.79441 0.319981 0.310948 0.359076 0.794815
0 0.243255 0.778775 0.343187 0.397588 0.782373
0 0.112345 0.434748 0.224691 0.346057 0.726521
0 0.566057 0.327061 0.290413 0.349275 0.725733
0 0.260281 0.322472 0.260073 0.304812 0.87819
0 0.784903 0.312983 0.309651 0.367319 0.830974
0 0.232607 0.778593 0.334808 0.392057 0.796368
0 0.555176 0.323713 0.305365 0.359239 0.782568
0 0.105223 0.420458 0.210445 0.340526 0.771998
0 0.265815 0.331864 0.263177 0.306071 0.880894
0 0.113459 0.431523 0.226918 0.348681 0.860201
0 0.244884 0.790941 0.305955 0.36178 0.859906
0 0.790894 0.316296 0.307044 0.359024 0.856505
0 0.57287 0.331967 0.304313 0.351027 0.807189
0 0.262099 0.329793 0.271339 0.310755 0.841423
0 0.559912 0.3257 0.308463 0.349572 0.770786
0 0.795999 0.318453 0.316641 0.355404 0.769305
0 0.245976 0.784536 0.322416 0.383994 0.762813
0 0.118098 0.429735 0.236197 0.349434 0.748726
0 0.115588 0.432111 0.231177 0.346733 0.873511
0 0.23983 0.790341 0.323054 0.375813 0.855934
0 0.267938 0.333568 0.269203 0.310987 0.844165
0 0.795627 0.321692 0.313599 0.365248 0.826352
0 0.564892 0.329209 0.298183 0.348934 0.821558
0 0.241931 0.783042 0.314981 0.370293 0.828673
0 0.114766 0.425359 0.229532 0.344441 0.821949
0 0.796465 0.318416 0.310319 0.364778 0.812757
0 0.575968 0.322276 0.31815 0.365478 0.810579
0 0.267607 0.32941 0.259644 0.299656 0.810156
0 0.266981 0.329233 0.250859 0.293727 0.899805
0 0.108385 0.429505 0.21677 0.335451 0.860018
0 0.794977 0.316591 0.295893 0.343037 0.829475
0 0.233042 0.787987 0.303042 0.350078 0.811517
0 0.561656 0.325503 0.290148 0.338678 0.783332
0 0.261978 0.326485 0.264675 0.309959 0.872742
0 0.794812 0.318837 0.317804 0.367742 0.827052
0 0.240169 0.786367 0.324786 0.37986 0.801213
0 0.558686 0.320605 0.307098 0.353855 0.796588
0 0.10948 0.438373 0.21896 0.34191 0.790021
0 0.112122 0.43522 0.224245 0.34092 0.84352
0 0.270213 0.335218 0.266664 0.306418 0.838278
0 0.798117 0.320622 0.305266 0.361234 0.797468
0 0.243046 0.793972 0.315037 0.362824 0.797419
0 0.563963 0.329562 0.301525 0.354175 0.776474
0 0.115917 0.432597 0.231834 0.342647 0.871417
0 0.269067 0.332416 0.264241 0.304008 0.850039
0 0.799831 0.318283 0.304517 0.359245 0.84649
0 0.580479 0.327087 0.32168 0.358108 0.797936
0 0.246883 0.788761 0.31876 0.380541 0.791799
0 0.265297 0.32788 0.273101 0.309583 0.839636
0 0.117084 0.426703 0.234169 0.345944 0.801634
0 0.794489 0.320219 0.301648 0.365109 0.798433
0 0.242608 0.781363 0.326426 0.383405 0.795132
0 0.581757 0.323227 0.322359 0.368079 0.769703
0 0.265644 0.333266 0.269609 0.308992 0.849932
0 0.790356 0.324606 0.310938 0.364937 0.823508
0 0.237371 0.787692 0.319008 0.375689 0.796881
0 0.5743 0.329215 0.321173 0.360272 0.793035
0 0.112888 0.432469 0.225776 0.345529 0.77696
0 0.265176 0.33444 0.270699 0.309078 0.84082
0 0.795522 0.324614 0.322797 0.377623 0.815084
0 0.116308 0.433088 0.232617 0.357234 0.808315
0 0.243389 0.784663 0.322464 0.365311 0.806569
0 0.55916 0.324227 0.312884 0.360854 0.788178
0 0.267805 0.329937 0.272979 0.311996 0.851873
0 0.794041 0.318378 0.305226 0.351893 0.834177
0 0.245562 0.776879 0.328906 0.385313 0.827226
0 0.114164 0.428901 0.228329 0.347969 0.817645
0 0.561683 0.325968 0.306727 0.346318 0.802803
0 0.800019 0.318721 0.29951 0.350658 0.8311
0 0.273037 0.3373 0.2639 0.306775 0.818324
0 0.239905 0.789333 0.311215 0.361096 0.817871
0 0.11455 0.433136 0.2291 0.342547 0.810971
0 0.567576 0.32865 0.288834 0.342734 0.767548
0 0.245355 0.779732 0.331239 0.385039 0.812129
0 0.113457 0.429031 0.226914 0.352988 0.811393
0 0.796344 0.319632 0.311162 0.362504 0.809175
0 0.269179 0.332678 0.265527 0.305868 0.795112
0 0.574165 0.327844 0.322423 0.3633 0.758048
0 0.792255 0.322886 0.307349 0.362912 0.841158
0 0.240253 0.78777 0.318164 0.36734 0.832876
0 0.112892 0.433366 0.225785 0.348381 0.818115
0 0.265975 0.330749 0.268407 0.311313 0.803894
0 0.567165 0.326228 0.300179 0.348269 0.771731
0 0.245069 0.788225 0.316563 0.369837 0.858366
0 0.792982 0.32595 0.305777 0.367019 0.856673
0 0.118527 0.432354 0.237054 0.356134 0.832496
0 0.266338 0.330572 0.263152 0.309781 0.807819
0 0.574816 0.326413 0.321083 0.364646 0.794246
0 0.268021 0.334307 0.26412 0.307641 0.833872
0 0.785591 0.319792 0.312031 0.361407 0.819453
0 0.23224 0.777956 0.340197 0.382098 0.795799
0 0.562586 0.324285 0.296988 0.343355 0.784633
0 0.112076 0.427992 0.224152 0.344041 0.765016
0 0.792005 0.322944 0.299195 0.348478 0.839942
0 0.240794 0.782549 0.323812 0.378991 0.833684
0 0.111023 0.431394 0.222046 0.339421 0.813601
0 0.273069 0.331563 0.264037 0.311112 0.799173
0 0.573955 0.321543 0.303897 0.345323 0.785994
0 0.789753 0.317442 0.298281 0.352942 0.826286
0 0.575716 0.316179 0.31026 0.354094 0.807954
0 0.237346 0.776893 0.32879 0.376066 0.807785
0 0.267573 0.33057 0.270214 0.315567 0.80673
0 0.111782 0.42483 0.223564 0.346525 0.786137
0 0.264896 0.334769 0.274308 0.314167 0.847869
0 0.23811 0.784474 0.325898 0.375601 0.822168
0 0.788745 0.325285 0.309059 0.359886 0.819344
0 0.110966 0.429105 0.221933 0.347102 0.783763
0 0.573195 0.328184 0.298433 0.339367 0.772734
0 0.794514 0.323648 0.298089 0.353809 0.856949
0 0.26515 0.335417 0.263191 0.30694 0.848188
0 0.244036 0.786985 0.316762 0.367785 0.830807
0 0.56484 0.324943 0.297561 0.345436 0.794758
0 0.11289 0.430136 0.225779 0.348968 0.772951
0 0.789548 0.319847 0.299958 0.352976 0.86559
0 0.238281 0.779942 0.328007 0.375302 0.856562
0 0.112754 0.423332 0.225507 0.353497 0.818994
0 0.26804 0.329516 0.267662 0.308144 0.81863
0 0.569664 0.320671 0.314833 0.352007 0.805774
0 0.262993 0.33106 0.272848 0.314971 0.857541
0 0.238531 0.783559 0.325423 0.372778 0.855623
0 0.790269 0.319445 0.306657 0.359273 0.842711
0 0.575912 0.322023 0.3159 0.354415 0.813423
0 0.115666 0.427062 0.231332 0.360642 0.79275
0 0.269493 0.334372 0.262965 0.305373 0.852749
0 0.243255 0.783647 0.318616 0.368757 0.847454
0 0.797158 0.327619 0.293446 0.349489 0.844117
0 0.577467 0.325865 0.311014 0.352692 0.818215
0 0.115766 0.427347 0.231532 0.358891 0.815516
0 0.271727 0.334591 0.264519 0.306747 0.848279
0 0.793672 0.324985 0.295515 0.349227 0.846298
0 0.239282 0.785846 0.31269 0.362762 0.830546
0 0.573122 0.320292 0.308309 0.345012 0.796525
0 0.113108 0.425432 0.226215 0.348237 0.787526
0 0.243864 0.781882 0.324592 0.377523 0.853195
0 0.795646 0.324215 0.299634 0.349166 0.852644
0 0.585796 0.325324 0.324614 0.367516 0.834498
0 0.272136 0.329422 0.263083 0.303235 0.82788
0 0.119056 0.422423 0.238113 0.369036 0.81749
0 0.238903 0.789922 0.31164 0.3662 0.827837
0 0.789541 0.328144 0.305288 0.361977 0.824407
0 0.113204 0.426363 0.226409 0.361045 0.777386
0 0.267542 0.333501 0.264456 0.306107 0.777271
0 0.579435 0.324095 0.314681 0.356005 0.749781
0 0.242329 0.785811 0.315395 0.36784 0.854118
0 0.788445 0.328329 0.299188 0.350629 0.833273
0 0.263414 0.332181 0.265078 0.31048 0.821623
0 0.584335 0.323183 0.315006 0.355497 0.805531
0 0.11772 0.429605 0.235441 0.344269 0.802283
0 0.23747 0.785186 0.309516 0.366523 0.826765
0 0.788551 0.317588 0.311072 0.363673 0.82548
0 0.266912 0.33154 0.267471 0.311539 0.811655
0 0.11054 0.430234 0.22108 0.349262 0.801931
0 0.584183 0.323204 0.310445 0.360794 0.791671
0 0.788509 0.319759 0.312329 0.367188 0.859953
0 0.236679 0.786291 0.323551 0.374958 0.84198
0 0.274679 0.333106 0.267761 0.31266 0.840122
0 0.112492 0.430666 0.224984 0.350441 0.811841
0 0.576049 0.320725 0.315417 0.359667 0.795904
0 0.78642 0.326015 0.303827 0.352123 0.840515
0 0.238174 0.78225 0.313339 0.37353 0.818606
0 0.260953 0.334887 0.27191 0.312535 0.815431
0 0.573399 0.318636 0.313787 0.359835 0.782658
0 0.110672 0.420794 0.221345 0.368656 0.773942
0 0.243777 0.783885 0.321405 0.36772 0.830853
0 0.793643 0.322806 0.300456 0.358811 0.824735
0 0.261515 0.334726 0.268958 0.314471 0.794255
0 0.578936 0.318775 0.32023 0.354776 0.788759
0 0.111225 0.425711 0.222451 0.362557 0.780085
0 0.233118 0.778829 0.317405 0.361009 0.840995
0 0.788099 0.321723 0.298635 0.340794 0.837425
0 0.267663 0.33502 0.267159 0.309146 0.820411
0 0.577539 0.318653 0.316179 0.351786 0.813818
0 0.110365 0.426996 0.22073 0.348599 0.812121
0 0.267293 0.33525 0.269424 0.313743 0.87358
0 0.790927 0.32434 0.302108 0.352265 0.852708
0 0.241493 0.78301 0.315741 0.360712 0.838513
0 0.113267 0.429884 0.226534 0.345758 0.820391
0 0.567112 0.322709 0.295019 0.350464 0.812842
0 0.264931 0.334179 0.267462 0.311884 0.851108
0 0.788829 0.321021 0.306924 0.359718 0.849707
0 0.23592 0.785747 0.31648 0.370834 0.835692
0 0.111843 0.427571 0.223687 0.361296 0.820407
0 0.577259 0.316862 0.31978 0.355984 0.80232
0 0.237895 0.777934 0.32901 0.378092 0.858923
0 0.786912 0.318374 0.31405 0.362899 0.841547
0 0.574075 0.315856 0.320516 0.36334 0.824126
0 0.266153 0.331392 0.269992 0.313437 0.821984
0 0.112032 0.421352 0.224065 0.373239 0.813773
0 0.270411 0.331158 0.270505 0.310923 0.858271
0 0.791181 0.320701 0.298718 0.354307 0.837428
0 0.240266 0.778109 0.313992 0.374142 0.820719
0 0.5775 0.319302 0.302498 0.352044 0.792565
0 0.110884 0.422095 0.221768 0.363698 0.760525
0 0.232024 0.784569 0.316039 0.366493 0.872065
0 0.790452 0.322509 0.309499 0.358593 0.868133
0 0.2646 0.334472 0.26969 0.314928 0.842884
0 0.576341 0.317865 0.31067 0.34692 0.830489
0 0.114832 0.429541 0.229664 0.349719 0.828775
0 0.240513 0.789695 0.313868 0.361477 0.873007
0 0.793001 0.323051 0.299983 0.346309 0.853989
0 0.113945 0.429049 0.22789 0.344549 0.833522
0 0.57375 0.322056 0.310864 0.347491 0.831071
0 0.269808 0.334246 0.263294 0.305602 0.828304
0 0.237624 0.785389 0.321971 0.373227 0.87236
0 0.787942 0.32214 0.302824 0.358521 0.855763
0 0.57454 0.32058 0.308516 0.354633 0.835639
0 0.267191 0.334623 0.273433 0.314894 0.821477
0 0.113246 0.417958 0.226491 0.378576 0.808553
0 0.794118 0.322377 0.303472 0.359041 0.875474
0 0.240034 0.779074 0.319956 0.371677 0.853445
0 0.115877 0.42584 0.231754 0.356739 0.834689
0 0.268067 0.331826 0.26627 0.312389 0.825653
0 0.579809 0.319055 0.317651 0.361794 0.820817
0 0.791351 0.323233 0.300072 0.35277 0.84904
0 0.239816 0.78303 0.31506 0.363017 0.84404
0 0.2726 0.334383 0.265014 0.309011 0.825036
0 0.116 0.428066 0.232 0.347517 0.821939
0 0.582748 0.317696 0.312746 0.351635 0.813524
0 0.787936 0.323218 0.302332 0.354948 0.851633
0 0.238421 0.780224 0.320589 0.372597 0.848794
0 0.114234 0.427097 0.228468 0.359045 0.817672
0 0.267211 0.333744 0.265806 0.309003 0.816594
0 0.575695 0.318392 0.321942 0.366867 0.815851
0 0.239538 0.784373 0.31748 0.365027 0.859795
0 0.273237 0.334419 0.263054 0.307704 0.856713
0 0.791337 0.323778 0.301224 0.353628 0.853458
0 0.579255 0.319967 0.31547 0.353513 0.819279
0 0.113449 0.426557 0.226897 0.362134 0.80415
0 0.789837 0.324664 0.3041 0.35507 0.85776
0 0.239645 0.784662 0.316599 0.362708 0.856615
0 0.271608 0.335604 0.264103 0.308211 0.849263
0 0.577223 0.319651 0.314641 0.353929 0.822182
0 0.112503 0.425233 0.225005 0.356068 0.779339
0 0.237524 0.784346 0.319663 0.367933 0.882936
0 0.789029 0.321728 0.309281 0.360524 0.876662
0 0.265113 0.332289 0.269573 0.31302 0.850395
0 0.570805 0.320685 0.31183 0.356066 0.84581
0 0.112376 0.427827 0.224753 0.355994 0.836043
0 0.234746 0.786397 0.320155 0.368929 0.868984
0 0.788646 0.323037 0.308952 0.362418 0.864914
0 0.270779 0.336777 0.265329 0.311955 0.837457
0 0.113341 0.428841 0.226681 0.357612 0.828329
0 0.573695 0.321673 0.310955 0.354736 0.826512
0 0.268841 0.33278 0.267311 0.307877 0.885756
0 0.79259 0.323178 0.304286 0.355119 0.863398
0 0.239482 0.782543 0.323603 0.368449 0.84958
0 0.114435 0.427407 0.22887 0.358825 0.814986
0 0.574492 0.318282 0.318714 0.355946 0.813659
0 0.266108 0.33664 0.26893 0.312885 0.889789
0 0.792475 0.323858 0.303675 0.360929 0.865274
0 0.240024 0.784299 0.318578 0.368504 0.862907
0 0.569672 0.317297 0.309061 0.353218 0.832787
0 0.113285 0.428946 0.226569 0.347878 0.829378
0 0.261378 0.334382 0.273471 0.31602 0.870083
0 0.236168 0.782753 0.323053 0.374446 0.865278
0 0.788518 0.323605 0.307091 0.357608 0.857619
0 0.574493 0.316715 0.315953 0.356774 0.825415
0 0.109751 0.427461 0.219502 0.356501 0.812727
0 0.261731 0.335204 0.272365 0.315918 0.884179
0 0.237549 0.783444 0.317903 0.368025 0.86454
0 0.791468 0.325205 0.302071 0.354058 0.859747
0 0.571299 0.318878 0.307359 0.349459 0.829699
0 0.108099 0.430634 0.216198 0.353505 0.814832
0 0.264959 0.33316 0.272443 0.315819 0.874316
0 0.241029 0.782492 0.319831 0.370435 0.857901
0 0.792401 0.323296 0.302298 0.354129 0.850558
0 0.577303 0.31676 0.315316 0.35581 0.826271
0 0.110222 0.428252 0.220443 0.354923 0.812133
0 0.264221 0.335962 0.269545 0.311965 0.887323
0 0.237544 0.783712 0.321432 0.368214 0.86934
0 0.793365 0.322934 0.300243 0.353186 0.866971
0 0.574338 0.319729 0.310591 0.351831 0.846565
0 0.110663 0.428662 0.221327 0.349068 0.819297
0 0.261695 0.334686 0.272977 0.315152 0.875796
0 0.237508 0.78316 0.323245 0.373359 0.864891
0 0.790208 0.323507 0.304756 0.355163 0.8648
0 0.576331 0.317522 0.318239 0.360631 0.841242
0 0.110062 0.428728 0.220124 0.356401 0.811498
0 0.262777 0.334802 0.272311 0.314574 0.88357
0 0.23568 0.783741 0.321899 0.37011 0.873236
0 0.792012 0.32234 0.302612 0.356462 0.8702
0 0.574936 0.317963 0.315937 0.356795 0.845104
0 0.11058 0.428787 0.221161 0.349654 0.829154
0 0.263041 0.334497 0.270587 0.313517 0.88216
0 0.237513 0.782859 0.320079 0.368507 0.874378
0 0.793762 0.323636 0.299417 0.353391 0.874055
0 0.576503 0.317475 0.31732 0.35666 0.842348
0 0.110914 0.428789 0.221827 0.348282 0.82622
0 0.264625 0.334521 0.271325 0.314099 0.886567
0 0.793074 0.322797 0.300722 0.355677 0.868797
0 0.236486 0.782812 0.318515 0.368336 0.865887
0 0.575915 0.317717 0.315238 0.356448 0.837103
0 0.110258 0.429957 0.220516 0.355145 0.818804
0 0.262781 0.334805 0.272296 0.314558 0.883288
0 0.235666 0.783746 0.321892 0.370064 0.873496
0 0.792014 0.32234 0.302606 0.356439 0.870388
0 0.574932 0.317977 0.315923 0.356789 0.845197
0 0.11057 0.428796 0.22114 0.349647 0.829347
