0 0.527119 0.285003 0.388555 0.406233 0.932327
0 0.508017 0.190041 0.354293 0.380083 0.649871
0 0.498285 0.291137 0.407991 0.44648 0.941809
0 0.505417 0.26977 0.250399 0.304322 0.670891
0 0.511458 0.291579 0.298171 0.370381 0.661301
0 0.548046 0.296155 0.383291 0.449658 0.73415
0 0.535764 0.310792 0.315282 0.3978 0.95438
0 0.52349 0.307038 0.35259 0.414104 0.902037
0 0.550667 0.308634 0.346494 0.40926 0.705025
0 0.547488 0.300653 0.367427 0.437699 0.662804
0 0.535685 0.293104 0.379673 0.426781 0.847417
0 0.533949 0.302233 0.359099 0.43424 0.916375
0 0.541547 0.303275 0.338857 0.40858 0.927438
0 0.52267 0.315117 0.346536 0.40895 0.871287
0 0.520385 0.299259 0.338079 0.413971 0.947391
0 0.547683 0.298418 0.367642 0.436971 0.852799
0 0.539873 0.303175 0.354263 0.432035 0.867056
0 0.543029 0.302614 0.377458 0.415597 0.905222
0 0.558434 0.295259 0.388639 0.449035 0.931713
0 0.532601 0.31088 0.377952 0.447976 0.88487
0 0.545355 0.305264 0.348472 0.418231 0.925862
0 0.536106 0.297304 0.378435 0.439263 0.898032
0 0.543239 0.310127 0.380331 0.437381 0.887523
0 0.528776 0.303088 0.382125 0.443397 0.924823
0 0.530868 0.306282 0.372121 0.437726 0.913468
0 0.526569 0.315017 0.357932 0.402015 0.912901
0 0.535086 0.307331 0.418629 0.490179 0.902099
0 0.526178 0.310109 0.367705 0.424895 0.856732
0 0.532926 0.307587 0.358215 0.426193 0.858991
0 0.541533 0.311924 0.387226 0.443322 0.921822
0 0.545812 0.30883 0.376063 0.426067 0.91517
0 0.535081 0.302957 0.392693 0.465247 0.841829
0 0.538781 0.305046 0.367304 0.429795 0.908274
0 0.539127 0.303063 0.386908 0.457258 0.847202
0 0.543065 0.300772 0.384542 0.441619 0.908783
0 0.538658 0.308215 0.383872 0.440862 0.869619
0 0.53844 0.302569 0.388629 0.460608 0.941418
0 0.529505 0.29753 0.392512 0.466199 0.845459
0 0.540235 0.300144 0.38619 0.475013 0.818037
0 0.540228 0.305831 0.391929 0.440427 0.889452
0 0.538567 0.311009 0.377317 0.426006 0.880881
0 0.542967 0.30428 0.375197 0.450694 0.840657
0 0.532526 0.306129 0.373357 0.431004 0.907478
0 0.540389 0.304003 0.388067 0.449196 0.871149
0 0.533961 0.308892 0.392699 0.45497 0.864076
0 0.54488 0.311369 0.376927 0.434461 0.913089
0 0.547973 0.30754 0.400697 0.464923 0.834649
0 0.538356 0.306819 0.376897 0.436933 0.903685
0 0.542597 0.310299 0.388816 0.455558 0.867402
0 0.535646 0.309823 0.371047 0.435579 0.748829
0 0.540364 0.306848 0.387607 0.452048 0.84813
0 0.546047 0.317241 0.369884 0.425157 0.845301
0 0.542421 0.307471 0.38595 0.442122 0.849415
0 0.542764 0.308654 0.377152 0.444445 0.853317
0 0.540664 0.311921 0.383689 0.440941 0.864597
0 0.541155 0.314323 0.387273 0.445466 0.842519
0 0.54096 0.312033 0.383162 0.443702 0.86199
0 0.539034 0.314729 0.373736 0.437908 0.871977
0 0.540304 0.303807 0.387152 0.443166 0.877729
0 0.542372 0.30823 0.375573 0.433849 0.888923
0 0.539861 0.310144 0.387149 0.446754 0.90653
0 0.537171 0.312015 0.393837 0.442817 0.840175
0 0.545696 0.308667 0.384901 0.436802 0.863482
0 0.540784 0.307904 0.388858 0.44686 0.858646
0 0.541941 0.310255 0.387534 0.448857 0.830975
0 0.544968 0.312738 0.372049 0.435595 0.874135
0 0.541139 0.310289 0.381839 0.435177 0.890666
0 0.535355 0.308392 0.390387 0.446497 0.88845
0 0.544659 0.308745 0.381915 0.44132 0.904647
0 0.542909 0.304794 0.388799 0.448463 0.869622
0 0.545286 0.306654 0.390984 0.446146 0.889891
0 0.546136 0.315289 0.387379 0.44534 0.858982
0 0.541163 0.31187 0.374562 0.440178 0.893714
0 0.540383 0.310128 0.384235 0.44535 0.888
0 0.542168 0.306579 0.398217 0.458279 0.891777
0 0.539256 0.306652 0.381026 0.447804 0.866394
0 0.54133 0.313073 0.385586 0.446472 0.87198
0 0.537076 0.310135 0.385153 0.447104 0.885039
0 0.538047 0.306461 0.378825 0.442326 0.905447
0 0.538492 0.310484 0.388089 0.440389 0.88249
0 0.534299 0.305401 0.391067 0.450911 0.874594
0 0.538697 0.309086 0.391399 0.454816 0.876977
0 0.535094 0.309483 0.387052 0.443935 0.910287
0 0.538724 0.312152 0.380494 0.444688 0.903826
0 0.535915 0.303741 0.389966 0.451995 0.878938
0 0.540394 0.3048 0.389369 0.452749 0.871324
0 0.537355 0.312219 0.393792 0.456327 0.868649
0 0.537785 0.310458 0.39062 0.450734 0.890503
0 0.535825 0.311611 0.386972 0.44457 0.889802
0 0.538682 0.307064 0.381382 0.439248 0.888151
0 0.535746 0.309376 0.382824 0.441109 0.897463
0 0.535237 0.314037 0.388561 0.445264 0.889123
0 0.538847 0.306557 0.388984 0.445191 0.889635
0 0.536584 0.309174 0.381895 0.440884 0.901534
0 0.535047 0.310553 0.38395 0.445891 0.901439
0 0.53476 0.309834 0.383064 0.442298 0.897833
0 0.538716 0.308362 0.387452 0.448558 0.883865
0 0.535829 0.307695 0.387438 0.44729 0.901762
0 0.536115 0.309156 0.385472 0.444449 0.898977
0 0.534493 0.309261 0.38557 0.444123 0.90337
0 0.536852 0.310378 0.384898 0.443332 0.911016
0 0.535194 0.309276 0.384824 0.442228 0.905974
0 0.534487 0.309256 0.385557 0.44408 0.903588
