0 0.315061 0.201889 0.239243 0.280493 0.816651
0 0.339671 0.189901 0.194148 0.216838 0.791682
0 0.312716 0.19613 0.272266 0.314306 0.629147
0 0.299484 0.191779 0.234713 0.254762 0.706546
0 0.303275 0.198717 0.201533 0.236612 0.873057
0 0.301083 0.188433 0.220904 0.250728 0.731612
0 0.302956 0.191776 0.209004 0.247121 0.72444
0 0.291897 0.188355 0.219016 0.244673 0.665285
0 0.293118 0.189177 0.20836 0.237634 0.807885
0 0.299331 0.185289 0.208393 0.237088 0.878321
0 0.306711 0.187703 0.208672 0.24126 0.749207
0 0.297813 0.189522 0.223183 0.243184 0.807385
0 0.299721 0.183977 0.213059 0.241117 0.799913
0 0.302103 0.189358 0.214385 0.24626 0.758454
0 0.298087 0.189303 0.218699 0.24862 0.743595
0 0.302282 0.188104 0.199953 0.239274 0.778627
0 0.297666 0.193695 0.221814 0.249726 0.865648
0 0.296939 0.192078 0.216961 0.255307 0.832522
0 0.29983 0.189837 0.227117 0.262066 0.771017
0 0.302506 0.182504 0.222154 0.256133 0.780637
0 0.301238 0.189223 0.205953 0.244384 0.888986
0 0.300958 0.190731 0.217902 0.263545 0.80404
0 0.293741 0.185347 0.225131 0.250622 0.774499
0 0.297961 0.188955 0.202781 0.24705 0.892524
0 0.302626 0.189735 0.224463 0.261341 0.837024
0 0.296356 0.191876 0.217095 0.247383 0.857291
0 0.301001 0.189126 0.220247 0.253053 0.735126
0 0.296523 0.190665 0.207172 0.241627 0.796013
0 0.299981 0.183208 0.221863 0.258744 0.785848
0 0.300856 0.188777 0.216637 0.253898 0.870566
0 0.297391 0.19381 0.216338 0.251322 0.853621
0 0.296235 0.192293 0.21395 0.249005 0.842292
0 0.29407 0.191486 0.217315 0.252852 0.840002
0 0.304795 0.188928 0.219443 0.251839 0.800184
0 0.299179 0.190445 0.207453 0.243625 0.790247
0 0.300726 0.193006 0.212338 0.242829 0.829585
0 0.307191 0.188048 0.211551 0.250239 0.860801
0 0.299815 0.188026 0.221709 0.252455 0.808976
0 0.301564 0.191007 0.217778 0.251603 0.801493
0 0.297656 0.189597 0.222568 0.257794 0.87849
0 0.296085 0.191072 0.213787 0.253309 0.848177
0 0.296721 0.191752 0.213439 0.248328 0.865324
0 0.298406 0.19331 0.204666 0.241605 0.871113
0 0.297388 0.189507 0.211871 0.245862 0.851021
0 0.299184 0.192116 0.21165 0.244901 0.894444
0 0.294867 0.193763 0.208506 0.241252 0.849037
0 0.298863 0.196542 0.206899 0.236595 0.872868
0 0.295536 0.191796 0.214175 0.244311 0.850196
0 0.299262 0.190622 0.215976 0.251474 0.846688
0 0.296959 0.190977 0.218314 0.258872 0.861334
0 0.298555 0.190144 0.213345 0.247401 0.864576
0 0.297273 0.189589 0.212641 0.246192 0.873087
0 0.297349 0.194202 0.208682 0.242897 0.849242
0 0.29526 0.188436 0.212217 0.24862 0.837595
0 0.298692 0.19209 0.218416 0.257069 0.841798
0 0.303624 0.193119 0.214152 0.246127 0.841621
0 0.299226 0.192856 0.209556 0.243639 0.901525
0 0.304573 0.185519 0.225106 0.258211 0.839913
0 0.302051 0.185917 0.221833 0.257948 0.861073
0 0.29488 0.195398 0.215196 0.249063 0.862771
0 0.297261 0.194147 0.216226 0.249106 0.88057
0 0.302426 0.191044 0.220504 0.253661 0.830925
0 0.29941 0.191932 0.218897 0.253833 0.881906
0 0.295855 0.195655 0.212441 0.244296 0.8925
0 0.300688 0.195153 0.209426 0.243283 0.874611
0 0.297683 0.194417 0.209943 0.24159 0.902986
0 0.29998 0.196146 0.207973 0.244705 0.898029
0 0.298955 0.193489 0.211012 0.24565 0.904297
0 0.298714 0.196594 0.212316 0.244942 0.892104
0 0.2981 0.190354 0.215592 0.250975 0.916287
0 0.299238 0.192073 0.214012 0.250483 0.90579
0 0.297947 0.191406 0.211337 0.25009 0.88031
0 0.298513 0.191703 0.211514 0.245389 0.886025
0 0.300412 0.191264 0.211499 0.247213 0.909619
0 0.302104 0.188658 0.213755 0.2542 0.898768
0 0.300821 0.190253 0.21373 0.24746 0.888588
0 0.301364 0.188374 0.213447 0.251325 0.879944
0 0.299934 0.189225 0.217215 0.252173 0.91527
0 0.298054 0.191247 0.211945 0.246272 0.874872
0 0.299569 0.193389 0.209379 0.244779 0.886859
0 0.300933 0.19358 0.212449 0.249114 0.875843
0 0.30064 0.193567 0.210404 0.243786 0.885212
0 0.301199 0.194306 0.208606 0.243819 0.882305
0 0.299233 0.192039 0.206203 0.241169 0.900503
0 0.299487 0.194883 0.209827 0.242932 0.889971
0 0.299624 0.191081 0.21638 0.252669 0.907386
0 0.30127 0.193056 0.211263 0.245884 0.885082
0 0.29971 0.192718 0.21225 0.246545 0.904007
0 0.30037 0.193989 0.211045 0.244796 0.903596
0 0.300062 0.19331 0.209147 0.242719 0.901932
0 0.299555 0.192388 0.212435 0.246977 0.905475
0 0.300205 0.19035 0.212485 0.2477 0.882075
0 0.299941 0.19274 0.21205 0.246485 0.908494
0 0.299154 0.192476 0.211917 0.246129 0.893632
0 0.299049 0.192545 0.211869 0.246381 0.902602
0 0.299099 0.192786 0.210796 0.245249 0.89388
0 0.299963 0.192357 0.212266 0.247003 0.898993
0 0.299049 0.192539 0.21184 0.246361 0.902369
