0 0.116947 0.31808 0.106793 0.131334 0.832044
0 0.118253 0.3227 0.105217 0.122982 0.878839
0 0.672877 0.215679 0.114384 0.134535 0.746876
0 0.241469 0.244567 0.107074 0.130945 0.662749
0 0.434209 0.25578 0.108369 0.127423 0.601871
0 0.122812 0.322773 0.102909 0.128849 0.756257
0 0.67527 0.210556 0.102414 0.128514 0.603379
0 0.117454 0.322421 0.115022 0.14663 0.890546
0 0.673365 0.209711 0.111195 0.13857 0.748027
0 0.43253 0.25613 0.118029 0.145309 0.602923
0 0.118311 0.324118 0.111536 0.137135 0.834281
0 0.430813 0.260827 0.109776 0.133561 0.734968
0 0.673465 0.211933 0.100194 0.125465 0.693823
0 0.774815 0.278386 0.0943993 0.115908 0.662737
0 0.118504 0.322855 0.108918 0.139084 0.666204
0 0.77198 0.27314 0.0893326 0.118663 0.653622
0 0.43569 0.259205 0.105076 0.13442 0.618555
0 0.674757 0.203612 0.0960846 0.122352 0.600359
0 0.670673 0.210984 0.111245 0.13653 0.726418
0 0.118307 0.319485 0.114705 0.132956 0.701824
0 0.120634 0.325587 0.113629 0.138646 0.778254
0 0.675272 0.205699 0.0935475 0.112851 0.714164
0 0.776998 0.275078 0.0857327 0.1022 0.686385
0 0.115042 0.322049 0.117574 0.135489 0.800231
0 0.775707 0.275588 0.0982541 0.11137 0.72444
0 0.674332 0.20885 0.113699 0.129227 0.66073
0 0.115363 0.324653 0.110728 0.13422 0.781114
0 0.55037 0.343555 0.09626 0.11621 0.601171
0 0.114821 0.327076 0.124684 0.147739 0.76635
0 0.116253 0.321246 0.124578 0.145684 0.774327
0 0.774554 0.273046 0.104739 0.126332 0.706559
0 0.671691 0.205684 0.102881 0.118344 0.618335
0 0.116954 0.322336 0.116868 0.138684 0.760333
0 0.669914 0.206314 0.0853378 0.104652 0.730524
0 0.551295 0.342008 0.087542 0.0971941 0.683818
0 0.77065 0.275541 0.0920436 0.107136 0.660104
0 0.871314 0.365792 0.077337 0.0843163 0.621346
0 0.118024 0.323461 0.114352 0.137598 0.800758
0 0.77242 0.274465 0.0933342 0.110147 0.688191
0 0.674385 0.20549 0.102649 0.118392 0.646442
0 0.435861 0.260151 0.110281 0.126836 0.605802
0 0.116725 0.324086 0.111793 0.135927 0.820005
0 0.675342 0.205142 0.096847 0.110906 0.627521
0 0.118284 0.322991 0.12158 0.140075 0.777954
0 0.554543 0.341906 0.0953533 0.112418 0.634527
0 0.116645 0.322562 0.112708 0.136869 0.731115
0 0.770876 0.275506 0.0907312 0.111407 0.629991
0 0.119372 0.324085 0.119963 0.136446 0.687118
0 0.11546 0.323505 0.119364 0.143995 0.708555
0 0.117503 0.325325 0.116787 0.138241 0.832398
0 0.556561 0.34335 0.0957914 0.109647 0.686354
0 0.433881 0.261315 0.105125 0.1229 0.684739
0 0.774559 0.277299 0.0957494 0.110355 0.66579
0 0.676334 0.209459 0.103024 0.117535 0.635995
0 0.117017 0.322632 0.115736 0.136486 0.744753
0 0.7718 0.277149 0.0949154 0.109591 0.661579
0 0.433673 0.257294 0.101723 0.12158 0.63829
0 0.116071 0.326327 0.11239 0.136352 0.801067
0 0.771866 0.274612 0.0937692 0.110339 0.677345
0 0.433491 0.256712 0.100661 0.120582 0.645062
0 0.555781 0.342497 0.0925876 0.10576 0.62832
0 0.671167 0.205654 0.0944808 0.108237 0.625819
0 0.118902 0.321401 0.113675 0.133849 0.740484
0 0.77065 0.27501 0.086595 0.101451 0.691272
0 0.673044 0.206224 0.0939959 0.108643 0.684152
0 0.433257 0.257727 0.103632 0.125196 0.628743
0 0.555226 0.342184 0.096441 0.116008 0.609528
0 0.771798 0.275733 0.0935508 0.110299 0.733917
0 0.116328 0.321374 0.110065 0.128645 0.709851
0 0.674047 0.203386 0.0935928 0.108432 0.636964
0 0.113883 0.325792 0.115278 0.139796 0.744757
0 0.772464 0.277313 0.0880198 0.107616 0.679431
0 0.429866 0.260625 0.102417 0.122483 0.63945
0 0.671853 0.208054 0.0980844 0.116169 0.629727
0 0.773234 0.277039 0.0940208 0.106694 0.789562
0 0.117828 0.325025 0.110333 0.129993 0.77987
0 0.673736 0.209785 0.102273 0.119342 0.754681
0 0.241206 0.269184 0.103223 0.119192 0.626689
0 0.433551 0.261465 0.099206 0.116192 0.620478
0 0.11593 0.3233 0.109327 0.130307 0.725172
0 0.773927 0.275479 0.0969079 0.108494 0.698772
0 0.554323 0.34125 0.0940386 0.11005 0.624961
0 0.433171 0.256948 0.0990785 0.120603 0.603839
0 0.118795 0.322137 0.117602 0.137153 0.742772
0 0.773769 0.274578 0.0947772 0.109512 0.642948
0 0.241896 0.266995 0.104162 0.118753 0.606644
0 0.434817 0.256073 0.0986426 0.117182 0.605049
0 0.117752 0.323933 0.120976 0.137893 0.731815
0 0.775927 0.273379 0.0998399 0.113769 0.705038
0 0.243032 0.268543 0.115444 0.131291 0.629086
0 0.556702 0.342715 0.0941553 0.108473 0.611249
0 0.433374 0.258341 0.105018 0.122121 0.608998
0 0.673343 0.206827 0.103199 0.115728 0.608563
0 0.772873 0.273772 0.0964377 0.110439 0.795786
0 0.114067 0.322537 0.112546 0.136767 0.778563
0 0.67248 0.203773 0.0966488 0.110935 0.718623
0 0.430615 0.255431 0.101767 0.123988 0.688662
0 0.241916 0.266344 0.104694 0.122251 0.649803
0 0.117546 0.326744 0.116547 0.137518 0.760316
0 0.774591 0.277395 0.102506 0.112271 0.742965
0 0.433071 0.260344 0.108538 0.125431 0.722695
0 0.673164 0.211027 0.108103 0.123838 0.674981
0 0.243261 0.270829 0.111965 0.124692 0.616507
0 0.875737 0.368792 0.0895413 0.101874 0.600782
0 0.118645 0.325104 0.118297 0.138056 0.839527
0 0.774845 0.27879 0.0989117 0.113039 0.752604
0 0.673764 0.208893 0.0986154 0.117328 0.727511
0 0.243702 0.270682 0.105613 0.12107 0.657759
0 0.434551 0.262726 0.093243 0.11269 0.606231
0 0.119098 0.3219 0.114456 0.135182 0.792519
0 0.773943 0.275336 0.0960197 0.110453 0.726444
0 0.671899 0.206857 0.103899 0.117735 0.615434
0 0.555707 0.342941 0.0891533 0.104574 0.604685
0 0.11643 0.32298 0.112269 0.131987 0.660278
0 0.771241 0.275632 0.0963083 0.112949 0.619881
0 0.671185 0.207106 0.102689 0.116548 0.611776
0 0.115777 0.324071 0.113633 0.134965 0.813524
0 0.771501 0.27468 0.0991586 0.114792 0.71937
0 0.669556 0.209836 0.102398 0.120052 0.715509
0 0.432181 0.257941 0.0946689 0.118962 0.634713
0 0.119775 0.322829 0.111692 0.127601 0.761062
0 0.775224 0.277131 0.0996456 0.109608 0.689082
0 0.432508 0.25677 0.103928 0.121031 0.681993
0 0.671875 0.206212 0.103684 0.11686 0.677779
0 0.242862 0.267461 0.105833 0.118755 0.657897
0 0.118157 0.327796 0.113169 0.133013 0.658721
0 0.774561 0.276485 0.0960435 0.109021 0.697481
0 0.118103 0.32228 0.10809 0.126696 0.687059
0 0.672705 0.204873 0.0943369 0.10911 0.6438
0 0.118965 0.321884 0.108324 0.127664 0.699045
0 0.671187 0.208319 0.107508 0.126354 0.621998
0 0.774512 0.276642 0.0959238 0.110879 0.606494
0 0.114831 0.323489 0.11604 0.136966 0.742491
0 0.772829 0.277155 0.096129 0.111245 0.637532
0 0.671707 0.204621 0.105001 0.122452 0.63441
0 0.242202 0.265225 0.104795 0.120464 0.60541
0 0.117546 0.322002 0.114243 0.134339 0.745265
0 0.670759 0.208492 0.103159 0.121421 0.693586
0 0.773494 0.277755 0.0974201 0.110986 0.681315
0 0.242877 0.267966 0.104337 0.120048 0.609947
0 0.117892 0.323528 0.110479 0.131462 0.765041
0 0.672511 0.206957 0.0995196 0.117643 0.740753
0 0.774776 0.274913 0.0978829 0.112161 0.683106
0 0.434715 0.25685 0.101414 0.118104 0.607439
0 0.118646 0.322612 0.113704 0.1329 0.807451
0 0.671241 0.206168 0.0995233 0.113369 0.730376
0 0.774499 0.275915 0.0968426 0.111373 0.730161
0 0.43217 0.256617 0.0991662 0.117571 0.683262
0 0.243619 0.266666 0.106119 0.123293 0.645509
0 0.557481 0.341105 0.0954335 0.110545 0.618677
0 0.874494 0.36565 0.0878481 0.100454 0.610127
0 0.116795 0.322073 0.115133 0.134319 0.804075
0 0.670054 0.205834 0.0994838 0.113602 0.67448
0 0.770867 0.275524 0.0946836 0.111283 0.652174
0 0.431704 0.256835 0.100073 0.120424 0.617329
0 0.118612 0.325179 0.111277 0.130255 0.743654
0 0.672386 0.20851 0.0996734 0.116916 0.722962
0 0.773478 0.277869 0.09479 0.110506 0.708401
0 0.434163 0.259697 0.100177 0.11933 0.649996
0 0.241145 0.268261 0.100677 0.1179 0.61829
0 0.119321 0.323016 0.117656 0.133774 0.837062
0 0.775217 0.276098 0.102443 0.114081 0.7646
0 0.67242 0.20615 0.102193 0.116152 0.747708
0 0.433702 0.257914 0.104097 0.121964 0.72191
0 0.242055 0.266286 0.103552 0.120443 0.651795
0 0.555794 0.341989 0.0982428 0.114805 0.62832
0 0.118909 0.326018 0.114204 0.133355 0.70884
0 0.77211 0.279052 0.0971755 0.11469 0.649217
0 0.672971 0.210223 0.10006 0.117611 0.612746
0 0.117242 0.321453 0.119951 0.138389 0.711073
0 0.674352 0.209379 0.108231 0.123061 0.701188
0 0.77348 0.278039 0.10314 0.118749 0.648329
0 0.241181 0.269244 0.112025 0.128402 0.627624
0 0.117292 0.323 0.112288 0.132135 0.714009
0 0.672944 0.209408 0.101953 0.116671 0.668834
0 0.772371 0.278692 0.0987279 0.113053 0.624884
0 0.240728 0.267956 0.10637 0.117914 0.615113
0 0.117842 0.322458 0.112729 0.131726 0.783635
0 0.772984 0.273365 0.0997994 0.1167 0.661887
0 0.673475 0.207584 0.103853 0.11609 0.63779
0 0.240445 0.265901 0.104513 0.119375 0.626953
0 0.118723 0.322199 0.112087 0.129888 0.753255
0 0.77414 0.276191 0.0982075 0.112674 0.685141
0 0.671781 0.207878 0.102443 0.113345 0.661799
0 0.673144 0.208704 0.1016 0.11824 0.787741
0 0.119183 0.323745 0.110594 0.12939 0.755326
0 0.775037 0.276648 0.100696 0.114523 0.748953
0 0.434545 0.25802 0.103958 0.122414 0.668339
0 0.55692 0.342223 0.0941009 0.112066 0.655677
0 0.673434 0.207113 0.101079 0.113692 0.774307
0 0.120303 0.323969 0.113515 0.130069 0.730713
0 0.774512 0.275174 0.100789 0.11284 0.699475
0 0.435061 0.257022 0.103405 0.120182 0.612114
0 0.119987 0.32159 0.112994 0.132313 0.681002
0 0.119721 0.32427 0.111795 0.131019 0.761766
0 0.675185 0.208051 0.101188 0.117729 0.75251
0 0.774642 0.273332 0.101053 0.116845 0.679562
0 0.557686 0.341881 0.0969461 0.111645 0.607587
0 0.119288 0.323482 0.112711 0.130986 0.760409
0 0.673819 0.209891 0.104935 0.124288 0.731892
0 0.77416 0.276892 0.0990096 0.115 0.703509
0 0.242816 0.268714 0.105263 0.123999 0.609789
0 0.119152 0.321753 0.115407 0.133797 0.650789
0 0.119802 0.322267 0.114029 0.13026 0.715526
0 0.673323 0.208058 0.104052 0.118672 0.692837
0 0.77411 0.27546 0.0993588 0.114222 0.678796
0 0.118417 0.324158 0.111383 0.131146 0.798362
0 0.671641 0.209935 0.102342 0.121057 0.74863
0 0.773675 0.2769 0.0979391 0.11263 0.742741
0 0.556104 0.34404 0.0935138 0.108635 0.677863
0 0.241224 0.267679 0.102797 0.120708 0.639913
0 0.431506 0.256527 0.0934869 0.112691 0.619545
0 0.118776 0.32264 0.112377 0.131013 0.729767
0 0.672947 0.206794 0.105279 0.118837 0.698705
0 0.77561 0.273886 0.100379 0.115416 0.645001
0 0.118902 0.321216 0.11205 0.128971 0.735624
0 0.67224 0.208784 0.102277 0.122069 0.635643
0 0.119268 0.320956 0.112691 0.130622 0.840076
0 0.672182 0.20859 0.103879 0.118548 0.771924
0 0.774718 0.27382 0.1013 0.117581 0.72319
0 0.241795 0.267413 0.105302 0.121738 0.685153
0 0.557017 0.340889 0.0953342 0.110637 0.683924
0 0.118126 0.322757 0.11074 0.128185 0.742857
0 0.774909 0.27536 0.0980287 0.11225 0.699494
0 0.672738 0.208878 0.100724 0.11623 0.639121
0 0.117754 0.322911 0.107861 0.127695 0.758922
0 0.773831 0.27534 0.0951451 0.110936 0.712611
0 0.672815 0.207704 0.100519 0.115255 0.706038
0 0.555338 0.342361 0.0937475 0.111764 0.651857
0 0.241863 0.267312 0.103439 0.120193 0.627498
0 0.118628 0.323434 0.111037 0.130008 0.755255
0 0.77504 0.274557 0.101524 0.115652 0.714742
0 0.672723 0.210396 0.101678 0.119529 0.713084
0 0.556438 0.342799 0.0958511 0.112351 0.639583
0 0.117762 0.322485 0.11027 0.129826 0.821647
0 0.774438 0.27483 0.0969394 0.112503 0.754367
0 0.67237 0.208117 0.10215 0.119682 0.740704
0 0.555782 0.342352 0.094345 0.111719 0.685906
0 0.432363 0.25475 0.103679 0.123205 0.627114
0 0.118564 0.321653 0.112116 0.131562 0.824387
0 0.672605 0.206995 0.101858 0.120076 0.79251
0 0.774396 0.274796 0.100798 0.115936 0.781247
0 0.55725 0.341713 0.0984251 0.115723 0.742388
0 0.432878 0.254983 0.101371 0.120089 0.661511
0 0.243743 0.266839 0.107038 0.121857 0.638952
0 0.118757 0.322131 0.113177 0.131942 0.815329
0 0.67241 0.207545 0.101343 0.115353 0.734939
0 0.774725 0.274664 0.101174 0.115822 0.721613
0 0.556144 0.342433 0.096473 0.112612 0.721556
0 0.432712 0.256483 0.101771 0.119622 0.669275
0 0.241885 0.266114 0.105098 0.121008 0.650998
0 0.119448 0.321326 0.112707 0.131148 0.824327
0 0.673113 0.209223 0.101327 0.118066 0.756492
0 0.774745 0.275127 0.0992107 0.113362 0.734166
0 0.5563 0.343413 0.0941951 0.108212 0.709378
0 0.243404 0.265952 0.103698 0.118982 0.647132
0 0.43337 0.256429 0.100815 0.116526 0.633909
0 0.119278 0.323444 0.110509 0.128822 0.681437
0 0.672525 0.209117 0.10039 0.117229 0.627302
0 0.774734 0.275264 0.100769 0.114381 0.602903
0 0.118315 0.323303 0.111471 0.129512 0.747312
0 0.6718 0.208101 0.0986873 0.112799 0.655446
0 0.773876 0.275838 0.098253 0.113269 0.644567
0 0.555388 0.342641 0.0926166 0.107469 0.600279
0 0.119679 0.322583 0.110691 0.12865 0.763141
0 0.673073 0.207534 0.101102 0.11573 0.631354
0 0.554254 0.341845 0.0961022 0.11241 0.610572
0 0.11962 0.322551 0.111089 0.128633 0.781619
0 0.673102 0.20714 0.100247 0.114231 0.724856
0 0.774471 0.274317 0.0988973 0.113189 0.669956
0 0.555946 0.342363 0.0952283 0.110206 0.654729
0 0.241382 0.266943 0.106259 0.121553 0.616452
0 0.431635 0.255416 0.10156 0.118027 0.604428
0 0.117796 0.322441 0.11002 0.127704 0.747353
0 0.671446 0.207517 0.101839 0.115605 0.619766
0 0.77286 0.274332 0.0996669 0.114637 0.609934
0 0.118218 0.319771 0.111797 0.13101 0.796063
0 0.672559 0.207423 0.10384 0.117677 0.67339
0 0.774342 0.27297 0.100294 0.1168 0.650699
0 0.557286 0.3412 0.0962836 0.109814 0.649472
0 0.241435 0.265993 0.103889 0.120266 0.644786
0 0.117478 0.320479 0.110484 0.12964 0.730345
0 0.773468 0.274489 0.0986129 0.113771 0.632455
0 0.672109 0.207066 0.102273 0.116211 0.624829
0 0.241022 0.266511 0.102773 0.118449 0.615818
0 0.118907 0.321986 0.11313 0.129646 0.801064
0 0.773636 0.274073 0.0988554 0.113805 0.687271
0 0.673182 0.207907 0.10043 0.11476 0.661928
0 0.557249 0.342299 0.0964117 0.111122 0.638571
0 0.118009 0.321432 0.110972 0.12981 0.677846
0 0.118835 0.323333 0.108883 0.126855 0.811902
0 0.774361 0.274731 0.0995573 0.115112 0.67923
0 0.673711 0.208012 0.0977865 0.115923 0.677442
0 0.241913 0.268162 0.10002 0.115795 0.640634
0 0.557624 0.342852 0.0944663 0.10923 0.614923
0 0.117664 0.321352 0.111009 0.130416 0.742344
0 0.672257 0.206596 0.100144 0.113836 0.618101
0 0.773345 0.273596 0.0998455 0.116914 0.607511
0 0.117846 0.32215 0.109817 0.127872 0.763892
0 0.672944 0.208808 0.101204 0.119391 0.683038
0 0.774082 0.274339 0.0994032 0.114603 0.668658
0 0.24169 0.266928 0.100535 0.116172 0.602414
0 0.118402 0.321857 0.109594 0.127417 0.705741
0 0.67311 0.207631 0.100147 0.115167 0.628567
0 0.773699 0.274434 0.0990396 0.114418 0.618641
0 0.117991 0.321435 0.111303 0.129766 0.809678
0 0.672359 0.207808 0.101073 0.118145 0.738733
0 0.773748 0.274993 0.0991214 0.11347 0.701252
0 0.556514 0.342352 0.094555 0.109904 0.685152
0 0.241757 0.266956 0.10154 0.118256 0.652238
0 0.118003 0.322023 0.110153 0.128218 0.810288
0 0.672612 0.207103 0.10021 0.114729 0.727626
0 0.774119 0.274076 0.0993508 0.113453 0.700893
0 0.556655 0.341439 0.0952786 0.110242 0.689642
0 0.241397 0.267078 0.100957 0.118188 0.658603
0 0.118025 0.321405 0.110235 0.128302 0.831455
0 0.67254 0.207149 0.101037 0.117667 0.732585
0 0.773567 0.274722 0.0985857 0.112702 0.699095
0 0.55622 0.342241 0.0943655 0.109114 0.684674
0 0.241583 0.266846 0.102243 0.119014 0.664734
0 0.118073 0.322084 0.110098 0.12879 0.732483
0 0.672922 0.205965 0.0957614 0.110347 0.635567
0 0.773747 0.274376 0.0985216 0.115271 0.623373
0 0.118508 0.321659 0.109939 0.128251 0.722074
0 0.67429 0.206567 0.0965772 0.113477 0.644776
0 0.774556 0.273865 0.099181 0.113576 0.607481
0 0.117999 0.322236 0.110874 0.12993 0.707269
0 0.673299 0.207424 0.0965879 0.11407 0.639558
0 0.118722 0.321078 0.112239 0.130356 0.762231
0 0.674248 0.207188 0.0987323 0.115528 0.735449
0 0.774145 0.273949 0.100106 0.114661 0.67125
0 0.557293 0.341584 0.0960202 0.111318 0.639181
0 0.241597 0.266236 0.104828 0.120774 0.602281
0 0.119064 0.321389 0.111801 0.129837 0.776052
0 0.674112 0.207541 0.0978979 0.115105 0.756953
0 0.557409 0.341741 0.0952193 0.109961 0.660667
0 0.773981 0.274863 0.0988786 0.114057 0.638993
0 0.241528 0.267144 0.103816 0.120678 0.609193
0 0.11935 0.321299 0.110804 0.128949 0.72956
0 0.673567 0.206921 0.0981616 0.115056 0.649099
0 0.77371 0.274442 0.0985026 0.114202 0.602727
0 0.118221 0.321564 0.10981 0.127972 0.757836
0 0.672839 0.206953 0.0975116 0.114073 0.66079
0 0.773316 0.274814 0.0972094 0.112648 0.614106
0 0.556506 0.341569 0.0939029 0.108595 0.611675
0 0.118233 0.321637 0.110201 0.128969 0.760866
0 0.672703 0.207073 0.0986963 0.115779 0.689952
0 0.77291 0.274791 0.0970688 0.113264 0.60688
0 0.118245 0.321766 0.110068 0.128435 0.779069
0 0.672602 0.206733 0.0990137 0.116091 0.704484
0 0.556231 0.341443 0.0939357 0.109534 0.637625
0 0.772888 0.274731 0.0974485 0.112874 0.628561
0 0.11827 0.321472 0.108282 0.126827 0.717969
0 0.118459 0.321756 0.109146 0.127631 0.756865
0 0.672628 0.206731 0.0980268 0.115222 0.636207
0 0.556613 0.341614 0.0938116 0.109253 0.603603
0 0.773062 0.274533 0.0971399 0.113307 0.600837
0 0.118241 0.321763 0.11006 0.128442 0.77856
0 0.672596 0.206732 0.0990205 0.116094 0.703917
0 0.556232 0.341446 0.0939383 0.109542 0.637156
0 0.772883 0.274723 0.0974464 0.112896 0.627928
