0 0.580773 0.278307 0.135235 0.158673 0.64558
0 0.578696 0.272869 0.13643 0.165328 0.607128
0 0.57643 0.27439 0.132688 0.16192 0.625431
0 0.582788 0.288795 0.166932 0.186897 0.710385
0 0.583994 0.276804 0.142636 0.169755 0.653387
0 0.575482 0.279653 0.145998 0.177309 0.602724
0 0.585246 0.288747 0.148873 0.172523 0.711398
0 0.573192 0.273553 0.130172 0.149167 0.636478
0 0.583783 0.284783 0.147754 0.181624 0.691156
0 0.585927 0.279253 0.146644 0.168856 0.731877
0 0.574016 0.277986 0.154798 0.160681 0.634837
0 0.578195 0.277325 0.135435 0.156025 0.659917
0 0.583351 0.2819 0.148967 0.1729 0.66735
0 0.579925 0.277718 0.162149 0.180566 0.650577
0 0.578445 0.286986 0.168117 0.193108 0.641985
0 0.580738 0.286361 0.158228 0.183447 0.760727
0 0.574837 0.283345 0.138457 0.162239 0.789173
0 0.586085 0.282442 0.167704 0.193224 0.727878
0 0.583428 0.277495 0.150981 0.167796 0.647139
0 0.578348 0.281156 0.156843 0.174701 0.674067
0 0.577701 0.281725 0.150984 0.168628 0.748428
0 0.572883 0.277288 0.152395 0.174771 0.670337
0 0.576545 0.283007 0.144881 0.167091 0.71587
0 0.573378 0.282292 0.157636 0.183127 0.696341
0 0.575425 0.279399 0.16007 0.18302 0.753785
0 0.577641 0.283049 0.157262 0.18328 0.7706
0 0.57526 0.282305 0.148156 0.166689 0.761289
0 0.5746 0.279452 0.152549 0.174328 0.755932
0 0.582102 0.282951 0.165261 0.1881 0.763108
0 0.576191 0.283828 0.15328 0.179805 0.794733
0 0.57332 0.284261 0.156255 0.183783 0.757318
0 0.573981 0.285466 0.161891 0.194326 0.762256
0 0.57243 0.281525 0.169057 0.190916 0.750085
0 0.570537 0.283542 0.165495 0.197545 0.76454
0 0.575727 0.280509 0.167777 0.191529 0.808349
0 0.575171 0.283043 0.159589 0.18791 0.740622
0 0.573287 0.287357 0.158832 0.186133 0.797911
0 0.575968 0.281196 0.151957 0.178617 0.75271
0 0.580106 0.283501 0.165266 0.191351 0.705161
0 0.578979 0.285475 0.166392 0.195852 0.778314
0 0.57623 0.281424 0.154349 0.181907 0.758901
0 0.580615 0.282076 0.172663 0.197617 0.752886
0 0.574576 0.28159 0.159458 0.183615 0.758744
0 0.576107 0.286278 0.171953 0.204257 0.787428
0 0.578158 0.284888 0.166355 0.193067 0.790095
0 0.576572 0.279969 0.165352 0.191623 0.720264
0 0.58072 0.28726 0.167988 0.196011 0.753797
0 0.575946 0.286005 0.159241 0.186805 0.772563
0 0.57701 0.283574 0.164657 0.191695 0.817279
0 0.577497 0.28161 0.158239 0.180585 0.813289
0 0.577763 0.283495 0.165038 0.192834 0.796973
0 0.575956 0.284932 0.170348 0.200959 0.837395
0 0.576145 0.28323 0.163796 0.191128 0.791415
0 0.577423 0.280637 0.174285 0.201641 0.83652
0 0.576292 0.280925 0.15943 0.182803 0.758448
0 0.58113 0.28231 0.164944 0.192678 0.79217
0 0.578183 0.28216 0.165188 0.193387 0.799332
0 0.575368 0.279488 0.161575 0.185863 0.838174
0 0.576796 0.279827 0.162045 0.188264 0.828883
0 0.57542 0.277279 0.158916 0.18389 0.816193
0 0.577121 0.275715 0.162636 0.188938 0.783196
0 0.576092 0.279473 0.162292 0.18654 0.840785
0 0.576847 0.282031 0.165132 0.190047 0.803886
0 0.577373 0.282253 0.164204 0.190209 0.852128
0 0.57661 0.283605 0.165408 0.193777 0.838362
0 0.575442 0.282762 0.161962 0.187771 0.836627
0 0.575236 0.28181 0.162637 0.189526 0.804974
0 0.574799 0.280571 0.16289 0.188847 0.845682
0 0.573071 0.283782 0.164488 0.19169 0.848014
0 0.573265 0.281022 0.167194 0.19436 0.830738
0 0.576777 0.282977 0.168376 0.198717 0.80924
0 0.575374 0.282114 0.173293 0.20239 0.838323
0 0.576202 0.283448 0.171093 0.199039 0.826788
0 0.5758 0.282333 0.170144 0.198249 0.840632
0 0.57446 0.281187 0.16397 0.191156 0.842254
0 0.576606 0.280901 0.167155 0.193421 0.807846
0 0.574766 0.28302 0.166827 0.193994 0.845628
0 0.574604 0.281671 0.165913 0.192876 0.843232
0 0.575725 0.283096 0.1671 0.194046 0.852631
0 0.574431 0.282331 0.166435 0.19349 0.841187
0 0.575936 0.282307 0.16795 0.19494 0.844973
0 0.575726 0.283079 0.167096 0.19404 0.852449
