0 0.454274 0.523569 0.0743246 0.0845395 0.652903
0 0.466892 0.522755 0.0990772 0.114221 0.634629
0 0.469637 0.51905 0.100004 0.119488 0.612936
0 0.464387 0.520258 0.0946933 0.110007 0.607259
0 0.463227 0.524691 0.0966514 0.108812 0.734804
0 0.462437 0.524403 0.0937268 0.111103 0.610284
0 0.464839 0.523696 0.10132 0.12146 0.74906
0 0.463962 0.526287 0.0962697 0.111374 0.693368
0 0.462817 0.525587 0.0942197 0.107287 0.737436
0 0.469275 0.521031 0.103851 0.119594 0.721715
0 0.461052 0.519105 0.0950087 0.112485 0.691518
0 0.462408 0.522589 0.100116 0.113954 0.703078
0 0.462319 0.52392 0.10121 0.114638 0.743026
0 0.46222 0.522492 0.0925692 0.109411 0.669633
0 0.464001 0.522504 0.102911 0.1158 0.701519
0 0.462776 0.521004 0.0957808 0.113122 0.701809
0 0.463879 0.520045 0.101086 0.120474 0.692532
0 0.460515 0.523648 0.0960093 0.111495 0.736704
0 0.464098 0.524588 0.0964387 0.112468 0.685747
0 0.465309 0.521585 0.0947042 0.112942 0.734735
0 0.459687 0.52232 0.0939139 0.110148 0.728341
0 0.462252 0.522873 0.0922059 0.108939 0.712085
0 0.462942 0.522343 0.0938982 0.10923 0.732212
0 0.463363 0.524055 0.0917476 0.108028 0.717272
0 0.464059 0.520753 0.0985934 0.115933 0.622439
0 0.461937 0.523976 0.0954504 0.110032 0.761806
0 0.46386 0.521832 0.097287 0.112958 0.719912
0 0.463309 0.522415 0.0967293 0.115171 0.782233
0 0.464451 0.521964 0.0962073 0.115847 0.783189
0 0.464721 0.520038 0.0994866 0.117129 0.716368
0 0.460991 0.521102 0.100142 0.11575 0.698095
0 0.464733 0.521347 0.0993871 0.116626 0.741765
0 0.462911 0.520706 0.100535 0.119683 0.735117
0 0.46587 0.519225 0.100253 0.116661 0.669727
0 0.465154 0.522493 0.0943398 0.111422 0.78121
0 0.464364 0.522664 0.0940533 0.110195 0.781727
0 0.463353 0.522467 0.0953245 0.109319 0.725204
0 0.46577 0.522073 0.101001 0.114469 0.615132
0 0.466171 0.520753 0.0983012 0.11649 0.776221
0 0.463825 0.521301 0.101663 0.117367 0.769849
0 0.464128 0.52126 0.0979945 0.116607 0.749915
0 0.464916 0.519875 0.102795 0.120459 0.742141
0 0.464553 0.5222 0.0952456 0.113201 0.806082
0 0.463715 0.520406 0.0983053 0.117748 0.804734
0 0.462027 0.522048 0.0974597 0.114741 0.775892
0 0.464718 0.522189 0.0995251 0.114119 0.807882
0 0.464651 0.520069 0.101217 0.11834 0.717342
0 0.465903 0.522064 0.0971949 0.11207 0.776164
0 0.464403 0.520873 0.0980398 0.114973 0.765432
0 0.464813 0.520464 0.0992092 0.116645 0.808683
0 0.464252 0.520701 0.0971707 0.114947 0.793987
0 0.46443 0.521024 0.0987324 0.114421 0.793603
0 0.463708 0.518757 0.100959 0.118231 0.742058
0 0.464454 0.521555 0.0986967 0.114719 0.824792
0 0.462879 0.521876 0.0975648 0.114693 0.76426
0 0.464362 0.521702 0.0962208 0.112981 0.813282
0 0.463063 0.520292 0.0968645 0.114097 0.789426
0 0.464648 0.52086 0.097083 0.114565 0.791482
0 0.465206 0.52105 0.0948082 0.111759 0.778816
0 0.464173 0.521081 0.0957723 0.114311 0.829264
0 0.463458 0.520164 0.0979216 0.115916 0.813392
0 0.462825 0.520816 0.0975894 0.114537 0.818886
0 0.464713 0.51986 0.0969759 0.114343 0.771517
0 0.465733 0.520288 0.0969019 0.113944 0.757212
0 0.464974 0.52027 0.0973013 0.114264 0.78008
0 0.464832 0.520183 0.0993881 0.116871 0.801797
0 0.464616 0.520376 0.0972268 0.114337 0.803415
0 0.46633 0.519667 0.0975805 0.115233 0.780562
0 0.464882 0.521159 0.0960334 0.112889 0.819646
0 0.465293 0.520182 0.0964922 0.114838 0.80045
0 0.465489 0.52051 0.0957593 0.113416 0.812666
0 0.464796 0.520456 0.0961797 0.113637 0.798558
0 0.46539 0.520606 0.0965906 0.113856 0.810757
0 0.465491 0.520515 0.0957569 0.113412 0.812336
