0 0.404042 0.176 0.205999 0.229222 0.644231
0 0.401197 0.187357 0.191752 0.214104 0.910576
0 0.419752 0.170774 0.167342 0.181218 0.709888
0 0.399955 0.193136 0.233844 0.268607 0.83362
0 0.41206 0.190201 0.222483 0.265118 0.766232
0 0.392668 0.199269 0.231699 0.269675 0.87848
0 0.409248 0.196488 0.210518 0.26425 0.904085
0 0.412677 0.205182 0.226775 0.277529 0.869216
0 0.402843 0.199811 0.240382 0.283672 0.77234
0 0.41444 0.206338 0.330222 0.366699 0.69816
0 0.408565 0.204574 0.250638 0.297815 0.751568
0 0.404234 0.199198 0.230801 0.271969 0.830045
0 0.404458 0.20179 0.248067 0.294453 0.82345
0 0.403533 0.203631 0.233507 0.266444 0.914877
0 0.410643 0.196643 0.222146 0.260277 0.812918
0 0.400289 0.202155 0.233252 0.269241 0.828712
0 0.407033 0.205521 0.232019 0.277272 0.826915
0 0.403084 0.203931 0.236622 0.285295 0.830078
0 0.405822 0.204391 0.23613 0.276722 0.884096
0 0.403856 0.20399 0.224172 0.271253 0.820057
0 0.40471 0.201458 0.237798 0.282099 0.90275
0 0.401206 0.206768 0.231091 0.284796 0.866383
0 0.40236 0.205869 0.24179 0.285547 0.772535
0 0.407512 0.19824 0.234912 0.278182 0.832966
0 0.405376 0.200887 0.226357 0.267531 0.909769
0 0.406807 0.208692 0.230373 0.278084 0.818881
0 0.40015 0.197915 0.236409 0.269509 0.820545
0 0.406295 0.202565 0.237216 0.282442 0.903442
0 0.403785 0.206713 0.238732 0.278817 0.843842
0 0.399567 0.207195 0.238002 0.283755 0.928835
0 0.407175 0.199136 0.235143 0.275861 0.790299
0 0.402092 0.204274 0.228621 0.266688 0.860522
0 0.40511 0.194022 0.238386 0.278612 0.803848
0 0.400127 0.200876 0.238389 0.277635 0.886739
0 0.401401 0.199189 0.240866 0.282465 0.868447
0 0.399975 0.202215 0.234124 0.274366 0.889627
0 0.40304 0.203591 0.246053 0.283572 0.822793
0 0.40227 0.202651 0.237244 0.286275 0.783509
0 0.399752 0.196134 0.23501 0.273246 0.76044
0 0.400612 0.201773 0.228123 0.264167 0.859743
0 0.407974 0.199087 0.227968 0.271227 0.861642
0 0.400668 0.198378 0.231394 0.27082 0.823525
0 0.406798 0.199361 0.231608 0.273977 0.776032
0 0.398699 0.196059 0.228128 0.268879 0.912633
0 0.399395 0.201252 0.227663 0.270334 0.849505
0 0.403136 0.200144 0.234857 0.275101 0.874904
0 0.406023 0.202557 0.231072 0.269393 0.863078
0 0.402392 0.197199 0.234447 0.268302 0.830843
0 0.400602 0.199328 0.227216 0.267421 0.872397
0 0.400833 0.201545 0.237317 0.277875 0.85442
0 0.401888 0.207044 0.233638 0.275697 0.852991
0 0.402934 0.201836 0.230085 0.271296 0.835238
0 0.403762 0.196066 0.228636 0.267329 0.785613
0 0.402182 0.197364 0.231956 0.273114 0.841413
0 0.400966 0.201418 0.242251 0.276528 0.860735
0 0.406133 0.19617 0.235169 0.269619 0.84199
0 0.400795 0.205338 0.233667 0.27573 0.829255
0 0.401567 0.198431 0.241055 0.276094 0.855878
0 0.404795 0.198127 0.240214 0.279948 0.870439
0 0.401008 0.20098 0.227588 0.268249 0.844397
0 0.403726 0.199608 0.238798 0.275587 0.871367
0 0.405526 0.196459 0.24001 0.275209 0.824453
0 0.404938 0.193559 0.241592 0.278397 0.840104
0 0.40287 0.20021 0.23885 0.274869 0.860311
0 0.402161 0.203924 0.236573 0.277296 0.883581
0 0.402186 0.198793 0.242396 0.278088 0.843578
0 0.401208 0.200604 0.242609 0.277839 0.90314
0 0.400681 0.199264 0.241652 0.277271 0.885137
0 0.404086 0.199248 0.235842 0.272009 0.872779
0 0.404776 0.198767 0.240617 0.276601 0.874616
0 0.402086 0.199407 0.239133 0.282264 0.83111
0 0.402868 0.199194 0.234102 0.273309 0.868914
0 0.404133 0.201658 0.239883 0.278519 0.861071
0 0.405345 0.1976 0.245805 0.283083 0.894938
0 0.401095 0.199847 0.240784 0.279569 0.885487
0 0.401845 0.201065 0.233541 0.274511 0.87139
0 0.402507 0.200343 0.239923 0.275202 0.885129
0 0.404752 0.19782 0.243207 0.278092 0.925354
0 0.405666 0.197772 0.240071 0.276192 0.915671
0 0.400232 0.196873 0.245565 0.280127 0.892828
0 0.40464 0.196979 0.242209 0.276764 0.904787
0 0.404316 0.198441 0.243313 0.276921 0.886418
0 0.403001 0.198147 0.240586 0.27505 0.880706
0 0.402552 0.19939 0.243126 0.280818 0.874624
0 0.402474 0.19848 0.240155 0.2779 0.872518
0 0.403164 0.198701 0.243003 0.277865 0.863535
0 0.404252 0.199931 0.243254 0.278038 0.859412
0 0.402884 0.197536 0.237694 0.27372 0.892418
0 0.403722 0.198854 0.242015 0.27449 0.894736
0 0.403366 0.199414 0.244258 0.280756 0.905471
0 0.402358 0.201012 0.241554 0.276508 0.883631
0 0.402879 0.200176 0.243387 0.276705 0.911386
0 0.401457 0.200874 0.241502 0.277065 0.907174
0 0.40193 0.198545 0.24125 0.274587 0.904211
0 0.401476 0.198793 0.24065 0.273995 0.908824
0 0.403357 0.197715 0.242406 0.276597 0.873821
0 0.402481 0.199012 0.240518 0.272389 0.90534
0 0.40133 0.198299 0.242561 0.274699 0.899947
0 0.40239 0.198818 0.241393 0.274813 0.911824
0 0.402292 0.198693 0.241076 0.274342 0.905654
0 0.402308 0.198328 0.241526 0.274858 0.909948
0 0.40239 0.198803 0.241374 0.2748 0.911624
