0 0.466657 0.351978 0.184972 0.209496 0.934398
0 0.412597 0.183104 0.180559 0.198318 0.91231
0 0.408994 0.185286 0.159992 0.191704 0.661229
0 0.407001 0.190696 0.159892 0.191679 0.840008
0 0.49984 0.361932 0.161988 0.190268 0.816564
0 0.410821 0.185458 0.161184 0.191285 0.645488
0 0.502185 0.356416 0.163798 0.191876 0.615672
0 0.406841 0.183032 0.184247 0.213796 0.652677
0 0.499847 0.357713 0.179108 0.214634 0.652005
0 0.498009 0.354446 0.168192 0.20213 0.657373
0 0.404468 0.185352 0.164281 0.199278 0.612266
0 0.499742 0.355782 0.168126 0.194889 0.765177
0 0.400275 0.185986 0.162941 0.192216 0.665677
0 0.494147 0.355209 0.175598 0.200423 0.865971
0 0.401704 0.184889 0.170323 0.194487 0.736806
0 0.501503 0.357113 0.157653 0.178292 0.650454
0 0.501676 0.358615 0.176934 0.203587 0.693597
0 0.49892 0.357032 0.166342 0.190372 0.684956
0 0.411923 0.185349 0.160759 0.189152 0.62491
0 0.509319 0.352991 0.181499 0.20761 0.665564
0 0.500437 0.357285 0.16712 0.196737 0.662585
0 0.502484 0.356452 0.167844 0.195705 0.741341
0 0.402268 0.186098 0.171664 0.204752 0.630131
0 0.504469 0.356594 0.176645 0.203513 0.778823
0 0.403979 0.185035 0.176855 0.201512 0.748055
0 0.504544 0.358436 0.170854 0.201345 0.610852
0 0.502496 0.35504 0.172311 0.206286 0.700546
0 0.50521 0.355825 0.176925 0.20995 0.697428
0 0.504329 0.35713 0.173176 0.203251 0.857106
0 0.503003 0.356649 0.17134 0.202751 0.75533
0 0.50069 0.354858 0.168632 0.195941 0.760423
0 0.505878 0.355244 0.171903 0.195195 0.826139
0 0.399531 0.185595 0.169737 0.203249 0.69246
0 0.498033 0.357235 0.183584 0.211721 0.803464
0 0.499116 0.357595 0.170412 0.200726 0.829903
0 0.498525 0.356051 0.166656 0.1892 0.707461
0 0.504147 0.356604 0.170467 0.190101 0.719696
0 0.498094 0.353245 0.174881 0.200115 0.780195
0 0.50682 0.354282 0.176726 0.206863 0.822754
0 0.40508 0.179018 0.179267 0.202721 0.652146
0 0.504865 0.355922 0.172737 0.198915 0.806461
0 0.503057 0.357667 0.169558 0.195309 0.824541
0 0.502429 0.359971 0.170889 0.195199 0.835302
0 0.392775 0.189506 0.177957 0.206065 0.711877
0 0.507322 0.354739 0.181593 0.205459 0.733449
0 0.400554 0.182866 0.185487 0.213762 0.709497
0 0.505515 0.3524 0.176278 0.199647 0.746715
0 0.507984 0.355459 0.177107 0.202818 0.782109
0 0.504096 0.355656 0.175277 0.201162 0.788741
0 0.401543 0.180616 0.182897 0.209911 0.758204
0 0.500998 0.355568 0.169707 0.193129 0.744334
0 0.505451 0.356184 0.170353 0.197883 0.786106
0 0.502269 0.352169 0.168947 0.19733 0.835362
0 0.397132 0.182066 0.177211 0.202985 0.611783
0 0.50833 0.352631 0.178023 0.2027 0.764124
0 0.505552 0.356831 0.175312 0.199811 0.81337
0 0.500299 0.355155 0.163077 0.189336 0.810689
0 0.399059 0.177902 0.178981 0.201013 0.687658
0 0.504992 0.353286 0.170927 0.19678 0.798014
0 0.396529 0.186753 0.173989 0.194339 0.675427
0 0.507008 0.352969 0.176067 0.203053 0.816129
0 0.402162 0.185049 0.178498 0.206652 0.721988
0 0.501526 0.355334 0.166817 0.191942 0.832502
0 0.402498 0.185561 0.17521 0.202759 0.719076
0 0.505401 0.354201 0.176965 0.200139 0.801172
0 0.395414 0.184849 0.184095 0.208751 0.676213
0 0.502554 0.355242 0.168683 0.194732 0.802771
0 0.393209 0.182478 0.178815 0.20736 0.612487
0 0.508245 0.356066 0.179241 0.20482 0.802203
0 0.385753 0.18234 0.209901 0.244674 0.731722
0 0.505949 0.355039 0.175759 0.203874 0.846435
0 0.506248 0.352913 0.174393 0.200098 0.839601
0 0.397525 0.17932 0.187214 0.214918 0.716749
0 0.504482 0.353115 0.173915 0.200086 0.843644
0 0.396631 0.183396 0.179901 0.205044 0.708915
0 0.499499 0.355699 0.174404 0.198923 0.813272
0 0.397474 0.183901 0.18282 0.208932 0.735497
0 0.499321 0.354228 0.173376 0.195524 0.786264
0 0.404887 0.182442 0.176716 0.200949 0.646647
0 0.503477 0.354325 0.175254 0.205038 0.788227
0 0.505406 0.356755 0.172152 0.197616 0.778712
0 0.400641 0.18208 0.18234 0.211468 0.71445
0 0.506956 0.355538 0.175375 0.205005 0.817535
0 0.406672 0.18337 0.184215 0.215238 0.728219
0 0.504941 0.352909 0.174737 0.200433 0.739072
0 0.401808 0.179617 0.190763 0.216763 0.737508
0 0.507321 0.352208 0.177533 0.204969 0.80371
0 0.386957 0.176865 0.203628 0.234079 0.75413
0 0.505069 0.356831 0.17226 0.198572 0.820109
0 0.395375 0.18221 0.187746 0.218343 0.745461
0 0.504681 0.355274 0.172711 0.198093 0.818322
0 0.397868 0.181796 0.180869 0.207417 0.780175
0 0.505599 0.349599 0.174675 0.204959 0.751472
0 0.394971 0.174763 0.189406 0.222588 0.668034
0 0.502561 0.352683 0.174301 0.203421 0.854131
0 0.388416 0.179404 0.191673 0.221344 0.694986
0 0.501811 0.353584 0.170253 0.200507 0.850698
0 0.394307 0.182081 0.181061 0.213537 0.719356
0 0.507646 0.352334 0.17415 0.203337 0.827376
0 0.402162 0.181179 0.18098 0.207375 0.795781
0 0.507107 0.352535 0.172959 0.196764 0.830183
0 0.395947 0.177137 0.18446 0.208911 0.699357
0 0.502364 0.355519 0.168668 0.195224 0.822593
0 0.39454 0.183821 0.18063 0.208023 0.747791
0 0.50503 0.351667 0.173342 0.200746 0.860634
0 0.396496 0.179807 0.187272 0.215825 0.788388
0 0.504514 0.354651 0.172437 0.199952 0.835394
0 0.392384 0.181917 0.184587 0.21665 0.71592
0 0.502853 0.351463 0.174963 0.204029 0.894465
0 0.395488 0.180422 0.187466 0.218375 0.77318
0 0.504155 0.353874 0.173868 0.202668 0.869498
0 0.395473 0.185296 0.178019 0.207595 0.662223
0 0.503608 0.352598 0.172497 0.203463 0.858284
0 0.39812 0.181714 0.182895 0.215516 0.745527
0 0.50466 0.351473 0.171451 0.199634 0.858069
0 0.399735 0.18151 0.180288 0.206263 0.721354
0 0.503985 0.352087 0.173153 0.200807 0.8796
0 0.395001 0.184372 0.176534 0.203319 0.706727
0 0.505556 0.352374 0.171929 0.200958 0.857173
0 0.397654 0.181132 0.176932 0.211928 0.750838
0 0.50684 0.350979 0.174697 0.204112 0.862535
0 0.390481 0.17823 0.194359 0.223836 0.763815
0 0.50793 0.350584 0.174177 0.203391 0.806627
0 0.399332 0.180429 0.181403 0.213296 0.721539
0 0.505981 0.352083 0.175226 0.204334 0.867797
0 0.394056 0.186762 0.178379 0.209177 0.805448
0 0.502505 0.351275 0.173648 0.20291 0.823348
0 0.389616 0.179365 0.19425 0.222867 0.690652
0 0.503984 0.35267 0.171138 0.201335 0.854101
0 0.39467 0.185412 0.17378 0.206133 0.7198
0 0.505195 0.351444 0.174043 0.204679 0.841833
0 0.389928 0.179069 0.197383 0.23068 0.779576
0 0.503319 0.353421 0.172941 0.20187 0.847926
0 0.390008 0.18054 0.193335 0.223973 0.769062
0 0.505521 0.353027 0.172573 0.201882 0.816973
0 0.39092 0.176563 0.194869 0.226993 0.682259
0 0.503745 0.351913 0.172232 0.201107 0.853243
0 0.390215 0.175731 0.193317 0.224299 0.725013
0 0.503434 0.353357 0.171598 0.198983 0.841783
0 0.393399 0.182021 0.181306 0.212928 0.760875
0 0.5041 0.349863 0.17607 0.206218 0.852868
0 0.39266 0.18046 0.188416 0.220144 0.754389
0 0.505246 0.351801 0.175283 0.205668 0.821125
0 0.393032 0.183637 0.179247 0.210507 0.713974
0 0.503523 0.350616 0.173835 0.20601 0.854972
0 0.387755 0.178499 0.200458 0.232362 0.739828
0 0.505334 0.352759 0.175465 0.204238 0.848974
0 0.394811 0.186336 0.174843 0.207819 0.757064
0 0.505214 0.350554 0.17696 0.205207 0.857926
0 0.393612 0.184575 0.176125 0.207183 0.735018
0 0.505375 0.3499 0.177388 0.207773 0.870456
0 0.394489 0.18384 0.17949 0.2101 0.745889
0 0.506244 0.349411 0.177389 0.207954 0.828492
0 0.392763 0.183849 0.17844 0.208676 0.677529
0 0.505623 0.351249 0.175767 0.205518 0.857667
0 0.393503 0.181804 0.18461 0.215465 0.751317
0 0.504369 0.351099 0.174614 0.204902 0.85518
0 0.3925 0.177481 0.191217 0.222418 0.736592
0 0.505254 0.351301 0.176158 0.205542 0.870289
0 0.393076 0.181714 0.185936 0.215407 0.768268
0 0.504513 0.351004 0.176005 0.206174 0.858428
0 0.391662 0.177241 0.192829 0.224009 0.726959
0 0.505473 0.351202 0.176418 0.206652 0.861294
0 0.393209 0.181376 0.186965 0.217702 0.736431
0 0.50526 0.351287 0.176171 0.205556 0.86995
0 0.393068 0.181692 0.185937 0.215405 0.767914
