0 0.44027 0.30297 0.225611 0.274657 0.735637
0 0.425665 0.299023 0.213756 0.262843 0.995676
0 0.429332 0.295679 0.264795 0.305535 0.674736
0 0.439657 0.294322 0.269326 0.32406 0.827247
0 0.439859 0.303534 0.25234 0.302447 0.718289
0 0.425881 0.305392 0.233757 0.293007 0.755415
0 0.429996 0.302689 0.248928 0.289118 0.740672
0 0.425852 0.295041 0.276409 0.346544 0.743459
0 0.4309 0.301703 0.247128 0.288381 0.740265
0 0.425019 0.302686 0.261378 0.315183 0.800562
0 0.427093 0.293587 0.262829 0.31407 0.880369
0 0.428412 0.294801 0.261072 0.307205 0.849148
0 0.417436 0.292426 0.265925 0.312397 0.736106
0 0.424411 0.297848 0.269907 0.319329 0.771145
0 0.433112 0.302883 0.267643 0.316649 0.829926
0 0.428414 0.295432 0.256299 0.304462 0.893383
0 0.426992 0.300891 0.246933 0.297734 0.839897
0 0.432225 0.293403 0.264341 0.319026 0.87409
0 0.421316 0.303095 0.264221 0.317103 0.827853
0 0.419053 0.29543 0.282664 0.334178 0.712288
0 0.429248 0.295697 0.272731 0.322183 0.847706
0 0.422074 0.300453 0.252802 0.304916 0.85771
0 0.420339 0.30162 0.261678 0.320309 0.817842
0 0.429258 0.296913 0.260001 0.300902 0.788205
0 0.423715 0.295374 0.270743 0.322874 0.886588
0 0.420862 0.295499 0.284098 0.33541 0.854268
0 0.423003 0.30025 0.260656 0.313644 0.870346
0 0.430564 0.296883 0.256498 0.305468 0.764594
0 0.427184 0.293923 0.264657 0.310216 0.752106
0 0.421992 0.293389 0.274393 0.324608 0.782915
0 0.424508 0.295825 0.274816 0.326034 0.856822
0 0.42535 0.297166 0.268309 0.314594 0.79547
0 0.424453 0.301466 0.260166 0.314009 0.85738
0 0.422552 0.296898 0.274379 0.318316 0.779724
0 0.426517 0.300539 0.274645 0.320222 0.772001
0 0.423813 0.291519 0.272811 0.325181 0.681532
0 0.419402 0.295147 0.272164 0.31381 0.801015
0 0.431542 0.289749 0.268965 0.315105 0.819823
0 0.426618 0.296772 0.271378 0.322758 0.810672
0 0.425875 0.297531 0.2758 0.327344 0.741854
0 0.421258 0.288143 0.271603 0.323453 0.899057
0 0.424811 0.294506 0.269282 0.320612 0.873027
0 0.421994 0.296337 0.274722 0.320196 0.84918
0 0.426651 0.298718 0.276381 0.321661 0.856122
0 0.423575 0.294772 0.266687 0.311072 0.781497
0 0.423666 0.293926 0.260438 0.308152 0.87506
0 0.423493 0.293445 0.275129 0.327902 0.805502
0 0.425938 0.299561 0.273758 0.328343 0.783066
0 0.425881 0.29666 0.269583 0.319441 0.851615
0 0.423364 0.292152 0.267617 0.313676 0.785047
0 0.416873 0.295411 0.270305 0.314695 0.885554
0 0.417938 0.294996 0.279172 0.327754 0.84641
0 0.421087 0.296618 0.27321 0.32146 0.859913
0 0.426231 0.30026 0.264814 0.315894 0.828568
0 0.427121 0.294864 0.275937 0.324452 0.789141
0 0.423801 0.293577 0.276065 0.32288 0.852328
0 0.426463 0.292604 0.264906 0.316942 0.817642
0 0.421672 0.298483 0.27039 0.315511 0.860256
0 0.426247 0.29174 0.283508 0.334441 0.811243
0 0.421344 0.292098 0.285561 0.330385 0.835485
0 0.42107 0.295513 0.27725 0.324858 0.833568
0 0.422424 0.296272 0.273518 0.322796 0.843699
0 0.424015 0.292784 0.272901 0.323461 0.789646
0 0.422753 0.296502 0.279459 0.328569 0.830146
0 0.424285 0.29466 0.275256 0.32699 0.837971
0 0.425864 0.295497 0.268785 0.32258 0.824997
0 0.426447 0.293377 0.278597 0.322952 0.794741
0 0.423292 0.295292 0.277311 0.327619 0.804611
0 0.426121 0.296564 0.2666 0.320502 0.826963
0 0.424915 0.295549 0.267662 0.320385 0.817155
0 0.428726 0.291773 0.275221 0.325604 0.809828
0 0.426003 0.297273 0.269201 0.318131 0.840663
0 0.425908 0.295839 0.280499 0.326741 0.798526
0 0.42485 0.294013 0.26842 0.318264 0.82055
0 0.428482 0.293448 0.274937 0.322534 0.874131
0 0.424498 0.293554 0.271421 0.319207 0.861727
0 0.421448 0.288888 0.28187 0.329155 0.833653
0 0.426052 0.291291 0.281802 0.329002 0.842891
0 0.426268 0.294291 0.27513 0.325026 0.827472
0 0.42484 0.293887 0.274205 0.322297 0.840276
0 0.42292 0.296061 0.275716 0.325004 0.846456
0 0.424179 0.293088 0.274304 0.325161 0.838172
0 0.42465 0.294425 0.276714 0.326516 0.82348
0 0.423006 0.294712 0.278551 0.323291 0.841539
0 0.425192 0.292854 0.275001 0.324191 0.852984
0 0.426689 0.293123 0.277704 0.324912 0.860246
0 0.422238 0.292909 0.278041 0.324775 0.869284
0 0.423553 0.296119 0.275268 0.32354 0.8571
0 0.425206 0.292039 0.279265 0.325317 0.87191
0 0.424594 0.295643 0.272926 0.320771 0.86255
0 0.422568 0.292966 0.276864 0.324271 0.859989
0 0.423475 0.293989 0.273379 0.321232 0.862799
0 0.425123 0.292195 0.277871 0.32564 0.82855
0 0.424449 0.2942 0.27257 0.319833 0.868577
0 0.424511 0.294454 0.276076 0.323157 0.854275
0 0.425577 0.294206 0.273986 0.320809 0.871076
0 0.425389 0.29378 0.272353 0.320012 0.86301
0 0.425734 0.2938 0.27305 0.320792 0.862554
0 0.425562 0.294198 0.274007 0.320821 0.870915
