0 0.390127 0.345361 0.228838 0.259509 0.983319
0 0.438421 0.338671 0.212994 0.234863 0.92267
0 0.384426 0.336938 0.247204 0.278679 0.723295
0 0.39409 0.349919 0.252038 0.275054 0.739156
0 0.407657 0.340529 0.212288 0.266999 0.792789
0 0.403611 0.341986 0.232462 0.272935 0.737215
0 0.402757 0.342152 0.238074 0.276958 0.703928
0 0.386976 0.3464 0.212686 0.250344 0.736754
0 0.389691 0.340256 0.225599 0.264122 0.784322
0 0.388391 0.343166 0.228111 0.261747 0.81949
0 0.40852 0.34508 0.22829 0.265491 0.717075
0 0.393461 0.346758 0.231054 0.252513 0.616826
0 0.392917 0.344055 0.222957 0.261314 0.711011
0 0.40388 0.338792 0.24719 0.284825 0.799812
0 0.394135 0.338725 0.224931 0.254113 0.850213
0 0.394841 0.337229 0.21512 0.254817 0.802871
0 0.39841 0.34251 0.234008 0.270292 0.872396
0 0.393584 0.337276 0.256881 0.301407 0.812206
0 0.395717 0.343823 0.250115 0.29044 0.799272
0 0.399737 0.337777 0.236021 0.273094 0.825514
0 0.394083 0.344326 0.22324 0.257477 0.872485
0 0.402006 0.348321 0.227954 0.266581 0.848011
0 0.392887 0.337884 0.23288 0.26022 0.855038
0 0.40056 0.340604 0.233298 0.276617 0.925719
0 0.400891 0.345397 0.238207 0.274894 0.887921
0 0.389842 0.347118 0.231986 0.274481 0.88445
0 0.395978 0.337543 0.241161 0.280889 0.805794
0 0.393597 0.34673 0.232806 0.273216 0.812823
0 0.397287 0.341781 0.236864 0.278215 0.859827
0 0.401139 0.341862 0.235399 0.274166 0.883107
0 0.398724 0.339455 0.232249 0.278566 0.862135
0 0.393963 0.345849 0.238915 0.279289 0.886901
0 0.397629 0.347444 0.239895 0.281041 0.862714
0 0.400248 0.341299 0.242698 0.283795 0.811251
0 0.399892 0.33728 0.234566 0.275721 0.775761
0 0.398022 0.341188 0.23308 0.267736 0.855387
0 0.407189 0.344081 0.227149 0.27343 0.843629
0 0.401228 0.340272 0.234151 0.275543 0.847619
0 0.40026 0.345192 0.240415 0.279651 0.815249
0 0.392467 0.339601 0.231961 0.269841 0.914691
0 0.397565 0.339123 0.230204 0.272153 0.810277
0 0.392744 0.33849 0.241664 0.277367 0.834812
0 0.397811 0.343356 0.236432 0.274352 0.827435
0 0.398706 0.341905 0.238263 0.272349 0.815744
0 0.400097 0.341406 0.234078 0.270896 0.884699
0 0.394198 0.347213 0.236062 0.273369 0.856492
0 0.401409 0.348069 0.243086 0.278407 0.858428
0 0.401612 0.344296 0.236692 0.275368 0.84143
0 0.404368 0.340989 0.233987 0.274579 0.831913
0 0.398693 0.343164 0.231168 0.27609 0.869602
0 0.401284 0.343756 0.243537 0.278645 0.876834
0 0.403246 0.342009 0.237876 0.273587 0.876127
0 0.399667 0.348371 0.232909 0.271351 0.857973
0 0.390203 0.338658 0.241717 0.278696 0.802497
0 0.402308 0.340751 0.235794 0.279455 0.86309
0 0.4007 0.341047 0.230485 0.27157 0.832922
0 0.399884 0.344828 0.233027 0.271396 0.879176
0 0.403164 0.341205 0.229547 0.272493 0.825459
0 0.402791 0.339601 0.231787 0.27742 0.850089
0 0.396894 0.345305 0.235089 0.27835 0.856776
0 0.39732 0.345078 0.238424 0.275739 0.877388
0 0.404772 0.344256 0.240588 0.274995 0.823758
0 0.39836 0.34243 0.241572 0.279883 0.85274
0 0.398689 0.342495 0.240514 0.278624 0.857692
0 0.402723 0.342137 0.231021 0.272955 0.856563
0 0.404383 0.342257 0.233755 0.271606 0.844197
0 0.397373 0.343229 0.23201 0.274643 0.839585
0 0.399605 0.343004 0.232544 0.271163 0.868212
0 0.401154 0.34614 0.235326 0.272322 0.857313
0 0.400758 0.341471 0.241982 0.282037 0.88031
0 0.399051 0.343297 0.242576 0.282962 0.876162
0 0.395482 0.342929 0.237253 0.277599 0.848186
0 0.400371 0.340948 0.242499 0.279128 0.85541
0 0.398908 0.343259 0.238978 0.278075 0.903434
0 0.402992 0.339891 0.236019 0.275508 0.861891
0 0.400778 0.34126 0.239197 0.275543 0.863845
0 0.402775 0.338718 0.242633 0.279455 0.870166
0 0.400012 0.341427 0.238241 0.273637 0.88686
0 0.398893 0.345532 0.237317 0.271771 0.845768
0 0.398856 0.342446 0.237038 0.275916 0.854789
0 0.402578 0.343307 0.237668 0.276996 0.851744
0 0.401741 0.343442 0.239032 0.274892 0.859047
0 0.404105 0.342443 0.238469 0.27337 0.850942
0 0.398379 0.340377 0.235376 0.271314 0.884208
0 0.403244 0.344317 0.240653 0.275796 0.867975
0 0.402128 0.343056 0.243538 0.279755 0.870392
0 0.400434 0.346077 0.240854 0.277288 0.852177
0 0.40135 0.344241 0.243754 0.279719 0.897953
0 0.402717 0.345767 0.241898 0.27846 0.882544
0 0.403587 0.344286 0.239876 0.275734 0.881516
0 0.402843 0.343269 0.240228 0.275935 0.89001
0 0.403409 0.341592 0.240157 0.27586 0.862991
0 0.404852 0.343727 0.239468 0.273951 0.890557
0 0.400266 0.341908 0.240892 0.275353 0.880663
0 0.401131 0.342593 0.24107 0.27649 0.89073
0 0.400659 0.342479 0.240255 0.27613 0.888498
0 0.401598 0.342261 0.241859 0.277957 0.889322
0 0.401133 0.342588 0.241061 0.276477 0.890525
