0 0.382911 0.321423 0.393709 0.41613 0.904568
0 0.427396 0.233448 0.258858 0.303444 0.691857
0 0.380754 0.246201 0.281506 0.314684 0.611694
0 0.402582 0.335242 0.431062 0.485592 0.87794
0 0.387493 0.38168 0.538742 0.591159 0.627812
0 0.339178 0.351694 0.523309 0.61223 0.72016
0 0.356351 0.355325 0.513945 0.597751 0.768877
0 0.361251 0.355523 0.51451 0.582017 0.618557
0 0.380693 0.362192 0.536263 0.584428 0.779098
0 0.349254 0.360296 0.493636 0.597891 0.754818
0 0.38702 0.362495 0.439508 0.528942 0.748742
0 0.372472 0.346101 0.536419 0.615597 0.70178
0 0.365422 0.355987 0.527285 0.596083 0.688491
0 0.372728 0.342396 0.530395 0.611223 0.830168
0 0.375339 0.34717 0.525689 0.582062 0.724882
0 0.381394 0.35342 0.470383 0.58434 0.85652
0 0.347076 0.342834 0.538595 0.623702 0.86266
0 0.37936 0.338036 0.480499 0.609896 0.706487
0 0.354554 0.343993 0.464646 0.56059 0.72036
0 0.354731 0.349968 0.552461 0.603662 0.74472
0 0.359104 0.361949 0.501671 0.600101 0.779993
0 0.35842 0.351365 0.486968 0.582056 0.668723
0 0.363837 0.358093 0.432099 0.525969 0.729093
0 0.360298 0.358629 0.504018 0.580565 0.668065
0 0.356241 0.346732 0.512033 0.589078 0.750799
0 0.368274 0.359076 0.467344 0.570068 0.699606
0 0.357267 0.359532 0.506914 0.600033 0.783011
0 0.367411 0.344105 0.467136 0.562718 0.730443
0 0.37078 0.348812 0.532995 0.615587 0.807371
0 0.352511 0.348842 0.48064 0.537289 0.758816
0 0.349841 0.352986 0.463987 0.546541 0.712423
0 0.358313 0.357474 0.49141 0.572078 0.748323
0 0.36382 0.359943 0.473559 0.55541 0.738545
0 0.335216 0.350175 0.502668 0.582104 0.724256
0 0.374846 0.363325 0.460801 0.547187 0.840734
0 0.35887 0.346736 0.502895 0.573924 0.732421
0 0.354345 0.352477 0.478431 0.570772 0.835765
0 0.368211 0.350851 0.465789 0.550926 0.786062
0 0.342752 0.357396 0.454231 0.562271 0.654763
0 0.349856 0.357983 0.480875 0.561633 0.730125
0 0.370376 0.361771 0.484317 0.597277 0.760753
0 0.352228 0.343871 0.492048 0.575659 0.751886
0 0.364107 0.354059 0.492637 0.591563 0.743567
0 0.367172 0.361171 0.471069 0.563071 0.761636
0 0.337828 0.347925 0.525675 0.604994 0.752007
0 0.357132 0.34557 0.495393 0.580696 0.74618
0 0.366067 0.365875 0.458921 0.543441 0.836317
0 0.375632 0.357028 0.466766 0.541704 0.809652
0 0.367475 0.354133 0.464047 0.553277 0.827771
0 0.373329 0.364663 0.4496 0.547812 0.828687
0 0.349289 0.3602 0.476238 0.53678 0.762224
0 0.378954 0.35961 0.457201 0.545178 0.830472
0 0.347979 0.347754 0.529724 0.59554 0.828188
0 0.347563 0.355377 0.455723 0.547348 0.797185
0 0.375205 0.36229 0.454373 0.547682 0.837884
0 0.372225 0.351654 0.461954 0.547313 0.840062
0 0.358703 0.352848 0.491873 0.577747 0.84008
0 0.367992 0.34953 0.48183 0.564957 0.853583
0 0.369969 0.346608 0.490479 0.566427 0.816541
0 0.364391 0.348177 0.493019 0.56494 0.819339
0 0.369404 0.366242 0.474546 0.543264 0.812394
0 0.359163 0.358631 0.474454 0.55665 0.816009
0 0.357712 0.349251 0.477035 0.565275 0.80079
0 0.364732 0.354253 0.486495 0.566504 0.843804
0 0.356968 0.361719 0.480621 0.571143 0.814688
0 0.368659 0.356825 0.481786 0.565736 0.821048
0 0.365619 0.355688 0.461201 0.546221 0.823598
0 0.365354 0.360878 0.456465 0.538239 0.825146
0 0.370564 0.357855 0.467664 0.55537 0.838224
0 0.351427 0.348241 0.485286 0.576903 0.845413
0 0.366123 0.362824 0.474453 0.552346 0.829215
0 0.366427 0.3617 0.469258 0.544903 0.841051
0 0.367631 0.37034 0.466997 0.54546 0.841863
0 0.344516 0.359538 0.495748 0.582389 0.837643
0 0.364631 0.3512 0.49373 0.576647 0.859486
0 0.369511 0.355376 0.484938 0.560882 0.829676
0 0.365088 0.35763 0.48518 0.56012 0.841289
0 0.340139 0.360526 0.500252 0.577354 0.844372
0 0.364166 0.360855 0.46417 0.546302 0.849301
0 0.364241 0.362064 0.473255 0.553527 0.844541
0 0.358304 0.364662 0.475848 0.559861 0.838266
0 0.364259 0.355539 0.482363 0.559388 0.84493
0 0.36444 0.358064 0.47187 0.563933 0.861631
0 0.361233 0.358646 0.479209 0.563817 0.863435
0 0.356729 0.361331 0.474917 0.565924 0.864136
0 0.359253 0.356469 0.476825 0.56654 0.849813
0 0.356274 0.359595 0.476926 0.56121 0.867397
0 0.358612 0.360543 0.473072 0.559782 0.857903
0 0.357057 0.359655 0.472292 0.554067 0.857847
0 0.358585 0.359185 0.476765 0.560005 0.867232
0 0.35717 0.359416 0.47361 0.555547 0.863281
0 0.357054 0.359652 0.472285 0.554046 0.858082
