0 0.202639 0.300483 0.225018 0.24407 0.903335
0 0.226728 0.260605 0.102658 0.121567 0.886683
0 0.232007 0.253847 0.0881345 0.109694 0.662239
0 0.22039 0.250731 0.113362 0.134438 0.806673
0 0.227781 0.253029 0.0966804 0.119367 0.69515
0 0.223488 0.255067 0.103655 0.12062 0.682492
0 0.22751 0.2571 0.0948409 0.109591 0.637519
0 0.223608 0.252104 0.111463 0.129164 0.67679
0 0.228106 0.251992 0.107305 0.123 0.705578
0 0.228123 0.252961 0.0922273 0.103822 0.796285
0 0.223003 0.252468 0.110945 0.121844 0.650567
0 0.22722 0.25406 0.100791 0.119998 0.691667
0 0.229031 0.252906 0.106554 0.122748 0.737391
0 0.229542 0.250134 0.103225 0.121199 0.718841
0 0.226473 0.253028 0.107622 0.123889 0.644034
0 0.230272 0.254611 0.103719 0.11931 0.72116
0 0.230482 0.255366 0.109225 0.121114 0.821615
0 0.228078 0.254579 0.105177 0.120784 0.722988
0 0.227638 0.253844 0.105592 0.1191 0.706116
0 0.232942 0.250169 0.1077 0.124256 0.703254
0 0.226819 0.252234 0.102483 0.117603 0.71656
0 0.228091 0.252644 0.104467 0.125141 0.70749
0 0.230707 0.25579 0.0996618 0.11144 0.750317
0 0.226673 0.251444 0.10402 0.119644 0.693037
0 0.228725 0.254255 0.102337 0.116152 0.688246
0 0.22739 0.252547 0.1068 0.117246 0.744706
0 0.227033 0.252638 0.10533 0.127656 0.751251
0 0.22833 0.253795 0.110277 0.128003 0.77914
0 0.229245 0.254552 0.102282 0.118883 0.791244
0 0.230463 0.252661 0.0963117 0.11186 0.790572
0 0.230675 0.251747 0.0981056 0.114859 0.67852
0 0.226393 0.252928 0.103697 0.119266 0.780685
0 0.228944 0.253666 0.109999 0.122578 0.755835
0 0.228586 0.25591 0.102073 0.119952 0.605227
0 0.227673 0.254366 0.100937 0.114074 0.7099
0 0.230444 0.252762 0.103638 0.119966 0.717179
0 0.228283 0.251785 0.103004 0.123347 0.744531
0 0.227125 0.252669 0.103478 0.120152 0.747429
0 0.227126 0.253674 0.106237 0.121665 0.756651
0 0.226039 0.252108 0.10264 0.116973 0.827064
0 0.226747 0.251636 0.105651 0.12102 0.780551
0 0.227386 0.254455 0.102215 0.118922 0.772363
0 0.22802 0.253187 0.106696 0.124782 0.796531
0 0.225497 0.252698 0.10268 0.117949 0.722181
0 0.228526 0.251919 0.107827 0.124899 0.704528
0 0.224896 0.252882 0.106899 0.121011 0.753153
0 0.227007 0.251517 0.109922 0.125944 0.73238
0 0.226935 0.251645 0.106771 0.121479 0.742575
0 0.224885 0.252278 0.108525 0.124751 0.793573
0 0.227235 0.25247 0.109194 0.1261 0.745505
0 0.225757 0.251565 0.109079 0.123812 0.733921
0 0.228612 0.252628 0.104677 0.120875 0.740953
0 0.227016 0.252527 0.107616 0.122762 0.731123
0 0.227841 0.251927 0.107221 0.122391 0.674024
0 0.228623 0.251902 0.105262 0.119333 0.772923
0 0.228446 0.252584 0.0984285 0.114279 0.804955
0 0.231308 0.251758 0.105403 0.12227 0.76643
0 0.226512 0.252214 0.101051 0.118047 0.696395
0 0.229349 0.252748 0.102522 0.120856 0.817274
0 0.226986 0.25345 0.106607 0.121493 0.770862
0 0.227861 0.253253 0.1034 0.119364 0.782084
0 0.229129 0.254286 0.10821 0.12473 0.781869
0 0.226954 0.253687 0.105739 0.122014 0.797235
0 0.226812 0.254162 0.10725 0.123197 0.800756
0 0.228801 0.254146 0.110597 0.125228 0.803406
0 0.228778 0.253007 0.108426 0.123805 0.832457
0 0.228916 0.253896 0.107572 0.125553 0.636466
0 0.229036 0.253665 0.104496 0.121455 0.801763
0 0.226561 0.253565 0.107693 0.125174 0.810802
0 0.227732 0.253513 0.111794 0.128206 0.817369
0 0.227545 0.254115 0.107931 0.124701 0.830763
0 0.228884 0.252152 0.108855 0.125684 0.828286
0 0.227929 0.252291 0.108808 0.126177 0.747554
0 0.229066 0.254164 0.110027 0.126563 0.824494
0 0.22625 0.252298 0.110064 0.125664 0.738093
0 0.227862 0.253668 0.105826 0.121754 0.801347
0 0.22681 0.252275 0.10901 0.125612 0.741158
0 0.227676 0.253584 0.107462 0.124163 0.801979
0 0.227596 0.253374 0.108421 0.125157 0.779283
0 0.227371 0.252988 0.107989 0.12512 0.83956
0 0.226936 0.253599 0.107072 0.125122 0.821124
0 0.227099 0.252779 0.108455 0.125935 0.823308
0 0.226887 0.252489 0.108211 0.126911 0.765857
0 0.228669 0.252635 0.108902 0.12485 0.759376
0 0.227453 0.252788 0.1084 0.126758 0.79036
0 0.228057 0.25302 0.109532 0.12701 0.796733
0 0.227949 0.253253 0.107962 0.125207 0.819051
0 0.227595 0.252495 0.107964 0.12476 0.7777
0 0.227654 0.253345 0.106881 0.124266 0.826589
0 0.227625 0.253076 0.106919 0.125288 0.82175
0 0.227962 0.253234 0.106532 0.124259 0.842074
0 0.227873 0.253052 0.105735 0.123456 0.804467
0 0.228202 0.253001 0.106933 0.12473 0.823236
0 0.227957 0.253229 0.106517 0.124271 0.841518
