0 0.399071 0.306797 0.183583 0.218822 0.690222
0 0.549885 0.198064 0.194562 0.231398 0.604991
0 0.396493 0.305203 0.18098 0.210367 0.729968
0 0.521317 0.469384 0.163687 0.186126 0.609074
0 0.557266 0.191638 0.203436 0.236072 0.600653
0 0.392465 0.305625 0.1823 0.208033 0.734672
0 0.523625 0.468407 0.164321 0.19078 0.70662
0 0.562844 0.190161 0.187891 0.216971 0.673478
0 0.401819 0.307132 0.162697 0.194872 0.648562
0 0.396725 0.310799 0.175879 0.204148 0.674536
0 0.401682 0.306303 0.172658 0.200734 0.638109
0 0.403326 0.305845 0.181986 0.208849 0.709829
0 0.574047 0.19065 0.191442 0.218487 0.606218
0 0.569694 0.190457 0.213643 0.251375 0.768072
0 0.400925 0.306053 0.179854 0.213905 0.684638
0 0.399052 0.305267 0.180975 0.210634 0.691895
0 0.560878 0.186527 0.205321 0.241682 0.602245
0 0.402697 0.305083 0.182988 0.209276 0.750178
0 0.566917 0.183681 0.202848 0.241883 0.715845
0 0.530096 0.466837 0.165947 0.195945 0.71363
0 0.40448 0.303709 0.173332 0.201995 0.689268
0 0.398963 0.303258 0.1804 0.212482 0.705673
0 0.526017 0.46538 0.165381 0.19533 0.658521
0 0.566064 0.185427 0.209893 0.244789 0.614373
0 0.397431 0.303321 0.182579 0.214024 0.663758
0 0.401699 0.307283 0.179826 0.208619 0.783951
0 0.530103 0.469651 0.16371 0.189406 0.752921
0 0.568441 0.191789 0.184056 0.215675 0.603731
0 0.399218 0.310491 0.174298 0.204799 0.680151
0 0.52927 0.468891 0.159606 0.185115 0.61369
0 0.558905 0.186084 0.21122 0.243345 0.756339
0 0.399324 0.301027 0.178372 0.212715 0.705301
0 0.525188 0.464991 0.161756 0.193453 0.704842
0 0.560862 0.185797 0.199854 0.238991 0.839533
0 0.398524 0.306781 0.182209 0.211578 0.817142
0 0.526416 0.467698 0.158477 0.192028 0.748493
0 0.560798 0.196973 0.227148 0.261863 0.792601
0 0.397415 0.30663 0.195427 0.227324 0.701727
0 0.399612 0.308089 0.187998 0.212007 0.764215
0 0.527195 0.469973 0.167765 0.19467 0.743007
0 0.56236 0.188779 0.196839 0.229053 0.72502
0 0.562849 0.19195 0.205985 0.23898 0.710184
0 0.525678 0.467656 0.166547 0.192421 0.658194
0 0.396819 0.306352 0.180098 0.205699 0.656885
0 0.402564 0.302524 0.178728 0.204795 0.664107
0 0.528404 0.469093 0.168141 0.193067 0.627003
0 0.567983 0.184049 0.202098 0.231967 0.60801
0 0.556187 0.189091 0.211874 0.246924 0.732158
0 0.395035 0.303663 0.186257 0.21585 0.700094
0 0.526091 0.465586 0.172779 0.199751 0.642548
0 0.399066 0.303266 0.181718 0.213195 0.787487
0 0.563774 0.188008 0.200003 0.236102 0.75108
0 0.525261 0.461804 0.172738 0.200545 0.730477
0 0.402454 0.30222 0.190946 0.223711 0.773897
0 0.524891 0.467198 0.1711 0.198412 0.612665
0 0.565214 0.188172 0.210692 0.246964 0.786662
0 0.40333 0.303721 0.182688 0.213078 0.761228
0 0.523688 0.46689 0.163208 0.193885 0.719553
0 0.392989 0.303276 0.196888 0.228389 0.782723
0 0.563395 0.186456 0.227188 0.256023 0.630881
0 0.40456 0.30728 0.189728 0.218301 0.736341
0 0.526206 0.464166 0.170351 0.198333 0.665073
0 0.569987 0.18835 0.201165 0.230299 0.645303
0 0.400725 0.300083 0.180932 0.212868 0.687211
0 0.565926 0.187 0.221221 0.248501 0.661751
0 0.530241 0.465299 0.16429 0.187345 0.615781
0 0.400244 0.304005 0.184836 0.212773 0.781559
0 0.568592 0.180995 0.203733 0.240179 0.68869
0 0.399914 0.305996 0.178682 0.205563 0.774863
0 0.525638 0.465263 0.171767 0.197465 0.747987
0 0.574765 0.18681 0.20033 0.232188 0.734112
0 0.398283 0.306216 0.178159 0.204236 0.718412
0 0.401835 0.301341 0.183161 0.218095 0.752283
0 0.570145 0.182921 0.21986 0.253135 0.725139
0 0.527748 0.463595 0.169509 0.194711 0.690528
0 0.562945 0.186069 0.212071 0.24825 0.805508
0 0.397735 0.301101 0.178543 0.207461 0.799974
0 0.525139 0.464904 0.159974 0.18961 0.773127
0 0.560485 0.183678 0.221985 0.25661 0.78644
0 0.397914 0.301625 0.184155 0.210238 0.749287
0 0.521928 0.464763 0.167826 0.192505 0.716643
0 0.399494 0.306303 0.184278 0.211674 0.768209
0 0.559996 0.190212 0.202655 0.235472 0.731161
0 0.526921 0.466991 0.166949 0.19282 0.720056
0 0.568994 0.183255 0.20002 0.234628 0.797053
0 0.403185 0.302174 0.174968 0.2051 0.768054
0 0.526577 0.464809 0.163187 0.189716 0.724543
0 0.565029 0.180861 0.20739 0.232772 0.779683
0 0.403422 0.302947 0.176221 0.206456 0.764686
0 0.527353 0.46373 0.168611 0.191247 0.710427
0 0.402306 0.302537 0.184487 0.21387 0.769214
0 0.566749 0.18564 0.203806 0.237231 0.759568
0 0.528127 0.464596 0.170147 0.19731 0.748174
0 0.564969 0.182723 0.205927 0.239954 0.793832
0 0.402434 0.301402 0.179173 0.212085 0.751495
0 0.530478 0.465589 0.163376 0.193078 0.738291
0 0.562216 0.184305 0.221993 0.251344 0.770071
0 0.400392 0.299007 0.185434 0.215979 0.770022
0 0.527291 0.467738 0.166096 0.191719 0.76045
0 0.563031 0.185352 0.217862 0.246109 0.750644
0 0.397019 0.301471 0.180576 0.210983 0.742916
0 0.523218 0.46754 0.165189 0.19286 0.728135
0 0.397956 0.304208 0.179066 0.209156 0.758799
0 0.566036 0.187771 0.2033 0.235981 0.74769
0 0.525641 0.466694 0.16427 0.191789 0.681537
0 0.397319 0.302048 0.180218 0.216841 0.802378
0 0.56551 0.188153 0.201031 0.241776 0.775913
0 0.525862 0.464598 0.16355 0.194347 0.680293
0 0.401606 0.301324 0.178257 0.21089 0.798556
0 0.567708 0.184845 0.21652 0.244467 0.794085
0 0.52867 0.463405 0.165761 0.190423 0.763562
0 0.562187 0.186583 0.213632 0.242472 0.799906
0 0.397313 0.300672 0.180836 0.211125 0.786844
0 0.525409 0.464619 0.169492 0.194531 0.743139
0 0.395922 0.301591 0.176914 0.206055 0.778213
0 0.563277 0.18882 0.206284 0.23512 0.751065
0 0.523308 0.466771 0.160556 0.187315 0.729523
0 0.397439 0.302168 0.178857 0.207208 0.785943
0 0.566362 0.18356 0.204579 0.23762 0.730241
0 0.526398 0.464343 0.163512 0.190272 0.691256
0 0.399075 0.302632 0.180097 0.209022 0.745335
0 0.526367 0.46358 0.169889 0.196543 0.729971
0 0.566961 0.181431 0.214016 0.248655 0.713529
0 0.398889 0.303984 0.177848 0.20849 0.746948
0 0.525088 0.466293 0.16466 0.189587 0.720297
0 0.566524 0.184901 0.208922 0.244615 0.683998
0 0.563157 0.190793 0.204395 0.239412 0.800141
0 0.399624 0.304495 0.179576 0.210163 0.780504
0 0.52975 0.466811 0.167516 0.193973 0.688514
0 0.398972 0.298087 0.184423 0.217331 0.744697
0 0.524697 0.465082 0.16901 0.192487 0.689765
0 0.39798 0.302715 0.186684 0.22162 0.761926
0 0.564587 0.184061 0.222233 0.25329 0.758996
0 0.523182 0.465905 0.170179 0.195798 0.722843
0 0.402158 0.303748 0.178663 0.213532 0.784736
0 0.563445 0.18536 0.20093 0.237775 0.735503
0 0.527348 0.464869 0.167334 0.192983 0.734424
0 0.40077 0.300813 0.182006 0.211887 0.781789
0 0.527461 0.465101 0.16718 0.190339 0.753422
0 0.567325 0.185166 0.204899 0.240029 0.66951
0 0.396418 0.300444 0.183353 0.215784 0.70829
0 0.528188 0.464305 0.165337 0.190916 0.664428
0 0.564358 0.182819 0.229689 0.259012 0.645804
0 0.398258 0.299313 0.182267 0.213827 0.80298
0 0.525405 0.465253 0.167489 0.193656 0.767144
0 0.567416 0.185497 0.209961 0.245544 0.757145
0 0.397995 0.30181 0.180923 0.211002 0.794537
0 0.525328 0.46479 0.166702 0.194014 0.74404
0 0.562851 0.180728 0.216667 0.248732 0.726784
0 0.401175 0.30311 0.175372 0.204255 0.791615
0 0.56166 0.185205 0.209618 0.243134 0.75862
0 0.52949 0.465173 0.164007 0.192353 0.745703
0 0.403858 0.301251 0.174902 0.205437 0.804788
0 0.562211 0.184262 0.206843 0.239254 0.755746
0 0.526685 0.463612 0.167187 0.191733 0.72028
0 0.398679 0.303156 0.180179 0.209957 0.766224
0 0.559849 0.188428 0.217235 0.253136 0.715672
0 0.524915 0.468006 0.164991 0.189399 0.711996
0 0.401918 0.300978 0.184319 0.217286 0.831757
0 0.560328 0.187643 0.219145 0.253109 0.781195
0 0.530277 0.464463 0.167189 0.193221 0.772209
0 0.398614 0.303002 0.181351 0.210434 0.800835
0 0.52597 0.464205 0.168485 0.192195 0.75828
0 0.559914 0.188042 0.212146 0.246368 0.75549
0 0.401545 0.300641 0.181396 0.213582 0.851042
0 0.52778 0.464083 0.168403 0.193819 0.808336
0 0.560598 0.184866 0.214592 0.249561 0.795549
0 0.401464 0.302716 0.179502 0.207427 0.815852
0 0.560355 0.185217 0.210764 0.244398 0.759566
0 0.528758 0.464382 0.170107 0.195894 0.67419
0 0.402955 0.301959 0.177792 0.212753 0.820231
0 0.528443 0.464197 0.17121 0.198082 0.71733
0 0.561752 0.184914 0.211483 0.247706 0.712373
0 0.402687 0.300881 0.178738 0.211769 0.815366
0 0.564848 0.184117 0.211304 0.245809 0.682562
0 0.52806 0.465623 0.165616 0.190101 0.642604
0 0.40297 0.299993 0.178773 0.211559 0.833717
0 0.560067 0.183413 0.210096 0.243246 0.781542
0 0.528372 0.46346 0.168953 0.193765 0.700377
0 0.403829 0.301401 0.181099 0.216121 0.855602
0 0.565706 0.184261 0.214193 0.24655 0.789508
0 0.528288 0.464409 0.168564 0.196181 0.728189
0 0.401305 0.299336 0.179205 0.213191 0.830252
0 0.564717 0.182708 0.218102 0.244971 0.816762
0 0.526779 0.463099 0.170381 0.195026 0.758451
0 0.40394 0.2978 0.181543 0.216816 0.804331
0 0.567986 0.180378 0.213294 0.242617 0.781642
0 0.531214 0.463689 0.166007 0.193841 0.645337
0 0.401704 0.301784 0.181678 0.214967 0.828336
0 0.565131 0.185065 0.215761 0.245159 0.79173
0 0.527769 0.467005 0.165913 0.190232 0.778355
0 0.400109 0.301626 0.184025 0.21686 0.801551
0 0.563805 0.184927 0.215352 0.24345 0.74138
0 0.526293 0.463744 0.171534 0.196753 0.727058
0 0.402215 0.300381 0.182358 0.218132 0.825448
0 0.563501 0.183356 0.216464 0.248542 0.771807
0 0.529033 0.464694 0.167409 0.195174 0.751859
0 0.402088 0.300738 0.183368 0.21711 0.819809
0 0.562981 0.184834 0.217736 0.249606 0.785745
0 0.527904 0.46298 0.172682 0.198935 0.742967
0 0.401118 0.301568 0.182526 0.216516 0.802083
0 0.563764 0.184528 0.214954 0.24585 0.771331
0 0.528061 0.466199 0.168353 0.194324 0.717358
0 0.402924 0.301084 0.181757 0.215271 0.796625
0 0.563978 0.184324 0.21164 0.242413 0.738062
0 0.529906 0.465537 0.16825 0.195454 0.687881
0 0.401622 0.300485 0.178798 0.210812 0.835881
0 0.528321 0.464808 0.16758 0.192894 0.780904
0 0.565242 0.18211 0.210035 0.239869 0.775299
0 0.401755 0.301372 0.17994 0.210359 0.821498
0 0.526473 0.465461 0.166665 0.191783 0.756784
0 0.564991 0.182462 0.212564 0.239248 0.747236
0 0.401306 0.299652 0.185603 0.217963 0.823662
0 0.564256 0.184183 0.215773 0.24503 0.765552
0 0.527857 0.464743 0.169849 0.194522 0.756292
0 0.402565 0.300514 0.18047 0.213114 0.806957
0 0.526732 0.463913 0.167731 0.193535 0.741597
0 0.566891 0.180897 0.213534 0.243275 0.725516
0 0.402363 0.301045 0.179147 0.212447 0.816408
0 0.565323 0.183045 0.215831 0.245368 0.762986
0 0.528313 0.463895 0.167342 0.193663 0.738484
0 0.402176 0.302941 0.180417 0.212059 0.811152
0 0.565306 0.183534 0.210357 0.240643 0.743663
0 0.528451 0.466033 0.166768 0.192198 0.735484
0 0.401874 0.301667 0.17969 0.209324 0.81979
0 0.528332 0.464164 0.167682 0.192042 0.761559
0 0.562738 0.182608 0.20804 0.240981 0.757586
0 0.402156 0.301685 0.18184 0.21362 0.825207
0 0.565723 0.184239 0.210364 0.241356 0.780577
0 0.529066 0.46404 0.168677 0.194474 0.767671
0 0.402896 0.299968 0.181655 0.215457 0.781639
0 0.530605 0.464328 0.166146 0.191995 0.733089
0 0.567802 0.183155 0.205409 0.240944 0.692029
0 0.401813 0.302289 0.180902 0.211961 0.826126
0 0.528174 0.464039 0.168364 0.1932 0.780877
0 0.566229 0.185431 0.203486 0.237276 0.740346
0 0.398032 0.300921 0.183218 0.211528 0.80995
0 0.527558 0.464393 0.167343 0.192412 0.746662
0 0.565898 0.183528 0.203947 0.239941 0.726231
0 0.401329 0.301907 0.181357 0.212748 0.832602
0 0.528146 0.464293 0.168473 0.193177 0.793565
0 0.565756 0.184213 0.204735 0.239407 0.76066
0 0.400577 0.302109 0.180938 0.212232 0.807599
0 0.528209 0.464252 0.167788 0.192968 0.7611
0 0.565182 0.184716 0.205397 0.240531 0.733066
0 0.401338 0.301603 0.181284 0.213376 0.814718
0 0.528535 0.464271 0.168423 0.193762 0.760969
0 0.566247 0.183934 0.205903 0.241201 0.730493
0 0.401333 0.301897 0.181356 0.212735 0.832268
0 0.528147 0.464288 0.168468 0.193182 0.793223
0 0.565763 0.184201 0.204718 0.239387 0.760163
