0 0.704821 0.770251 0.184082 0.204378 0.623891
0 0.665652 0.398117 0.414364 0.52172 0.731723
0 0.679173 0.390481 0.463019 0.577526 0.602204
0 0.676172 0.412669 0.47054 0.588194 0.674235
0 0.65777 0.403343 0.470326 0.589708 0.663768
0 0.67654 0.389657 0.387891 0.49856 0.621505
0 0.696401 0.39197 0.513753 0.600108 0.63685
0 0.688108 0.398243 0.456644 0.539494 0.615291
0 0.674029 0.388495 0.441998 0.533585 0.771284
0 0.688563 0.393922 0.428283 0.512235 0.758543
0 0.681186 0.391841 0.436985 0.5321 0.734769
0 0.666084 0.406577 0.518061 0.612515 0.798548
0 0.675398 0.372645 0.422212 0.558114 0.667985
0 0.681534 0.378663 0.405768 0.519685 0.801325
0 0.69147 0.375474 0.467605 0.552491 0.815282
0 0.685941 0.387871 0.437722 0.543474 0.796933
0 0.675039 0.386834 0.427041 0.522388 0.619111
0 0.692926 0.393871 0.40575 0.493572 0.751003
0 0.682337 0.382925 0.449717 0.547306 0.742707
0 0.695639 0.390083 0.441051 0.530646 0.75844
0 0.683322 0.399267 0.441492 0.531282 0.695002
0 0.686248 0.392257 0.46183 0.560403 0.724945
0 0.69009 0.376812 0.442513 0.524734 0.633495
0 0.706385 0.381845 0.456478 0.551825 0.616638
0 0.714894 0.388694 0.459827 0.55609 0.734957
0 0.678526 0.375566 0.434104 0.514745 0.794207
0 0.68714 0.397814 0.408229 0.489394 0.801455
0 0.692252 0.377468 0.433406 0.527435 0.720936
0 0.693942 0.392787 0.411423 0.494617 0.773305
0 0.676928 0.389699 0.442104 0.552667 0.824745
0 0.694764 0.400172 0.428293 0.523844 0.84024
0 0.686272 0.390042 0.466904 0.561861 0.761096
0 0.687511 0.398862 0.426295 0.531915 0.826759
0 0.699092 0.383075 0.439741 0.54412 0.820227
0 0.685922 0.396146 0.419868 0.517748 0.724678
0 0.698874 0.403372 0.424707 0.514885 0.792466
0 0.705182 0.411177 0.448283 0.538808 0.763543
0 0.686576 0.387835 0.464414 0.557717 0.799307
0 0.693828 0.398289 0.436454 0.531711 0.799583
0 0.694858 0.401245 0.461522 0.543025 0.784641
0 0.695101 0.397356 0.454803 0.541597 0.768879
0 0.695906 0.390832 0.471828 0.562136 0.809107
0 0.687176 0.40172 0.452549 0.549157 0.83668
0 0.686137 0.380554 0.456059 0.554427 0.839268
0 0.688334 0.389753 0.461858 0.550394 0.828064
0 0.692181 0.397001 0.445429 0.548133 0.850163
0 0.688409 0.396276 0.459153 0.527787 0.781072
0 0.700222 0.400431 0.454946 0.533867 0.807209
0 0.677944 0.385609 0.476174 0.563882 0.788463
0 0.682543 0.387791 0.452204 0.551322 0.782314
0 0.690238 0.402845 0.451258 0.549608 0.832292
0 0.682733 0.397356 0.480508 0.558518 0.804486
0 0.679638 0.395028 0.466412 0.551958 0.843872
0 0.691751 0.391521 0.465196 0.546029 0.851202
0 0.689215 0.391371 0.450263 0.540958 0.809578
0 0.689883 0.389152 0.45904 0.559032 0.858198
0 0.69004 0.411452 0.454826 0.533758 0.813585
0 0.684482 0.399287 0.441625 0.54882 0.849945
0 0.689944 0.39906 0.429957 0.541012 0.805201
0 0.687858 0.402894 0.459689 0.547126 0.816086
0 0.685719 0.40391 0.444937 0.554517 0.803084
0 0.695725 0.40816 0.472505 0.558118 0.820915
0 0.686856 0.394107 0.459954 0.558612 0.845168
0 0.694919 0.389362 0.433524 0.546096 0.824564
0 0.690151 0.399128 0.452697 0.564954 0.835677
0 0.694563 0.38962 0.438056 0.55528 0.844295
0 0.721751 0.396519 0.408484 0.560605 0.837279
0 0.70925 0.398254 0.416435 0.550609 0.853481
0 0.695625 0.412609 0.451516 0.5456 0.848251
0 0.695522 0.39693 0.439658 0.556859 0.845972
0 0.692014 0.392663 0.450257 0.55199 0.851249
0 0.696244 0.394955 0.465976 0.574479 0.848652
0 0.697171 0.3963 0.454783 0.561872 0.856432
0 0.689912 0.403547 0.453884 0.566229 0.8563
0 0.705657 0.399087 0.422441 0.553189 0.846287
0 0.696004 0.400047 0.43892 0.554674 0.85003
0 0.692971 0.404434 0.447698 0.552791 0.849424
0 0.69093 0.395121 0.455629 0.553066 0.843652
0 0.69272 0.403171 0.448955 0.543619 0.845989
0 0.694257 0.403156 0.461879 0.549818 0.85428
0 0.688487 0.404787 0.458458 0.550619 0.856401
0 0.692323 0.402475 0.457152 0.541475 0.843504
0 0.685412 0.398142 0.46792 0.564162 0.868192
0 0.690366 0.405583 0.459728 0.548524 0.853199
0 0.684543 0.400602 0.462696 0.559693 0.865075
0 0.691055 0.404674 0.463515 0.553835 0.869971
0 0.689691 0.401758 0.457664 0.544407 0.863659
0 0.68451 0.400585 0.462721 0.55969 0.865367
