0 0.452274 0.154056 0.172482 0.187691 0.708041
0 0.454949 0.147127 0.178841 0.198227 0.9972
0 0.445361 0.1585 0.183829 0.225024 0.693646
0 0.455112 0.156674 0.159919 0.184284 0.880377
0 0.448724 0.154167 0.159361 0.19351 0.782114
0 0.456408 0.150726 0.174911 0.211431 0.900452
0 0.460471 0.162849 0.168956 0.209239 0.911283
0 0.461258 0.155036 0.184342 0.215447 0.844003
0 0.459045 0.157721 0.181111 0.208897 0.878817
0 0.457805 0.159265 0.176409 0.212757 0.863621
0 0.457991 0.159198 0.17633 0.209473 0.879101
0 0.453988 0.156734 0.182225 0.210931 0.867177
0 0.45519 0.160025 0.172194 0.19931 0.779433
0 0.456409 0.157264 0.187355 0.216704 0.793663
0 0.462387 0.159667 0.176813 0.206762 0.800317
0 0.46063 0.15793 0.187362 0.218314 0.870871
0 0.457408 0.159935 0.174677 0.206567 0.915281
0 0.456816 0.1569 0.173264 0.205033 0.804558
0 0.460347 0.155304 0.186615 0.217697 0.891921
0 0.454467 0.162066 0.180898 0.21572 0.814614
0 0.454789 0.155159 0.187059 0.217193 0.765539
0 0.45743 0.155467 0.181097 0.215645 0.869421
0 0.455818 0.160617 0.179445 0.209925 0.906421
0 0.457926 0.157551 0.180699 0.215327 0.8703
0 0.45266 0.153971 0.177317 0.210364 0.894532
0 0.458463 0.158203 0.181026 0.214431 0.88626
0 0.454156 0.15944 0.190172 0.217318 0.875507
0 0.456089 0.158992 0.184235 0.21556 0.912793
0 0.4549 0.15833 0.18365 0.21817 0.825876
0 0.45702 0.159326 0.180653 0.213499 0.808304
0 0.456201 0.154451 0.185991 0.218465 0.777381
0 0.457045 0.158348 0.182381 0.218562 0.886504
0 0.455403 0.160351 0.183659 0.214552 0.835443
0 0.458545 0.158982 0.185019 0.217917 0.878649
0 0.455996 0.159236 0.186238 0.221129 0.86215
0 0.457472 0.156402 0.184083 0.214236 0.835435
0 0.458368 0.157065 0.182861 0.212412 0.787775
0 0.455561 0.158558 0.188778 0.218918 0.852587
0 0.457507 0.156756 0.186363 0.22227 0.870683
0 0.454947 0.157751 0.183254 0.213001 0.824142
0 0.457224 0.162645 0.181697 0.21607 0.837346
0 0.457234 0.154722 0.186113 0.218187 0.885957
0 0.455105 0.159735 0.184055 0.216287 0.860614
0 0.453602 0.159464 0.184304 0.215311 0.892671
0 0.456419 0.160391 0.183171 0.216604 0.884757
0 0.457064 0.158832 0.18287 0.208354 0.864366
0 0.458273 0.159484 0.186416 0.218658 0.878095
0 0.455586 0.161472 0.184466 0.216893 0.881655
0 0.456131 0.161513 0.183283 0.212403 0.910878
0 0.455071 0.161859 0.183443 0.217116 0.869831
0 0.456944 0.163478 0.187319 0.216996 0.847178
0 0.453611 0.161706 0.181911 0.217935 0.878847
0 0.456259 0.159288 0.182954 0.215219 0.915428
0 0.457136 0.157709 0.183979 0.212953 0.892538
0 0.456037 0.16056 0.180791 0.210238 0.88958
0 0.456451 0.160047 0.182242 0.208769 0.901751
0 0.458551 0.158408 0.188045 0.219975 0.870252
0 0.457245 0.159678 0.182113 0.212157 0.857534
0 0.457246 0.161707 0.187998 0.219685 0.917918
0 0.458667 0.159703 0.189332 0.220578 0.879455
0 0.45755 0.156197 0.188121 0.217963 0.878133
0 0.457764 0.16217 0.187214 0.218139 0.888236
0 0.459462 0.16364 0.187999 0.215809 0.906502
0 0.456794 0.158675 0.182237 0.212461 0.870983
0 0.456514 0.161627 0.184515 0.214735 0.926812
0 0.45619 0.160632 0.18256 0.216556 0.897856
0 0.456787 0.16103 0.185692 0.216268 0.891968
0 0.458682 0.161 0.18422 0.212628 0.928118
0 0.45669 0.161335 0.18289 0.213568 0.907356
0 0.459137 0.15924 0.187322 0.216008 0.917541
0 0.458375 0.160969 0.187006 0.216164 0.912634
0 0.457926 0.156293 0.186597 0.21685 0.935796
0 0.455734 0.160287 0.184005 0.212155 0.921424
0 0.456846 0.158603 0.186912 0.215551 0.915668
0 0.45578 0.158108 0.184575 0.214547 0.898602
0 0.459595 0.158033 0.186395 0.215261 0.935284
0 0.457925 0.157482 0.183979 0.21585 0.932018
0 0.457138 0.156898 0.184799 0.213711 0.922727
0 0.458528 0.158419 0.184673 0.213746 0.938437
0 0.457319 0.159964 0.186149 0.21646 0.94117
0 0.455747 0.159066 0.185587 0.217215 0.905918
0 0.458006 0.159519 0.186359 0.216667 0.923267
0 0.45796 0.160981 0.184261 0.214125 0.901151
0 0.458345 0.161304 0.185001 0.214317 0.899979
0 0.458425 0.160349 0.186947 0.215656 0.910804
0 0.45704 0.15858 0.182658 0.210656 0.915019
0 0.456297 0.159486 0.182579 0.212073 0.913527
0 0.456988 0.158447 0.184313 0.213706 0.930055
0 0.4573 0.15971 0.182105 0.210336 0.907071
0 0.456975 0.159272 0.183877 0.214768 0.927447
0 0.457268 0.161279 0.181574 0.211016 0.927678
0 0.457224 0.15869 0.181324 0.209094 0.919778
0 0.456755 0.157982 0.182268 0.211832 0.924144
0 0.458271 0.158143 0.182812 0.210262 0.896684
0 0.456917 0.159013 0.182835 0.211269 0.927567
0 0.456825 0.158955 0.182408 0.211064 0.918095
0 0.45699 0.159423 0.183127 0.211786 0.932535
0 0.456871 0.159848 0.181766 0.209764 0.921029
0 0.457357 0.159226 0.182699 0.211478 0.922273
0 0.456988 0.159402 0.183115 0.211781 0.932435
