0 0.588398 0.51046 0.581694 0.614248 0.659015
0 0.628725 0.492112 0.607676 0.635265 0.662646
0 0.663077 0.49178 0.592083 0.629862 0.609752
0 0.595294 0.510864 0.536918 0.607998 0.643723
0 0.601056 0.501827 0.561879 0.624283 0.649017
0 0.607796 0.512597 0.599566 0.649656 0.618057
0 0.594531 0.499226 0.576354 0.614019 0.658368
0 0.533932 0.514206 0.545952 0.617209 0.647701
0 0.565501 0.501214 0.589072 0.637627 0.661351
0 0.576659 0.497505 0.554685 0.619192 0.700754
0 0.600801 0.476985 0.582506 0.641055 0.680285
0 0.565754 0.491983 0.569391 0.627041 0.628228
0 0.59594 0.490534 0.650921 0.682299 0.629582
0 0.588248 0.472247 0.585398 0.637704 0.740511
0 0.514476 0.470527 0.503144 0.560408 0.679263
0 0.567904 0.497741 0.60462 0.625941 0.637949
0 0.582081 0.473121 0.585171 0.680995 0.676877
0 0.534448 0.456728 0.560799 0.589608 0.648738
0 0.572231 0.47946 0.598121 0.654796 0.683344
0 0.548052 0.498143 0.584741 0.630432 0.610363
0 0.569714 0.477639 0.636145 0.64367 0.612194
0 0.576247 0.459947 0.611055 0.654215 0.634287
0 0.550318 0.46741 0.590514 0.638321 0.632755
0 0.560039 0.465793 0.582526 0.642529 0.652373
0 0.558499 0.501585 0.57435 0.62512 0.664154
0 0.536636 0.468396 0.575374 0.617545 0.685101
0 0.567225 0.507682 0.589491 0.647334 0.631743
0 0.554512 0.461432 0.560315 0.624846 0.619532
0 0.5824 0.464551 0.593321 0.666953 0.679672
0 0.57746 0.48806 0.549971 0.606583 0.625085
0 0.558517 0.497159 0.581281 0.63298 0.679739
0 0.573191 0.47296 0.584824 0.654566 0.717631
0 0.566939 0.490787 0.593075 0.639431 0.683002
0 0.56731 0.497065 0.577277 0.636761 0.770357
0 0.564296 0.476917 0.597449 0.641236 0.735036
0 0.57049 0.48101 0.594896 0.649064 0.739528
0 0.567804 0.495014 0.574943 0.628221 0.778696
0 0.559648 0.49173 0.585769 0.647531 0.784787
0 0.563758 0.477817 0.605151 0.653139 0.746486
0 0.568568 0.471064 0.605972 0.658259 0.765743
0 0.561809 0.480201 0.598282 0.655855 0.756962
0 0.563631 0.466306 0.606736 0.659217 0.746391
0 0.569762 0.470481 0.61724 0.672407 0.757148
0 0.565963 0.471961 0.603335 0.667103 0.773699
0 0.563655 0.46629 0.606629 0.659119 0.746865
