0 0.814555 0.146213 0.13392 0.153222 0.608493
0 0.818032 0.146965 0.144372 0.171374 0.604053
0 0.820091 0.144552 0.142898 0.165623 0.60897
0 0.81396 0.148322 0.153128 0.175848 0.702104
0 0.810094 0.14525 0.150264 0.177401 0.645824
0 0.81395 0.1498 0.152785 0.179846 0.609658
0 0.814081 0.151653 0.143931 0.171901 0.717039
0 0.812771 0.150469 0.132346 0.154249 0.65554
0 0.81308 0.151261 0.138284 0.165714 0.665704
0 0.811445 0.149156 0.143277 0.16417 0.672996
0 0.808546 0.149392 0.140697 0.157088 0.638805
0 0.811441 0.147678 0.140542 0.162039 0.707877
0 0.810547 0.147079 0.141378 0.16653 0.60885
0 0.812215 0.147325 0.149039 0.174062 0.708065
0 0.814458 0.145581 0.140015 0.159545 0.736613
0 0.81222 0.148274 0.146992 0.173028 0.687014
0 0.812249 0.151902 0.141208 0.163871 0.756584
0 0.810616 0.15457 0.143728 0.168266 0.791131
0 0.812766 0.147762 0.155454 0.178897 0.73469
0 0.811349 0.146574 0.134683 0.155425 0.611688
0 0.811727 0.147026 0.151053 0.174197 0.757992
0 0.810842 0.14704 0.146152 0.166831 0.693117
0 0.810569 0.150035 0.139135 0.160264 0.691582
0 0.810593 0.147912 0.140576 0.160327 0.695609
0 0.812276 0.149722 0.141772 0.167104 0.681837
0 0.809566 0.150816 0.141342 0.165589 0.680884
0 0.810833 0.151256 0.132455 0.156326 0.708818
0 0.812779 0.149969 0.141173 0.166082 0.775571
0 0.813156 0.15161 0.140573 0.168441 0.777062
0 0.560914 0.187295 0.11357 0.135887 0.648738
0 0.808417 0.150921 0.139839 0.165006 0.770268
0 0.808677 0.154282 0.143389 0.16624 0.736125
0 0.809084 0.149803 0.14595 0.174227 0.759047
0 0.810091 0.148951 0.140877 0.163679 0.716983
0 0.808965 0.150346 0.141734 0.164331 0.737336
0 0.81044 0.147822 0.142436 0.165211 0.7438
0 0.810974 0.148417 0.143673 0.171485 0.740994
0 0.809148 0.151956 0.139747 0.16407 0.771673
0 0.810598 0.149365 0.148091 0.17724 0.723237
0 0.813595 0.152257 0.15279 0.177493 0.725537
0 0.81126 0.15117 0.147393 0.174234 0.699066
0 0.811219 0.147355 0.147166 0.171879 0.688195
0 0.811775 0.147948 0.148842 0.172363 0.753911
0 0.811777 0.150498 0.142504 0.170014 0.742638
0 0.811415 0.149908 0.149412 0.173089 0.761371
0 0.809557 0.149238 0.144364 0.17074 0.673146
0 0.811367 0.150849 0.150646 0.177647 0.75339
0 0.812743 0.150567 0.13742 0.160826 0.696789
0 0.810496 0.151407 0.142585 0.171814 0.727569
0 0.811467 0.148847 0.142745 0.164382 0.678162
0 0.811738 0.15007 0.140866 0.165849 0.720709
0 0.811345 0.149567 0.142578 0.165428 0.757654
0 0.81075 0.151021 0.142166 0.165883 0.671971
0 0.810574 0.150209 0.149159 0.17698 0.800566
0 0.812316 0.15073 0.138518 0.159181 0.675283
0 0.81049 0.15208 0.144825 0.172155 0.741911
0 0.811002 0.15033 0.141604 0.165724 0.739658
0 0.811366 0.150445 0.142442 0.166507 0.764207
0 0.809871 0.151589 0.14322 0.171101 0.777278
0 0.810737 0.150381 0.142265 0.168267 0.777942
0 0.811594 0.149465 0.141959 0.166334 0.699311
0 0.81047 0.152157 0.147494 0.173977 0.810056
0 0.555199 0.164965 0.168198 0.194075 0.65495
0 0.808646 0.151238 0.15085 0.176532 0.730403
0 0.811242 0.151666 0.139368 0.163119 0.778812
0 0.811121 0.150031 0.139642 0.16236 0.731656
0 0.812548 0.151812 0.139664 0.163693 0.763104
0 0.812286 0.152354 0.140895 0.164131 0.706644
0 0.811384 0.151131 0.14159 0.165706 0.773408
0 0.811959 0.152545 0.139705 0.163024 0.753939
0 0.810689 0.152456 0.145308 0.171616 0.748522
0 0.811359 0.151888 0.140967 0.166546 0.714144
0 0.811438 0.151646 0.141453 0.166518 0.738566
0 0.811116 0.153834 0.141099 0.165274 0.739965
0 0.810946 0.151478 0.141991 0.165744 0.778254
0 0.811118 0.152239 0.140094 0.163892 0.783011
0 0.811789 0.151598 0.139924 0.1633 0.746234
0 0.810946 0.152586 0.140601 0.16374 0.775458
0 0.810897 0.151954 0.139655 0.163364 0.770601
0 0.811825 0.152261 0.141073 0.164653 0.79539
0 0.811251 0.151914 0.140935 0.16403 0.770434
0 0.81189 0.152244 0.141161 0.164569 0.772887
0 0.811825 0.152249 0.141079 0.16467 0.794869
