0 0.465731 0.233999 0.183137 0.192399 0.994967
0 0.432422 0.233397 0.16479 0.193969 0.92754
0 0.450469 0.255258 0.196655 0.216051 0.833315
0 0.29086 0.606943 0.221662 0.257448 0.74811
0 0.461823 0.237818 0.142121 0.155561 0.763269
0 0.453416 0.232729 0.15114 0.181564 0.682671
0 0.455618 0.227895 0.146417 0.176156 0.852847
0 0.455401 0.236249 0.146675 0.181046 0.93755
0 0.457497 0.229677 0.167883 0.198972 0.723472
0 0.457328 0.235056 0.162217 0.191246 0.87267
0 0.45326 0.232893 0.152675 0.183722 0.783739
0 0.458594 0.234174 0.156518 0.178915 0.91039
0 0.449661 0.23271 0.153353 0.171805 0.943927
0 0.455981 0.233852 0.139153 0.163421 0.816391
0 0.455776 0.2345 0.162821 0.188229 0.844076
0 0.456888 0.234927 0.151698 0.177526 0.8398
0 0.458519 0.232651 0.163521 0.191832 0.877969
0 0.455689 0.234381 0.152865 0.182078 0.871045
0 0.455058 0.231612 0.161195 0.187793 0.873376
0 0.453192 0.231176 0.16337 0.191714 0.932019
0 0.449924 0.23373 0.161597 0.184673 0.857999
0 0.450144 0.229782 0.165212 0.195571 0.80589
0 0.458171 0.232535 0.158261 0.188426 0.836123
0 0.452811 0.235749 0.15838 0.185148 0.907798
0 0.456092 0.231215 0.157948 0.187178 0.871479
0 0.454398 0.231381 0.154399 0.185781 0.858792
0 0.457276 0.232136 0.158345 0.18706 0.923006
0 0.454796 0.232473 0.159425 0.183492 0.898882
0 0.452136 0.234588 0.158699 0.184105 0.928738
0 0.45557 0.230323 0.156105 0.181236 0.882227
0 0.45067 0.23753 0.154424 0.17796 0.839006
0 0.45613 0.232746 0.15678 0.183824 0.848558
0 0.452755 0.231591 0.158154 0.18354 0.911508
0 0.452232 0.23371 0.159998 0.186657 0.884255
0 0.452171 0.2359 0.158037 0.186151 0.869036
0 0.457533 0.23757 0.15323 0.181808 0.924733
0 0.457923 0.232478 0.165843 0.192904 0.857736
0 0.454312 0.232742 0.156457 0.180123 0.778363
0 0.455463 0.236818 0.157549 0.180872 0.891981
0 0.457436 0.234576 0.161754 0.185229 0.884673
0 0.452046 0.235057 0.158163 0.183956 0.844888
0 0.454577 0.238002 0.153303 0.178843 0.889026
0 0.453357 0.233804 0.15344 0.179613 0.92254
0 0.453037 0.233787 0.158663 0.182903 0.84895
0 0.449961 0.236056 0.160076 0.184263 0.878006
0 0.452396 0.233957 0.150323 0.17537 0.899782
0 0.452366 0.232602 0.15463 0.179373 0.878829
0 0.457976 0.231917 0.158317 0.182774 0.886789
0 0.452384 0.23839 0.148839 0.173664 0.87134
0 0.452593 0.23733 0.150679 0.174305 0.866102
0 0.450964 0.233833 0.155005 0.179672 0.845287
0 0.455011 0.235759 0.161628 0.186385 0.857024
0 0.45083 0.232974 0.155768 0.18271 0.863617
0 0.454599 0.233435 0.157273 0.18284 0.878726
0 0.456159 0.231469 0.1594 0.185381 0.861326
0 0.451823 0.237676 0.155187 0.178188 0.867352
0 0.452684 0.236531 0.151377 0.176635 0.853515
0 0.456017 0.232886 0.159374 0.187395 0.839091
0 0.454421 0.238374 0.154333 0.178834 0.844468
0 0.454863 0.233715 0.154879 0.181365 0.886569
0 0.453836 0.233334 0.155835 0.178566 0.849939
0 0.453337 0.233485 0.158956 0.185376 0.887024
0 0.452581 0.237253 0.155131 0.18161 0.891279
0 0.452552 0.238872 0.153228 0.177538 0.881485
0 0.451829 0.233574 0.154289 0.179836 0.82682
0 0.451708 0.234986 0.154525 0.181625 0.898626
0 0.449318 0.235989 0.156047 0.183521 0.87026
0 0.454923 0.237492 0.15326 0.181714 0.885462
0 0.453876 0.235689 0.1521 0.177234 0.904652
0 0.454098 0.237925 0.151632 0.176675 0.899127
0 0.454515 0.234545 0.156939 0.183851 0.896453
0 0.452603 0.236739 0.161039 0.184013 0.874315
0 0.452015 0.232622 0.163792 0.18982 0.918763
0 0.452391 0.23638 0.155724 0.179175 0.874788
0 0.452387 0.233441 0.160602 0.186675 0.883237
0 0.452336 0.233422 0.155509 0.181082 0.881107
0 0.451218 0.231959 0.160647 0.184614 0.916165
0 0.452058 0.232529 0.159162 0.186826 0.911257
0 0.452894 0.231807 0.155241 0.179032 0.907803
0 0.453298 0.231976 0.155681 0.18151 0.865952
0 0.451932 0.234601 0.16035 0.185184 0.907554
0 0.451316 0.233178 0.161247 0.187053 0.862554
0 0.452085 0.236198 0.153524 0.180185 0.881734
0 0.4532 0.234676 0.158731 0.183833 0.870611
0 0.451656 0.236287 0.155482 0.182866 0.878277
0 0.453294 0.236531 0.155941 0.18187 0.873515
0 0.451087 0.235033 0.156596 0.182018 0.88966
0 0.45131 0.23868 0.155528 0.181035 0.881681
0 0.452371 0.235652 0.159257 0.185596 0.893876
0 0.45244 0.234557 0.157744 0.184614 0.86877
0 0.452104 0.235547 0.157894 0.184509 0.899491
0 0.452815 0.238412 0.155238 0.180828 0.889411
0 0.452138 0.235679 0.156074 0.182466 0.880645
0 0.452104 0.234398 0.158444 0.185571 0.887442
0 0.454035 0.234801 0.158276 0.184158 0.861708
0 0.452946 0.236817 0.158022 0.184134 0.893959
0 0.451931 0.23625 0.156693 0.182713 0.888759
0 0.45303 0.236437 0.157875 0.183574 0.906128
0 0.452529 0.236205 0.156554 0.183189 0.890856
0 0.45349 0.236333 0.156846 0.183579 0.894256
0 0.453032 0.236425 0.157863 0.18359 0.90597
