0 0.617662 0.452379 0.272123 0.31752 0.890368
0 0.334948 0.299749 0.266678 0.319665 0.856182
0 0.605255 0.453835 0.267057 0.31728 0.718972
0 0.611602 0.455956 0.243657 0.282522 0.828488
0 0.320364 0.28996 0.317559 0.349569 0.772992
0 0.32132 0.30489 0.291292 0.347993 0.758673
0 0.60625 0.456646 0.238006 0.278537 0.696071
0 0.325737 0.305048 0.263579 0.308452 0.660436
0 0.611812 0.456011 0.255387 0.305332 0.823942
0 0.323831 0.311242 0.281597 0.329508 0.740989
0 0.618827 0.456528 0.249853 0.291166 0.874904
0 0.324065 0.304313 0.272754 0.324449 0.813812
0 0.453629 0.366429 0.225116 0.261646 0.661578
0 0.328883 0.30395 0.295595 0.345056 0.832541
0 0.615992 0.457531 0.260747 0.301628 0.80246
0 0.609179 0.451202 0.270175 0.305421 0.73852
0 0.325132 0.297993 0.29647 0.355538 0.723694
0 0.61499 0.453304 0.266458 0.309236 0.743055
0 0.329609 0.30572 0.282072 0.333167 0.712881
0 0.459017 0.368286 0.208486 0.237516 0.613038
0 0.615534 0.451027 0.260778 0.297797 0.804619
0 0.324353 0.307639 0.278633 0.325133 0.751919
0 0.461774 0.362452 0.226396 0.265405 0.670767
0 0.616335 0.455066 0.261944 0.307317 0.860012
0 0.317924 0.310354 0.283218 0.327961 0.839364
0 0.46381 0.362922 0.209182 0.249003 0.658402
0 0.611049 0.450668 0.245085 0.293338 0.833871
0 0.321508 0.306305 0.273968 0.322794 0.81743
0 0.455893 0.362715 0.212275 0.249437 0.686725
0 0.321177 0.30651 0.28341 0.335223 0.858202
0 0.619243 0.445684 0.265526 0.309604 0.849638
0 0.460324 0.352342 0.22459 0.274049 0.72024
0 0.61268 0.45047 0.264623 0.308039 0.822206
0 0.318226 0.305331 0.287917 0.338697 0.746716
0 0.314941 0.309167 0.287771 0.339372 0.715576
0 0.614305 0.449725 0.264647 0.304428 0.710429
0 0.46065 0.357724 0.222922 0.262263 0.653848
0 0.617664 0.449616 0.247969 0.290727 0.844231
0 0.321944 0.306038 0.28756 0.33754 0.798802
0 0.467864 0.350512 0.243749 0.276937 0.672683
0 0.62062 0.450882 0.243231 0.288292 0.878257
0 0.320167 0.30904 0.26965 0.318476 0.816064
0 0.464138 0.35903 0.204518 0.245974 0.706517
0 0.61591 0.455257 0.250947 0.305904 0.888143
0 0.318337 0.315146 0.287558 0.337035 0.84117
0 0.461876 0.360201 0.236192 0.285183 0.698388
0 0.319133 0.304298 0.284401 0.322209 0.851386
0 0.618758 0.447286 0.278333 0.318241 0.800767
0 0.453609 0.354701 0.230597 0.260592 0.6898
0 0.614956 0.450224 0.268162 0.315904 0.907633
0 0.320064 0.307001 0.276823 0.325786 0.901479
0 0.457837 0.355662 0.216777 0.25809 0.803846
0 0.620981 0.449449 0.279032 0.324988 0.872394
0 0.325556 0.306723 0.304436 0.349567 0.848184
0 0.45852 0.358883 0.225998 0.261727 0.710139
0 0.613927 0.449007 0.263336 0.311301 0.888685
0 0.314861 0.307754 0.278764 0.34276 0.816449
0 0.457953 0.356091 0.218816 0.258484 0.768172
0 0.315565 0.305439 0.287782 0.336129 0.775641
0 0.615276 0.448926 0.271997 0.314483 0.739836
0 0.457477 0.356135 0.227448 0.267401 0.710266
0 0.321006 0.307106 0.276535 0.321688 0.853823
0 0.617844 0.443694 0.267194 0.310443 0.759552
0 0.461969 0.352784 0.220445 0.25581 0.671552
0 0.320098 0.304185 0.296603 0.343697 0.835788
0 0.618258 0.443932 0.279551 0.321627 0.830964
0 0.458498 0.350368 0.238176 0.272738 0.7296
0 0.316638 0.30597 0.294587 0.339234 0.883515
0 0.615291 0.44352 0.275242 0.319162 0.831674
0 0.459451 0.350562 0.227314 0.267063 0.799273
0 0.619419 0.447232 0.271348 0.31434 0.79534
0 0.319038 0.307949 0.288547 0.329663 0.788566
0 0.460789 0.354961 0.222157 0.263894 0.781551
0 0.611 0.448729 0.271403 0.315534 0.871441
0 0.314754 0.31106 0.281573 0.330486 0.86401
0 0.460696 0.35613 0.219089 0.267698 0.793669
0 0.459484 0.360479 0.226081 0.266473 0.750513
0 0.31105 0.305475 0.294348 0.331785 0.746402
0 0.618033 0.44257 0.286627 0.325429 0.7341
0 0.323729 0.308961 0.282132 0.333612 0.791245
0 0.461415 0.358463 0.22497 0.265221 0.729084
0 0.620759 0.451457 0.266479 0.312761 0.719976
0 0.316921 0.298978 0.302932 0.340189 0.795897
0 0.458113 0.342669 0.243198 0.279343 0.713309
0 0.616756 0.442434 0.287482 0.326205 0.673237
0 0.324024 0.313617 0.276681 0.314842 0.866975
0 0.609806 0.445887 0.267898 0.309088 0.804413
0 0.454492 0.354881 0.224927 0.259461 0.792265
0 0.32356 0.308436 0.280043 0.328768 0.875725
0 0.621383 0.446396 0.259152 0.30308 0.860571
0 0.459655 0.351906 0.221222 0.262973 0.797282
0 0.321214 0.308908 0.286385 0.332626 0.851449
0 0.61674 0.445545 0.264023 0.311214 0.836151
0 0.462691 0.3513 0.230739 0.269635 0.756968
0 0.6169 0.446332 0.266565 0.315532 0.780216
0 0.325578 0.307326 0.284766 0.33441 0.769623
0 0.459263 0.355599 0.221602 0.267051 0.742553
0 0.319958 0.301629 0.275734 0.328212 0.897768
0 0.608681 0.438424 0.268809 0.320241 0.880791
0 0.45725 0.352327 0.224435 0.264369 0.809241
0 0.317172 0.305241 0.279635 0.327099 0.873857
0 0.612055 0.442799 0.270762 0.319354 0.842139
0 0.457214 0.352131 0.227693 0.269558 0.811966
0 0.319838 0.309147 0.277932 0.325557 0.860682
0 0.615158 0.447785 0.266642 0.313211 0.834796
0 0.455201 0.355556 0.219902 0.263277 0.785783
0 0.325515 0.309755 0.274759 0.3232 0.868341
0 0.615954 0.447189 0.262424 0.30883 0.825586
0 0.462785 0.358831 0.209479 0.251425 0.821479
0 0.614356 0.445589 0.267527 0.306124 0.814388
0 0.323567 0.301659 0.281103 0.330177 0.802147
0 0.459715 0.347523 0.229109 0.267813 0.748555
0 0.319869 0.309596 0.266262 0.313486 0.885566
0 0.614262 0.451059 0.262218 0.30428 0.858202
0 0.457113 0.353052 0.227124 0.264229 0.772923
0 0.31817 0.305374 0.286062 0.335174 0.82829
0 0.615248 0.442417 0.270363 0.317858 0.804491
0 0.458986 0.352109 0.217316 0.264558 0.783599
0 0.321663 0.311295 0.277015 0.326759 0.839375
0 0.460039 0.358599 0.217699 0.254494 0.807323
0 0.621067 0.449185 0.268309 0.316996 0.789557
0 0.320894 0.309883 0.27074 0.31756 0.898311
0 0.617776 0.44846 0.266047 0.308399 0.839113
0 0.456771 0.358272 0.218666 0.253449 0.788912
0 0.32201 0.301292 0.282285 0.329829 0.855076
0 0.619599 0.441625 0.279512 0.324608 0.799915
0 0.460377 0.352743 0.219533 0.262374 0.754601
0 0.318532 0.309047 0.278408 0.32666 0.885262
0 0.614827 0.446172 0.264964 0.313584 0.848514
0 0.459453 0.353329 0.218082 0.264692 0.790911
0 0.317256 0.306896 0.289882 0.337634 0.880251
0 0.615342 0.446296 0.278496 0.325892 0.844495
0 0.455742 0.355092 0.229298 0.26609 0.819664
0 0.32079 0.310557 0.273894 0.319568 0.888189
0 0.615996 0.443847 0.273205 0.312935 0.845398
0 0.460241 0.353096 0.222553 0.259391 0.797852
0 0.323027 0.313192 0.2675 0.317894 0.863482
0 0.615213 0.448263 0.261755 0.312319 0.808659
0 0.45645 0.357736 0.217882 0.260308 0.77922
0 0.32004 0.307754 0.278221 0.327855 0.828308
0 0.613651 0.447102 0.275583 0.310178 0.811074
0 0.457835 0.354723 0.22499 0.257996 0.788448
0 0.319715 0.308367 0.283478 0.332941 0.854921
0 0.616022 0.44608 0.273734 0.317951 0.836956
0 0.460254 0.352067 0.231932 0.267971 0.761486
0 0.32109 0.304946 0.271948 0.325795 0.861303
0 0.620406 0.449764 0.259038 0.303417 0.792145
0 0.460259 0.35556 0.212303 0.255765 0.771481
0 0.316657 0.309114 0.273632 0.319787 0.876298
0 0.614831 0.450167 0.265682 0.310662 0.846914
0 0.461923 0.353974 0.223796 0.26056 0.772464
0 0.318493 0.305597 0.275406 0.325351 0.794021
0 0.617795 0.444547 0.266388 0.309394 0.789629
0 0.463397 0.352177 0.22148 0.261947 0.732593
0 0.319408 0.304808 0.283018 0.331274 0.869666
0 0.619602 0.443093 0.279015 0.322632 0.807172
0 0.462103 0.351202 0.222976 0.262678 0.750097
0 0.318854 0.309641 0.278797 0.326372 0.871393
0 0.614662 0.447954 0.267001 0.314084 0.867774
0 0.458284 0.355013 0.216861 0.263269 0.784482
0 0.318604 0.313785 0.277037 0.324016 0.864303
0 0.618537 0.449398 0.272584 0.314382 0.835931
0 0.460518 0.352899 0.222126 0.260145 0.791562
0 0.317312 0.307109 0.272546 0.319374 0.825526
0 0.61798 0.449507 0.278658 0.31777 0.814872
0 0.461293 0.352661 0.221235 0.259794 0.740294
0 0.617302 0.447343 0.279809 0.318263 0.839945
0 0.312568 0.308109 0.283127 0.330644 0.836445
0 0.459761 0.351779 0.227794 0.270229 0.771631
0 0.320536 0.311189 0.273495 0.320423 0.877964
0 0.618697 0.445852 0.27283 0.319464 0.863434
0 0.458201 0.354049 0.221339 0.257211 0.803096
0 0.320944 0.308056 0.277513 0.325011 0.858305
0 0.619873 0.453435 0.27225 0.31052 0.858237
0 0.463841 0.353474 0.226822 0.265138 0.809432
0 0.6246 0.45022 0.283744 0.32047 0.861648
0 0.32186 0.303228 0.283317 0.329781 0.848053
0 0.465243 0.351592 0.225271 0.263056 0.801058
0 0.317518 0.311691 0.279048 0.33023 0.832801
0 0.619736 0.453944 0.276858 0.325847 0.793945
0 0.462613 0.356688 0.21749 0.260555 0.78967
0 0.318873 0.31101 0.273926 0.32263 0.876017
0 0.621999 0.45183 0.272031 0.317846 0.839962
0 0.461916 0.355527 0.222394 0.260203 0.812202
0 0.316444 0.307525 0.281659 0.329301 0.875251
0 0.621576 0.447139 0.273113 0.322837 0.83655
0 0.462016 0.352667 0.225466 0.267176 0.788629
0 0.320059 0.305824 0.282998 0.330245 0.878917
0 0.619661 0.44638 0.272756 0.31311 0.870775
0 0.463798 0.350739 0.227753 0.265631 0.829299
0 0.318228 0.310616 0.282493 0.328469 0.871672
0 0.621039 0.449081 0.273932 0.312568 0.861259
0 0.45888 0.353875 0.226422 0.262906 0.814115
0 0.318922 0.308966 0.28197 0.329125 0.841911
0 0.618715 0.448208 0.271892 0.314846 0.808781
0 0.457752 0.35435 0.224027 0.264579 0.795676
0 0.321987 0.311496 0.27074 0.318563 0.849285
0 0.618375 0.446396 0.275098 0.311368 0.830355
0 0.458895 0.353242 0.22276 0.260324 0.791454
0 0.322637 0.307817 0.281359 0.327362 0.896664
0 0.621127 0.44607 0.275367 0.315424 0.878272
0 0.462257 0.352357 0.225131 0.261348 0.832551
0 0.621269 0.446786 0.269784 0.310775 0.877201
0 0.320195 0.308062 0.276611 0.326386 0.872575
0 0.462414 0.353317 0.222498 0.259836 0.829924
0 0.31786 0.299886 0.289313 0.337917 0.850504
0 0.621379 0.444631 0.282692 0.326741 0.830732
0 0.459187 0.348407 0.230403 0.266901 0.795002
0 0.320638 0.299652 0.285984 0.334816 0.855462
0 0.619023 0.444201 0.275067 0.313874 0.834454
0 0.463044 0.349839 0.231163 0.261266 0.788473
0 0.624041 0.448597 0.267405 0.309582 0.864725
0 0.319685 0.308721 0.277244 0.326052 0.858415
0 0.461035 0.35513 0.224992 0.257494 0.819906
0 0.619452 0.447703 0.27239 0.307835 0.84429
0 0.318787 0.30859 0.276708 0.321074 0.842297
0 0.461269 0.355114 0.222455 0.25206 0.794023
0 0.619022 0.452431 0.280454 0.319251 0.854208
0 0.316772 0.309297 0.279879 0.329596 0.850981
0 0.459841 0.353149 0.218457 0.259451 0.822526
0 0.319309 0.304365 0.280771 0.329348 0.863202
0 0.622678 0.448996 0.277875 0.319436 0.854033
0 0.459956 0.350689 0.221064 0.262114 0.803772
0 0.622416 0.450138 0.272113 0.314237 0.839475
0 0.320953 0.307454 0.279911 0.328876 0.839343
0 0.462519 0.352374 0.221836 0.25801 0.789178
0 0.319037 0.308462 0.281804 0.326014 0.854089
0 0.621464 0.450026 0.2812 0.322392 0.84618
0 0.460109 0.353054 0.22546 0.260809 0.797866
0 0.31889 0.307594 0.275816 0.32281 0.878641
0 0.619116 0.44517 0.271359 0.313325 0.861876
0 0.459301 0.35126 0.217446 0.256677 0.839135
0 0.32255 0.310604 0.272837 0.317941 0.878042
0 0.619646 0.44642 0.270223 0.309774 0.858017
0 0.46007 0.352205 0.223286 0.257437 0.830465
0 0.3175 0.306744 0.281159 0.327959 0.886708
0 0.61772 0.446917 0.274671 0.315912 0.868905
0 0.461108 0.353197 0.226943 0.262789 0.821402
0 0.319078 0.309669 0.277426 0.328948 0.868333
0 0.617146 0.447132 0.270575 0.311142 0.852938
0 0.459129 0.352748 0.221191 0.259041 0.815348
0 0.319308 0.308798 0.277121 0.320342 0.911149
0 0.61749 0.446729 0.270981 0.311896 0.874557
0 0.46137 0.354295 0.225063 0.260275 0.835683
0 0.318678 0.311562 0.275736 0.322921 0.905832
0 0.617601 0.448274 0.269933 0.310639 0.861773
0 0.459501 0.355418 0.221623 0.255228 0.827985
0 0.317566 0.310152 0.277412 0.32395 0.893463
0 0.617984 0.447035 0.270387 0.309851 0.86421
0 0.461582 0.352971 0.224185 0.257178 0.834175
0 0.317405 0.310169 0.275858 0.322587 0.899377
0 0.617161 0.447298 0.270766 0.31104 0.863752
0 0.460532 0.354164 0.223603 0.256551 0.842192
0 0.318941 0.307071 0.279469 0.327592 0.880914
0 0.617776 0.446655 0.276119 0.314462 0.847471
0 0.460785 0.350538 0.228742 0.262987 0.811495
0 0.318503 0.311081 0.274029 0.320402 0.893363
0 0.617415 0.447085 0.270149 0.310691 0.874983
0 0.458481 0.354761 0.223274 0.256172 0.835422
0 0.317576 0.308039 0.280073 0.327715 0.887102
0 0.616447 0.446187 0.274889 0.314996 0.861691
0 0.458012 0.352708 0.223065 0.259956 0.825251
0 0.31809 0.309364 0.276177 0.323498 0.898502
0 0.616771 0.447341 0.273135 0.312269 0.877399
0 0.457788 0.354056 0.222022 0.258259 0.841682
0 0.318161 0.308587 0.27545 0.322901 0.897011
0 0.6169 0.447208 0.272378 0.312707 0.869551
0 0.458588 0.353215 0.223887 0.258017 0.826505
0 0.318815 0.308392 0.275584 0.323645 0.896343
0 0.616884 0.447154 0.27282 0.313015 0.873642
0 0.457277 0.353066 0.223081 0.260059 0.834846
0 0.318074 0.309368 0.276176 0.323492 0.898348
0 0.616757 0.447339 0.273114 0.312247 0.877228
0 0.457787 0.354052 0.221989 0.258246 0.841438
