0 0.589444 0.198021 0.203418 0.2332 0.921689
0 0.617601 0.190906 0.190831 0.212767 0.825029
0 0.807383 0.657895 0.225463 0.245635 0.676274
0 0.605224 0.180865 0.20625 0.234114 0.758443
0 0.59449 0.184906 0.21008 0.240883 0.761745
0 0.599469 0.183971 0.222524 0.25613 0.803943
0 0.601864 0.191419 0.213156 0.255013 0.837002
0 0.597149 0.18313 0.224877 0.251379 0.773664
0 0.596354 0.188538 0.226689 0.265633 0.746961
0 0.593171 0.189739 0.199616 0.246457 0.774979
0 0.590428 0.187605 0.209947 0.251162 0.807122
0 0.593252 0.188406 0.21322 0.250794 0.868798
0 0.595393 0.187373 0.219662 0.259039 0.788759
0 0.590077 0.189509 0.225153 0.253033 0.807917
0 0.596213 0.189067 0.215366 0.254222 0.768921
0 0.598373 0.18865 0.220313 0.258798 0.819311
0 0.594435 0.184577 0.213357 0.250677 0.83881
0 0.594236 0.184186 0.221708 0.264816 0.768418
0 0.596198 0.186908 0.228022 0.264247 0.894646
0 0.593966 0.192885 0.219254 0.262889 0.792513
0 0.591371 0.190094 0.240983 0.281975 0.773129
0 0.595897 0.186909 0.230015 0.272266 0.80819
0 0.593242 0.198248 0.218374 0.247528 0.874618
0 0.592163 0.194764 0.219632 0.265116 0.819909
0 0.589839 0.192358 0.218072 0.24994 0.865039
0 0.594696 0.194115 0.216718 0.260568 0.89966
0 0.588084 0.195365 0.230303 0.271626 0.838394
0 0.591874 0.201374 0.224328 0.268651 0.838341
0 0.592229 0.191086 0.206079 0.244406 0.77984
0 0.593695 0.200396 0.212373 0.24738 0.788613
0 0.593428 0.192001 0.220869 0.257015 0.775986
0 0.593168 0.196338 0.224099 0.262477 0.868671
0 0.591751 0.196213 0.223142 0.267579 0.824371
0 0.587349 0.200747 0.227496 0.266247 0.819065
0 0.588826 0.19752 0.233736 0.275729 0.829775
0 0.594586 0.193693 0.216486 0.25453 0.8117
0 0.594677 0.194044 0.217871 0.253028 0.752181
0 0.589275 0.196816 0.221517 0.257139 0.836056
0 0.599011 0.196969 0.206438 0.249944 0.827228
0 0.593916 0.195531 0.221495 0.257302 0.823241
0 0.595968 0.197978 0.220465 0.261753 0.843756
0 0.591948 0.194943 0.223192 0.260901 0.890077
0 0.591705 0.195289 0.218936 0.262751 0.83235
0 0.588679 0.195584 0.216662 0.256482 0.850804
0 0.595548 0.197727 0.218756 0.259571 0.861669
0 0.594056 0.191145 0.222283 0.25821 0.837391
0 0.592392 0.195225 0.219443 0.256026 0.865794
0 0.589897 0.200737 0.221007 0.255646 0.863031
0 0.587894 0.204237 0.223943 0.256077 0.878675
0 0.588171 0.200332 0.224566 0.258542 0.876339
0 0.593803 0.198941 0.217654 0.250232 0.83421
0 0.591701 0.19838 0.215161 0.251365 0.864967
0 0.592139 0.196118 0.211294 0.243367 0.889946
0 0.593811 0.196944 0.216298 0.252949 0.879788
0 0.595991 0.201246 0.216387 0.254942 0.860309
0 0.594923 0.198268 0.216012 0.255133 0.845969
0 0.594638 0.193855 0.219911 0.261109 0.843502
0 0.595073 0.198171 0.220801 0.253743 0.860881
0 0.59376 0.198063 0.212759 0.250979 0.885762
0 0.595394 0.192953 0.214273 0.251028 0.864748
0 0.596713 0.193361 0.219422 0.261934 0.882657
0 0.592836 0.201189 0.212337 0.248277 0.874961
0 0.594936 0.200157 0.215573 0.247776 0.876631
0 0.594696 0.198949 0.212071 0.24264 0.843114
0 0.59101 0.197634 0.215136 0.25317 0.87871
0 0.591585 0.197593 0.218205 0.25477 0.884337
0 0.594982 0.198807 0.213061 0.253397 0.877647
0 0.593827 0.200735 0.204368 0.235391 0.882202
0 0.591914 0.202949 0.213779 0.246172 0.867977
0 0.59364 0.20151 0.215168 0.24747 0.892833
0 0.594856 0.201919 0.22123 0.256335 0.868095
0 0.595045 0.196256 0.221911 0.261255 0.900344
0 0.592332 0.199554 0.220413 0.256787 0.871933
0 0.592314 0.200722 0.21799 0.251696 0.876422
0 0.593655 0.198031 0.218815 0.259556 0.872501
0 0.595934 0.199711 0.216014 0.254315 0.895636
0 0.594773 0.196671 0.214237 0.253104 0.894378
0 0.592342 0.194565 0.215401 0.249377 0.875659
0 0.593832 0.197608 0.213488 0.247476 0.871557
0 0.59289 0.197919 0.219179 0.259467 0.888757
0 0.592156 0.200543 0.216099 0.249748 0.856732
0 0.593105 0.199515 0.217208 0.253393 0.866085
0 0.593808 0.199483 0.212218 0.242555 0.865414
0 0.592672 0.199681 0.212598 0.245366 0.86961
0 0.592859 0.199025 0.215 0.247801 0.852437
0 0.592984 0.197899 0.211262 0.242942 0.882426
0 0.593626 0.199587 0.217961 0.252876 0.885357
0 0.592962 0.199182 0.221795 0.257249 0.886927
0 0.59239 0.200924 0.221924 0.255259 0.865796
0 0.592755 0.198905 0.222424 0.259879 0.903193
0 0.592617 0.200796 0.220026 0.253819 0.884376
0 0.593163 0.200017 0.219875 0.254018 0.890582
0 0.59252 0.198383 0.22114 0.255648 0.886455
0 0.594036 0.19892 0.219445 0.253837 0.862551
0 0.593826 0.200049 0.220049 0.253682 0.884369
0 0.591802 0.199516 0.220489 0.253964 0.868097
0 0.592463 0.199358 0.220771 0.255082 0.881567
0 0.592684 0.199926 0.219029 0.254179 0.877327
0 0.593649 0.199303 0.219648 0.255413 0.878326
0 0.592471 0.199354 0.220754 0.255051 0.881394
