0 0.446052 0.297334 0.127899 0.146282 0.682695
0 0.447096 0.292376 0.142283 0.169842 0.707066
0 0.443 0.298188 0.144058 0.173101 0.762086
0 0.446939 0.292475 0.131904 0.160604 0.721502
0 0.444598 0.293969 0.135589 0.170491 0.647068
0 0.445112 0.294988 0.141365 0.168248 0.680893
0 0.442463 0.29603 0.141615 0.166967 0.831235
0 0.4406 0.294503 0.142509 0.17162 0.795359
0 0.439143 0.295521 0.134493 0.155977 0.693538
0 0.444729 0.293528 0.148083 0.177432 0.699555
0 0.445866 0.293529 0.147321 0.170081 0.792377
0 0.442786 0.29443 0.141783 0.173511 0.827633
0 0.440998 0.29524 0.141394 0.166315 0.760722
0 0.444966 0.294639 0.146998 0.171379 0.727053
0 0.448098 0.293152 0.142296 0.168829 0.860477
0 0.443774 0.295075 0.139488 0.168434 0.657386
0 0.441269 0.295871 0.144137 0.168757 0.749655
0 0.446319 0.295966 0.138487 0.169622 0.751791
0 0.440711 0.296645 0.144214 0.170755 0.857461
0 0.443579 0.294296 0.134447 0.156709 0.741519
0 0.443365 0.294173 0.131437 0.156763 0.855867
0 0.442979 0.293843 0.14144 0.168525 0.814948
0 0.439522 0.293219 0.139261 0.163419 0.771901
0 0.440299 0.296842 0.137491 0.15995 0.864524
0 0.445759 0.299596 0.126185 0.147067 0.74384
0 0.442045 0.295606 0.135384 0.161063 0.793742
0 0.44425 0.29295 0.137808 0.167482 0.699001
0 0.4413 0.294871 0.13406 0.154101 0.826843
0 0.438587 0.294912 0.141483 0.169732 0.815477
0 0.441427 0.299143 0.137885 0.161248 0.837973
0 0.442517 0.302227 0.131124 0.152925 0.79298
0 0.445091 0.296498 0.132593 0.154706 0.776668
0 0.441873 0.295135 0.134487 0.157761 0.687182
0 0.443916 0.297535 0.134943 0.157604 0.755611
0 0.440561 0.296271 0.139781 0.163737 0.803147
0 0.443846 0.301153 0.126767 0.148654 0.678146
0 0.442302 0.295969 0.134217 0.158417 0.75004
0 0.443428 0.294585 0.131424 0.153553 0.750438
0 0.441754 0.296026 0.135498 0.157589 0.771745
0 0.441237 0.297162 0.132614 0.154648 0.805464
0 0.443397 0.296125 0.132939 0.156293 0.792076
0 0.443202 0.294391 0.134294 0.157485 0.809002
0 0.443462 0.295563 0.136315 0.158624 0.791751
0 0.446182 0.299002 0.126756 0.148741 0.77402
0 0.443393 0.298895 0.131481 0.151498 0.801666
0 0.440478 0.299198 0.133656 0.156782 0.755618
0 0.440265 0.297068 0.139313 0.165265 0.765834
0 0.440316 0.296717 0.133698 0.154813 0.810617
0 0.442674 0.296206 0.13118 0.151184 0.807635
0 0.439942 0.29617 0.134701 0.15599 0.795865
0 0.442419 0.29913 0.131154 0.153945 0.790825
0 0.443111 0.295238 0.131942 0.153627 0.78928
0 0.444091 0.296171 0.133562 0.158267 0.741781
0 0.443297 0.298861 0.133956 0.15841 0.772927
0 0.441451 0.295042 0.137001 0.163127 0.776445
0 0.439383 0.294511 0.135783 0.156282 0.75903
0 0.440632 0.293099 0.13617 0.157504 0.793221
0 0.442124 0.296361 0.134044 0.157135 0.840503
0 0.443112 0.295312 0.132039 0.152565 0.814952
0 0.441618 0.29569 0.13338 0.155268 0.73202
0 0.442106 0.295747 0.133463 0.156647 0.846468
0 0.443044 0.297253 0.129911 0.151061 0.817342
0 0.441604 0.296803 0.131118 0.151861 0.787604
0 0.442478 0.295951 0.130625 0.150769 0.805705
0 0.443202 0.298291 0.127962 0.15056 0.792513
0 0.441883 0.295684 0.132786 0.153591 0.810854
0 0.441086 0.296895 0.134805 0.15733 0.812936
0 0.442228 0.292943 0.134714 0.158344 0.859434
0 0.443105 0.296745 0.13267 0.154483 0.799392
0 0.443565 0.296375 0.13338 0.15723 0.817039
0 0.442451 0.295435 0.130903 0.150925 0.820888
0 0.443677 0.295266 0.134637 0.156302 0.833711
0 0.44347 0.296165 0.130762 0.152168 0.833971
0 0.442796 0.29355 0.132082 0.153735 0.832884
0 0.443088 0.29203 0.134862 0.157132 0.780992
0 0.442842 0.298766 0.133609 0.154174 0.828577
0 0.442635 0.294556 0.133466 0.154185 0.761493
0 0.444435 0.297247 0.128173 0.150422 0.828304
0 0.442078 0.295268 0.135115 0.156073 0.802812
0 0.443231 0.296913 0.132701 0.156178 0.813113
0 0.444288 0.296111 0.132594 0.155867 0.801638
0 0.442901 0.295658 0.132881 0.154901 0.850821
0 0.443078 0.295938 0.132213 0.15303 0.846138
0 0.443398 0.297652 0.132061 0.153374 0.847818
0 0.442909 0.295131 0.132825 0.154321 0.821614
0 0.444632 0.2976 0.131039 0.153217 0.810593
0 0.444339 0.298655 0.130882 0.1528 0.827409
0 0.443836 0.297029 0.132757 0.154171 0.840391
0 0.443647 0.296615 0.133281 0.154978 0.850941
0 0.444278 0.295413 0.132363 0.155914 0.829869
0 0.443571 0.296766 0.132877 0.154341 0.859252
0 0.443409 0.296096 0.133672 0.156384 0.852595
0 0.443969 0.298036 0.13364 0.155869 0.86554
0 0.443501 0.29538 0.133251 0.15532 0.848579
0 0.444285 0.29594 0.133452 0.156419 0.856407
0 0.443968 0.298035 0.133639 0.155873 0.865224
