0 0.459933 0.504753 0.380011 0.397947 0.637538
0 0.469832 0.432273 0.264749 0.284097 0.809162
0 0.527311 0.423991 0.211373 0.228987 0.783922
0 0.471337 0.35506 0.383411 0.375646 0.742313
0 0.462638 0.50908 0.423642 0.45704 0.676978
0 0.495386 0.538418 0.417249 0.51778 0.782613
0 0.490405 0.53691 0.445096 0.504188 0.696518
0 0.496185 0.535973 0.522707 0.596079 0.660846
0 0.491962 0.536573 0.560565 0.593443 0.768914
0 0.512066 0.543604 0.457023 0.539615 0.74993
0 0.470097 0.530549 0.507364 0.610154 0.637276
0 0.472912 0.525234 0.485526 0.574702 0.78658
0 0.495658 0.522886 0.492988 0.568374 0.712628
0 0.502997 0.51674 0.482513 0.581167 0.685278
0 0.513086 0.52518 0.517522 0.570523 0.724831
0 0.511333 0.519515 0.517482 0.583478 0.818897
0 0.483775 0.525682 0.481999 0.591398 0.770218
0 0.504891 0.534072 0.453948 0.548938 0.706985
0 0.509362 0.522411 0.526658 0.618316 0.647002
0 0.504361 0.527988 0.516821 0.598888 0.748305
0 0.490259 0.527278 0.488085 0.578789 0.8169
0 0.50947 0.518536 0.525738 0.602168 0.881462
0 0.491705 0.525987 0.518837 0.606071 0.874385
0 0.485848 0.522142 0.562003 0.630546 0.911418
0 0.506371 0.503594 0.497291 0.622445 0.730471
0 0.498929 0.520209 0.484398 0.607302 0.724036
0 0.501221 0.524548 0.523192 0.604368 0.845611
0 0.515707 0.530186 0.496881 0.5998 0.854688
0 0.504303 0.524449 0.514381 0.608815 0.710842
0 0.49811 0.527555 0.475295 0.592631 0.796837
0 0.50813 0.52982 0.51246 0.589367 0.738852
0 0.503075 0.531693 0.507692 0.591507 0.829735
0 0.491923 0.538262 0.487546 0.579968 0.769156
0 0.496299 0.534293 0.533704 0.614226 0.825299
0 0.502265 0.507084 0.529813 0.619983 0.686558
0 0.523464 0.521378 0.485726 0.594946 0.754886
0 0.520522 0.523676 0.535011 0.606832 0.831101
0 0.50075 0.5207 0.492826 0.577689 0.802328
0 0.504422 0.528871 0.458959 0.594989 0.799145
0 0.497998 0.636553 0.196906 0.231632 0.652835
0 0.494561 0.535807 0.506429 0.577916 0.774255
0 0.493312 0.537124 0.51118 0.586696 0.781692
0 0.500687 0.526484 0.516679 0.616938 0.780126
0 0.523414 0.52431 0.487549 0.578008 0.906611
0 0.51306 0.52175 0.511031 0.60514 0.781467
0 0.4989 0.53023 0.488155 0.607583 0.866978
0 0.520944 0.52184 0.48385 0.587021 0.845363
0 0.497742 0.532114 0.487075 0.608901 0.764209
0 0.514749 0.531849 0.501967 0.596771 0.806219
0 0.521432 0.520365 0.493793 0.621633 0.790129
0 0.502814 0.521569 0.523257 0.613859 0.794906
0 0.502269 0.522406 0.532689 0.623068 0.762845
0 0.506051 0.52068 0.535496 0.60746 0.825054
0 0.501764 0.519315 0.534014 0.612403 0.803166
0 0.509582 0.526094 0.521993 0.604827 0.831524
0 0.506889 0.530954 0.511038 0.600386 0.857991
0 0.519674 0.514703 0.490422 0.586395 0.843211
0 0.500313 0.522354 0.508687 0.616082 0.877257
0 0.497724 0.521597 0.499137 0.608699 0.881941
0 0.491588 0.519132 0.530461 0.594709 0.827971
0 0.516564 0.523866 0.523994 0.60349 0.848094
0 0.504444 0.512333 0.555669 0.633284 0.841986
0 0.503948 0.520245 0.517939 0.607176 0.813492
0 0.507446 0.528092 0.514676 0.60992 0.846248
0 0.504705 0.519189 0.512332 0.601598 0.828639
0 0.491782 0.517761 0.533683 0.613444 0.842017
0 0.509695 0.518224 0.525576 0.60666 0.841593
0 0.51258 0.511985 0.510971 0.602396 0.809066
0 0.515631 0.515913 0.519944 0.609163 0.838099
0 0.511241 0.52708 0.501364 0.594617 0.841274
0 0.506399 0.524406 0.502539 0.61836 0.861219
0 0.513875 0.514646 0.49552 0.608105 0.808738
0 0.51663 0.523814 0.524788 0.61963 0.832
0 0.496315 0.527745 0.519909 0.615527 0.801025
0 0.517721 0.519467 0.520483 0.605731 0.813371
0 0.514809 0.516466 0.527745 0.610868 0.810685
0 0.519058 0.509811 0.497118 0.591916 0.815125
0 0.503315 0.518415 0.51832 0.611851 0.819169
0 0.511258 0.516961 0.507048 0.615098 0.826801
0 0.515811 0.520281 0.52098 0.617001 0.831998
0 0.510722 0.521092 0.521743 0.615749 0.849082
0 0.514042 0.528465 0.506586 0.60417 0.876585
0 0.512345 0.514808 0.509572 0.60965 0.854528
0 0.518419 0.513789 0.515468 0.606287 0.824012
0 0.517142 0.515816 0.526197 0.613587 0.831216
0 0.513293 0.519894 0.52544 0.609493 0.837665
0 0.509401 0.519995 0.516175 0.606044 0.85414
0 0.521204 0.514931 0.497976 0.598347 0.846712
0 0.512763 0.5222 0.513614 0.607758 0.855993
0 0.51089 0.522757 0.51222 0.602575 0.854761
0 0.510539 0.517095 0.521113 0.610801 0.840326
0 0.505236 0.524517 0.515976 0.616458 0.864207
0 0.50557 0.525983 0.534648 0.605657 0.853152
0 0.497456 0.529156 0.530521 0.610378 0.862128
0 0.511143 0.519221 0.535553 0.625291 0.834913
0 0.506985 0.518319 0.528449 0.618703 0.862671
0 0.50879 0.519875 0.525312 0.618022 0.853056
0 0.506163 0.517358 0.5233 0.615689 0.863477
0 0.509826 0.520746 0.531287 0.624416 0.868473
0 0.507947 0.517675 0.529131 0.620775 0.862114
0 0.50616 0.517361 0.523299 0.615673 0.86372
