0 0.563648 0.248598 0.407654 0.478433 0.648213
0 0.573022 0.239037 0.329177 0.395853 0.652436
0 0.569685 0.26216 0.440534 0.490692 0.611301
0 0.564231 0.224461 0.344093 0.395001 0.602651
0 0.577007 0.236003 0.305536 0.379772 0.6043
0 0.512017 0.271226 0.543818 0.542452 0.710533
0 0.544293 0.264563 0.425093 0.477606 0.665406
0 0.510932 0.251247 0.405034 0.466632 0.693933
0 0.578949 0.253622 0.404456 0.444226 0.772665
0 0.599196 0.225533 0.301755 0.356645 0.67994
0 0.590326 0.244625 0.36426 0.444168 0.629223
0 0.572356 0.241439 0.346573 0.415925 0.6588
0 0.512407 0.263467 0.488458 0.526934 0.657925
0 0.542978 0.26484 0.484395 0.521341 0.626972
0 0.539232 0.260387 0.476152 0.515833 0.625973
0 0.585678 0.264201 0.366459 0.477497 0.622132
0 0.525562 0.258813 0.479636 0.517626 0.718558
0 0.524778 0.251207 0.479369 0.500935 0.692946
0 0.512799 0.261408 0.408531 0.483645 0.60245
0 0.498814 0.269485 0.522561 0.508708 0.684646
0 0.523158 0.271831 0.489988 0.543661 0.707766
0 0.510403 0.255312 0.492208 0.504036 0.740064
0 0.508382 0.264729 0.492283 0.529459 0.631738
0 0.498517 0.251374 0.477125 0.502749 0.612028
0 0.501562 0.265802 0.522758 0.531603 0.652348
0 0.53346 0.264222 0.475047 0.528444 0.691772
0 0.494052 0.28019 0.495937 0.547833 0.719507
0 0.50325 0.264525 0.471082 0.52905 0.636195
0 0.508535 0.257996 0.448297 0.515993 0.749517
0 0.491447 0.267562 0.489118 0.525487 0.749537
0 0.552766 0.265742 0.413033 0.476005 0.607135
0 0.520302 0.256134 0.444068 0.512269 0.75048
0 0.513204 0.260784 0.467597 0.521567 0.725404
0 0.504464 0.26035 0.439342 0.500462 0.688962
0 0.565163 0.235332 0.33808 0.405201 0.65892
0 0.519388 0.259537 0.431379 0.489387 0.757628
0 0.494111 0.261556 0.476618 0.523113 0.723844
0 0.506651 0.2566 0.472659 0.513201 0.763147
0 0.494431 0.251913 0.465018 0.503827 0.710175
0 0.544155 0.255076 0.38633 0.480771 0.640656
0 0.568314 0.243511 0.369819 0.443396 0.749739
0 0.495775 0.267707 0.475652 0.50452 0.748723
0 0.512283 0.251616 0.435859 0.483248 0.743078
0 0.503421 0.254114 0.424566 0.507441 0.734221
0 0.520172 0.260069 0.475998 0.518445 0.738979
0 0.502948 0.252287 0.427528 0.504574 0.69809
0 0.505337 0.257791 0.486265 0.515583 0.663633
0 0.503847 0.249043 0.456992 0.498086 0.738453
0 0.514428 0.246942 0.458883 0.493883 0.714326
0 0.508008 0.251958 0.456773 0.503916 0.722063
0 0.51376 0.259507 0.480673 0.519014 0.734622
0 0.517193 0.256449 0.472695 0.512898 0.763481
0 0.516158 0.253214 0.460589 0.506429 0.784198
0 0.521711 0.25399 0.429421 0.491529 0.782928
0 0.514966 0.244256 0.433727 0.48758 0.768415
0 0.520452 0.250036 0.445922 0.500071 0.758459
0 0.521367 0.252629 0.465453 0.505258 0.760269
0 0.506226 0.250384 0.442825 0.500769 0.770916
0 0.513403 0.249776 0.448167 0.499551 0.730962
0 0.512409 0.25414 0.449722 0.50828 0.763701
0 0.514703 0.257955 0.456246 0.51591 0.799217
0 0.512905 0.255239 0.453394 0.510478 0.784902
0 0.51681 0.250782 0.461057 0.501563 0.76475
0 0.515573 0.246385 0.439215 0.492771 0.791277
0 0.517864 0.257282 0.460255 0.514565 0.792743
0 0.518198 0.255329 0.457846 0.510659 0.792377
0 0.520326 0.254717 0.459416 0.509433 0.785257
0 0.512676 0.255305 0.461112 0.510611 0.808229
0 0.511321 0.248018 0.444863 0.496036 0.785149
0 0.514027 0.254586 0.459493 0.509172 0.800678
0 0.515837 0.258621 0.468558 0.517242 0.818834
0 0.509198 0.246244 0.4409 0.492488 0.797367
0 0.514017 0.254568 0.45946 0.509137 0.800958
