0 0.432812 0.801439 0.331223 0.379496 0.606062
0 0.436831 0.411678 0.21633 0.243172 0.66862
0 0.443551 0.409074 0.216157 0.243606 0.689981
0 0.450168 0.411279 0.21557 0.245572 0.646699
0 0.450346 0.409051 0.218549 0.257121 0.782819
0 0.442668 0.408539 0.19911 0.236645 0.607934
0 0.449986 0.418804 0.223046 0.245899 0.744071
0 0.449743 0.410451 0.23218 0.278692 0.631318
0 0.442997 0.404852 0.221094 0.25451 0.662076
0 0.442343 0.413656 0.206682 0.238868 0.696471
0 0.450321 0.4181 0.223845 0.268635 0.695438
0 0.436561 0.406531 0.210903 0.25142 0.649664
0 0.450714 0.405374 0.212931 0.248049 0.699256
0 0.446573 0.412002 0.226602 0.266204 0.625829
0 0.442322 0.417943 0.22132 0.261311 0.614321
0 0.437094 0.414853 0.210894 0.245596 0.650292
0 0.443213 0.40591 0.223626 0.258159 0.673466
0 0.445327 0.414982 0.220863 0.254162 0.788823
0 0.444006 0.40827 0.214037 0.261059 0.750626
0 0.444835 0.414954 0.226004 0.271356 0.740877
0 0.441896 0.410876 0.237064 0.275696 0.739367
0 0.440689 0.410422 0.22809 0.271617 0.661874
0 0.445121 0.403979 0.225384 0.266349 0.646928
0 0.442993 0.40999 0.218398 0.259734 0.704205
0 0.449412 0.410884 0.221961 0.268617 0.72967
0 0.441449 0.407603 0.223178 0.259855 0.687794
0 0.447395 0.410944 0.223073 0.26933 0.667529
0 0.44049 0.416952 0.204737 0.237642 0.709967
0 0.438411 0.412407 0.217306 0.258383 0.681119
0 0.439655 0.416672 0.219363 0.262498 0.704867
0 0.44738 0.409498 0.221915 0.258145 0.704047
0 0.445575 0.411854 0.217019 0.25316 0.747234
0 0.445292 0.414516 0.207083 0.254566 0.723183
0 0.444304 0.416704 0.219602 0.258256 0.68633
0 0.442439 0.411998 0.219781 0.259561 0.75883
0 0.439882 0.412728 0.20922 0.238521 0.665778
0 0.449864 0.411945 0.218181 0.258455 0.710172
0 0.448823 0.408586 0.226604 0.261007 0.742779
0 0.443702 0.410686 0.220174 0.255719 0.678725
0 0.438173 0.415944 0.220751 0.25974 0.733667
0 0.434656 0.412888 0.219142 0.259542 0.690969
0 0.442591 0.410671 0.225954 0.265365 0.723814
0 0.443627 0.413162 0.218176 0.251441 0.728362
0 0.441038 0.413215 0.215307 0.25376 0.705293
0 0.447341 0.408489 0.218755 0.255759 0.720609
0 0.44715 0.410258 0.217526 0.254839 0.737393
0 0.441315 0.412118 0.221649 0.26161 0.751245
0 0.442839 0.411998 0.225871 0.262514 0.791037
0 0.444619 0.411247 0.223028 0.255994 0.705315
0 0.439043 0.409853 0.220892 0.259052 0.767724
0 0.439524 0.409529 0.224957 0.265953 0.748597
0 0.441632 0.409759 0.215029 0.258458 0.770258
0 0.448872 0.410924 0.217445 0.256139 0.764273
0 0.443624 0.413258 0.221563 0.26294 0.776041
0 0.445019 0.412602 0.215909 0.255426 0.79369
0 0.444656 0.414479 0.220669 0.258562 0.756113
0 0.446133 0.408165 0.221093 0.263367 0.795508
0 0.444914 0.410931 0.219295 0.261242 0.781627
0 0.441743 0.413805 0.2173 0.257574 0.772758
0 0.44292 0.410793 0.2216 0.260792 0.759127
0 0.444372 0.410482 0.220721 0.259032 0.801991
0 0.445279 0.407246 0.222439 0.262007 0.785086
0 0.448127 0.408288 0.218541 0.259192 0.809303
0 0.447237 0.405483 0.223226 0.261119 0.766377
0 0.444374 0.408895 0.220459 0.257303 0.821589
0 0.444208 0.412473 0.224626 0.259738 0.7617
0 0.443651 0.408091 0.22529 0.26528 0.77812
0 0.443333 0.410578 0.217464 0.259856 0.772035
0 0.442496 0.410744 0.219006 0.256399 0.771215
0 0.444993 0.410906 0.218961 0.256276 0.761881
0 0.444294 0.409549 0.217824 0.254805 0.797867
0 0.443069 0.411632 0.22387 0.26182 0.791016
0 0.44319 0.409031 0.226557 0.267607 0.813257
0 0.445215 0.412604 0.221792 0.260463 0.779567
0 0.446033 0.409642 0.224397 0.262618 0.808951
0 0.44632 0.411534 0.223409 0.261603 0.813435
0 0.447587 0.412335 0.220879 0.258743 0.812859
0 0.445974 0.411326 0.220846 0.258494 0.81569
0 0.446413 0.408971 0.220714 0.257856 0.780333
0 0.446741 0.411091 0.220345 0.256778 0.813785
0 0.446108 0.410582 0.220054 0.257704 0.800779
0 0.445771 0.41057 0.220523 0.258285 0.810113
0 0.44506 0.410773 0.219771 0.257409 0.802445
0 0.445987 0.410098 0.221153 0.25926 0.805711
0 0.44577 0.410557 0.220515 0.258296 0.809705
