0 0.614093 0.186833 0.241846 0.290314 0.690058
0 0.605851 0.18519 0.246573 0.299006 0.878921
0 0.616029 0.192264 0.244918 0.298338 0.932481
0 0.611446 0.193472 0.193119 0.236385 0.722099
0 0.609193 0.198121 0.262648 0.297745 0.64119
0 0.618565 0.201263 0.251827 0.300316 0.887886
0 0.611876 0.203167 0.261974 0.293147 0.893033
0 0.617338 0.200871 0.250685 0.293021 0.87111
0 0.622917 0.20036 0.24842 0.284227 0.8612
0 0.61325 0.205491 0.241026 0.27729 0.788222
0 0.609815 0.195256 0.241459 0.295456 0.837118
0 0.613969 0.194272 0.246289 0.29194 0.8926
0 0.610763 0.198927 0.250299 0.285726 0.769996
0 0.601347 0.201604 0.259184 0.287903 0.783338
0 0.617182 0.207144 0.246097 0.282282 0.805436
0 0.620456 0.202706 0.25286 0.292245 0.839094
0 0.61256 0.205718 0.248684 0.287099 0.88706
0 0.614307 0.199411 0.235691 0.283558 0.833965
0 0.621014 0.196146 0.250016 0.295915 0.798147
0 0.612136 0.204505 0.255035 0.296679 0.792341
0 0.617851 0.199071 0.259834 0.300857 0.705258
0 0.619178 0.196979 0.253059 0.294854 0.819031
0 0.618947 0.199612 0.236963 0.280433 0.8247
0 0.618712 0.20936 0.260051 0.306873 0.779121
0 0.613687 0.200407 0.248935 0.274073 0.858841
0 0.626475 0.201308 0.248897 0.295878 0.876991
0 0.622933 0.20847 0.253225 0.289404 0.825887
0 0.616824 0.204234 0.244796 0.293701 0.881859
0 0.622618 0.201673 0.249277 0.293115 0.800021
0 0.620659 0.204132 0.240221 0.274436 0.792972
0 0.624959 0.195106 0.256655 0.297926 0.810476
0 0.622952 0.199413 0.261698 0.298988 0.877342
0 0.624627 0.199758 0.249022 0.294423 0.833438
0 0.623973 0.207564 0.248386 0.285714 0.845048
0 0.627639 0.203688 0.251087 0.288246 0.813043
0 0.629887 0.205267 0.264202 0.308824 0.782155
0 0.627892 0.196075 0.263637 0.300479 0.776004
0 0.621473 0.205137 0.248587 0.282235 0.843908
0 0.633327 0.19942 0.244585 0.28904 0.83604
0 0.62952 0.203534 0.252077 0.287509 0.840147
0 0.626893 0.207244 0.25166 0.293549 0.745868
0 0.622528 0.20057 0.247869 0.285045 0.892246
0 0.627747 0.202557 0.248858 0.292156 0.850783
0 0.624627 0.205875 0.253298 0.294763 0.814321
0 0.62767 0.208377 0.257264 0.290916 0.864724
0 0.621523 0.19922 0.25204 0.291757 0.797045
0 0.62084 0.203987 0.246392 0.284897 0.853172
0 0.619023 0.210376 0.254516 0.285952 0.850985
0 0.624327 0.212458 0.260723 0.293258 0.852426
0 0.626497 0.208342 0.250337 0.289902 0.858974
0 0.626677 0.19912 0.250172 0.288497 0.814867
0 0.627272 0.206722 0.252867 0.288553 0.8362
0 0.618701 0.212112 0.25698 0.291927 0.847135
0 0.626133 0.2085 0.25647 0.293957 0.847879
0 0.628125 0.210861 0.255226 0.291918 0.835564
0 0.624013 0.206706 0.254962 0.290902 0.838247
0 0.627363 0.205308 0.262509 0.302642 0.815436
0 0.624576 0.204961 0.24534 0.282758 0.824212
0 0.627516 0.207361 0.251067 0.291528 0.846422
0 0.628495 0.203904 0.248603 0.290845 0.799758
0 0.629884 0.203632 0.256136 0.294238 0.852433
0 0.626043 0.207228 0.255709 0.289816 0.861673
0 0.62442 0.207017 0.250544 0.287114 0.871709
0 0.619753 0.204446 0.252154 0.291192 0.813779
0 0.626672 0.206977 0.260042 0.295536 0.858499
0 0.626475 0.206261 0.256768 0.29072 0.853859
0 0.622512 0.207003 0.250715 0.286956 0.848525
0 0.634737 0.20333 0.254011 0.291024 0.854478
0 0.624625 0.205884 0.251525 0.293827 0.813392
0 0.626828 0.206694 0.25112 0.289505 0.879471
0 0.630956 0.207909 0.256047 0.291236 0.84956
0 0.630021 0.202524 0.256497 0.296912 0.869828
0 0.62567 0.206132 0.252495 0.293493 0.853624
0 0.622444 0.208222 0.251716 0.288461 0.835854
0 0.623454 0.207385 0.25379 0.290084 0.833644
0 0.62623 0.206109 0.257514 0.293234 0.896095
0 0.628502 0.204838 0.251502 0.290188 0.872348
0 0.625489 0.203447 0.259254 0.294604 0.853439
0 0.627183 0.203629 0.255933 0.29565 0.880587
0 0.624872 0.206184 0.251661 0.290799 0.862721
0 0.624393 0.206847 0.250002 0.286201 0.847828
0 0.623946 0.205896 0.255365 0.294876 0.850079
0 0.629935 0.204356 0.255104 0.292528 0.85041
0 0.633143 0.20703 0.256459 0.29387 0.853631
0 0.630166 0.205699 0.256133 0.291918 0.849673
0 0.630397 0.205693 0.250573 0.28892 0.878733
0 0.627998 0.206333 0.253885 0.288989 0.872633
0 0.623047 0.204878 0.255105 0.295376 0.871481
0 0.628633 0.208916 0.25579 0.295443 0.857415
0 0.628746 0.205433 0.256758 0.290321 0.887
0 0.621704 0.207309 0.252811 0.289967 0.87227
0 0.626991 0.206564 0.252595 0.289723 0.872929
0 0.623194 0.206895 0.250495 0.287547 0.875355
0 0.628387 0.206 0.254027 0.290954 0.870853
0 0.627274 0.20746 0.25092 0.286804 0.88309
0 0.6269 0.207391 0.254388 0.289541 0.875843
0 0.625644 0.20693 0.25405 0.289644 0.882237
0 0.626691 0.206971 0.253408 0.289746 0.876698
0 0.627265 0.206275 0.253737 0.290638 0.883066
0 0.625641 0.206934 0.254051 0.289648 0.881973
