0 0.484482 0.52072 0.258002 0.304922 0.827114
0 0.602435 0.189151 0.181859 0.211531 0.918933
0 0.539965 0.188902 0.19782 0.21234 0.834279
0 0.491923 0.550983 0.26858 0.309018 0.83024
0 0.557157 0.202894 0.244181 0.273029 0.743256
0 0.164642 0.335227 0.255167 0.285025 0.741479
0 0.492572 0.4963 0.191529 0.219128 0.713002
0 0.598581 0.190509 0.153829 0.182538 0.939646
0 0.52804 0.197049 0.1613 0.178408 0.912618
0 0.497111 0.555016 0.275514 0.34292 0.816578
0 0.566884 0.197655 0.213479 0.197423 0.703552
0 0.521925 0.205686 0.145466 0.192261 0.642184
0 0.5242 0.192589 0.173752 0.202097 0.82531
0 0.603712 0.188131 0.181125 0.218186 0.733424
0 0.513535 0.200041 0.154185 0.182069 0.844646
0 0.487442 0.550597 0.278109 0.327562 0.77567
0 0.740938 0.192996 0.25662 0.315957 0.722707
0 0.605368 0.194716 0.173353 0.216934 0.682937
0 0.605642 0.188941 0.189208 0.21965 0.73156
0 0.166891 0.329237 0.333783 0.384746 0.666605
0 0.519903 0.19606 0.167031 0.193826 0.652929
0 0.499212 0.54464 0.30976 0.374338 0.626429
0 0.154594 0.344169 0.267982 0.315187 0.608036
0 0.1612 0.328772 0.315029 0.381044 0.853191
0 0.738279 0.203197 0.288327 0.354213 0.794283
0 0.605107 0.189921 0.203064 0.238698 0.728759
0 0.498867 0.542196 0.30277 0.3998 0.70218
0 0.514004 0.197551 0.173187 0.207054 0.633052
0 0.6018 0.192569 0.191672 0.231128 0.777522
0 0.535445 0.196532 0.186133 0.207465 0.71284
0 0.493936 0.546818 0.263808 0.306842 0.707772
0 0.599216 0.192658 0.182416 0.218814 0.735365
0 0.512464 0.197866 0.168059 0.195011 0.658487
0 0.489468 0.547696 0.282673 0.327104 0.632292
0 0.165117 0.346231 0.273354 0.315348 0.601276
0 0.595495 0.19232 0.197494 0.231425 0.752411
0 0.508686 0.196578 0.176848 0.208252 0.733863
0 0.49729 0.536026 0.269149 0.306292 0.685628
0 0.163678 0.338115 0.292564 0.336105 0.617962
0 0.50176 0.541532 0.308051 0.369374 0.672583
0 0.600698 0.19665 0.177674 0.210169 0.639099
0 0.368104 0.231568 0.302904 0.345321 0.630844
0 0.512946 0.192658 0.171061 0.199558 0.628358
0 0.157455 0.367186 0.285052 0.282386 0.60715
0 0.598875 0.190044 0.191049 0.228526 0.741544
0 0.514661 0.195549 0.174843 0.200673 0.703152
0 0.493698 0.538382 0.300308 0.326293 0.662074
0 0.603188 0.192154 0.186685 0.219466 0.768876
0 0.520697 0.196633 0.160724 0.190472 0.693983
0 0.500181 0.543165 0.294212 0.331609 0.688532
0 0.159913 0.334575 0.319827 0.352919 0.665734
0 0.49845 0.535818 0.286682 0.315094 0.783556
0 0.159598 0.331034 0.319195 0.36767 0.759508
0 0.605228 0.188707 0.190406 0.226297 0.741769
0 0.513956 0.19631 0.168809 0.196074 0.695556
0 0.359194 0.22767 0.298592 0.364489 0.603628
0 0.597299 0.192223 0.183538 0.219914 0.833149
0 0.160737 0.339718 0.290628 0.335806 0.81252
0 0.495871 0.546086 0.297468 0.340678 0.80988
0 0.51525 0.195363 0.163791 0.193941 0.758281
0 0.359894 0.240983 0.308375 0.361645 0.627286
0 0.744111 0.19971 0.30965 0.355433 0.625453
0 0.160828 0.344729 0.287707 0.319086 0.824335
0 0.73882 0.194871 0.279751 0.335444 0.8083
0 0.493313 0.534457 0.282694 0.318199 0.793059
0 0.601037 0.194091 0.188933 0.227317 0.743585
0 0.51103 0.197905 0.17084 0.202016 0.625082
0 0.1589 0.339478 0.307453 0.354393 0.813523
0 0.604207 0.196963 0.20428 0.231878 0.780619
0 0.359145 0.237541 0.297491 0.342147 0.719537
0 0.74691 0.187561 0.30226 0.361587 0.711531
0 0.508462 0.545092 0.300797 0.368844 0.711467
0 0.515274 0.197081 0.176712 0.200591 0.71013
0 0.599181 0.196174 0.178651 0.216288 0.738048
0 0.492867 0.54138 0.278946 0.330852 0.727439
0 0.511958 0.197197 0.160374 0.190966 0.679242
0 0.162808 0.333938 0.314366 0.372356 0.668875
0 0.748367 0.198734 0.314313 0.380908 0.635375
0 0.494808 0.543804 0.304833 0.369319 0.776645
0 0.161911 0.332549 0.323821 0.361994 0.755138
0 0.604467 0.192252 0.195455 0.229085 0.720685
0 0.350366 0.232018 0.313643 0.367576 0.672042
0 0.735639 0.193344 0.298345 0.347332 0.629568
0 0.514018 0.192472 0.167799 0.195061 0.611571
0 0.502447 0.539714 0.296093 0.341517 0.79304
0 0.607185 0.189552 0.200503 0.231688 0.756924
0 0.15894 0.335834 0.302991 0.344943 0.732257
0 0.513604 0.193205 0.176999 0.208539 0.716702
0 0.733879 0.195754 0.286286 0.345773 0.688527
0 0.347397 0.234826 0.291933 0.359092 0.647723
0 0.502589 0.542974 0.290194 0.335448 0.762801
0 0.512054 0.197282 0.171917 0.198169 0.741154
0 0.600622 0.192658 0.186703 0.221716 0.735478
0 0.161598 0.335848 0.305539 0.338405 0.673985
0 0.74797 0.202752 0.264149 0.311326 0.632687
0 0.152989 0.36076 0.305979 0.322759 0.804431
0 0.5012 0.547332 0.290133 0.350713 0.730701
0 0.746029 0.200149 0.321894 0.371184 0.723974
0 0.601814 0.192999 0.190584 0.226085 0.712394
0 0.516973 0.197775 0.168761 0.198266 0.681767
0 0.487521 0.546609 0.29738 0.359941 0.788676
0 0.156214 0.338618 0.312428 0.338877 0.78366
0 0.733818 0.195248 0.302052 0.355484 0.780336
0 0.596977 0.189898 0.185514 0.218066 0.736932
0 0.342672 0.231507 0.314222 0.36593 0.728737
0 0.508308 0.195128 0.164701 0.193373 0.677073
0 0.155486 0.332702 0.29462 0.334944 0.891297
0 0.496833 0.543157 0.299752 0.343354 0.823971
0 0.604993 0.194581 0.188228 0.223035 0.79491
0 0.738338 0.194236 0.274703 0.34386 0.778876
0 0.510712 0.193669 0.174335 0.204938 0.762694
0 0.75073 0.197901 0.302581 0.347661 0.837986
0 0.36104 0.242447 0.315526 0.354652 0.831803
0 0.5056 0.549258 0.30902 0.365387 0.821985
0 0.167629 0.360521 0.308578 0.307831 0.764319
0 0.595708 0.193697 0.198115 0.229195 0.763896
0 0.514404 0.194284 0.175432 0.203849 0.749435
0 0.743502 0.195513 0.271808 0.339017 0.759588
0 0.153014 0.327709 0.306028 0.36858 0.734504
0 0.498679 0.543029 0.29546 0.342356 0.732918
0 0.600254 0.194675 0.194193 0.222428 0.72396
0 0.513561 0.192496 0.17522 0.200091 0.718756
0 0.36312 0.236635 0.281938 0.336065 0.678074
0 0.499544 0.546588 0.282756 0.348872 0.699039
0 0.742921 0.197484 0.282821 0.34597 0.677658
0 0.513226 0.197663 0.169706 0.199166 0.670238
0 0.599922 0.193397 0.193491 0.230421 0.663735
0 0.159536 0.308947 0.319073 0.392616 0.773606
0 0.499336 0.54124 0.293955 0.332503 0.717042
0 0.741708 0.187636 0.278966 0.327787 0.713171
0 0.511849 0.194552 0.171017 0.1944 0.656056
0 0.599901 0.191061 0.183825 0.218885 0.637657
0 0.355101 0.235207 0.300038 0.36445 0.637606
0 0.498382 0.543197 0.307528 0.343851 0.744977
0 0.604696 0.189244 0.186521 0.219612 0.731568
0 0.745022 0.192833 0.296679 0.348481 0.721047
0 0.158978 0.329961 0.317956 0.360821 0.68327
0 0.51198 0.191122 0.171374 0.203415 0.669357
0 0.36247 0.237083 0.296987 0.366991 0.610476
0 0.161921 0.335619 0.316246 0.348252 0.844402
0 0.495783 0.53745 0.315514 0.351584 0.754902
0 0.596818 0.190994 0.192393 0.230081 0.739042
0 0.742462 0.196541 0.294973 0.360068 0.723826
0 0.512508 0.191651 0.174535 0.202046 0.717815
0 0.357022 0.225757 0.302647 0.348555 0.689154
0 0.747074 0.195571 0.293512 0.34678 0.749888
0 0.601097 0.191209 0.192234 0.228994 0.747412
0 0.500984 0.541656 0.307869 0.349589 0.713853
0 0.348989 0.236411 0.293876 0.349949 0.695604
0 0.166358 0.327948 0.321994 0.360967 0.67923
0 0.508236 0.194489 0.179534 0.213797 0.670775
0 0.15653 0.326991 0.305751 0.371131 0.842433
0 0.49311 0.550624 0.308065 0.347784 0.779198
0 0.599205 0.194498 0.191744 0.23183 0.753901
0 0.358776 0.238639 0.290298 0.35911 0.750142
0 0.729032 0.20053 0.278453 0.336734 0.747822
0 0.511741 0.193394 0.169974 0.204545 0.696059
0 0.598167 0.192516 0.194915 0.231245 0.730506
0 0.514633 0.195964 0.177358 0.211362 0.683742
0 0.727384 0.193761 0.307509 0.369863 0.68211
0 0.490113 0.541023 0.303911 0.336374 0.621189
0 0.150368 0.346445 0.300736 0.322646 0.606481
0 0.163036 0.33928 0.304313 0.34362 0.753115
0 0.502231 0.547577 0.277194 0.346996 0.740773
0 0.604857 0.190537 0.193652 0.223158 0.702515
0 0.5175 0.193601 0.179075 0.206214 0.647245
0 0.741341 0.200998 0.297633 0.348342 0.622167
0 0.167 0.3184 0.317487 0.372437 0.7928
0 0.498121 0.539559 0.296111 0.347408 0.650344
0 0.598717 0.184627 0.193069 0.227986 0.634936
0 0.156222 0.331618 0.300807 0.343579 0.786991
0 0.491577 0.546532 0.292983 0.335708 0.717073
0 0.59311 0.194103 0.188353 0.22384 0.70089
0 0.725045 0.199046 0.260594 0.322326 0.699927
0 0.513046 0.193572 0.174398 0.205571 0.64168
0 0.162353 0.329352 0.313686 0.359853 0.774883
0 0.600128 0.189177 0.189005 0.228942 0.772995
0 0.751745 0.193663 0.295018 0.346057 0.747584
0 0.504802 0.543162 0.296813 0.336584 0.747145
0 0.512892 0.190088 0.180751 0.213383 0.742567
0 0.365068 0.232205 0.281046 0.335345 0.635574
0 0.167565 0.329598 0.316072 0.358516 0.794395
0 0.498498 0.545097 0.298263 0.337802 0.753383
0 0.735401 0.199212 0.286239 0.341814 0.727889
0 0.596526 0.193871 0.189539 0.220547 0.708194
0 0.511092 0.194472 0.174954 0.200706 0.664993
0 0.157619 0.327227 0.306601 0.362498 0.787936
0 0.362421 0.229616 0.299772 0.35169 0.719132
0 0.742404 0.194405 0.29981 0.353117 0.703113
0 0.499163 0.542814 0.28862 0.341867 0.672414
0 0.511062 0.192943 0.175449 0.206323 0.657487
0 0.603124 0.1928 0.188523 0.22424 0.653138
0 0.150224 0.323383 0.292276 0.350409 0.849118
0 0.490367 0.536236 0.299986 0.352057 0.781988
0 0.603077 0.187981 0.185815 0.224372 0.770554
0 0.730681 0.192217 0.292135 0.361897 0.760367
0 0.511397 0.192063 0.175954 0.208544 0.738307
0 0.34845 0.224739 0.298968 0.353807 0.694657
0 0.156628 0.330747 0.285078 0.341724 0.848145
0 0.743039 0.192586 0.285033 0.347045 0.785218
0 0.501241 0.542279 0.308791 0.353486 0.779524
0 0.602165 0.190849 0.192766 0.227259 0.734968
0 0.50995 0.191446 0.180135 0.210308 0.704024
0 0.506107 0.547862 0.313229 0.349109 0.753013
0 0.747249 0.197371 0.303592 0.34771 0.738251
0 0.164752 0.319033 0.319801 0.373039 0.729657
0 0.602571 0.193995 0.19208 0.225144 0.728076
0 0.515055 0.194086 0.169613 0.200908 0.703005
0 0.364541 0.228368 0.306804 0.360742 0.648608
0 0.16289 0.333479 0.311781 0.351713 0.833768
0 0.751382 0.18783 0.289672 0.338264 0.8056
0 0.505294 0.547608 0.296178 0.337756 0.80179
0 0.605072 0.193085 0.190901 0.226978 0.733515
0 0.516902 0.192762 0.167161 0.199488 0.711328
0 0.360218 0.231004 0.297494 0.348079 0.710864
0 0.165377 0.323544 0.303662 0.360227 0.824637
0 0.496641 0.539637 0.285019 0.340132 0.77115
0 0.741023 0.188766 0.299895 0.349178 0.764452
0 0.599058 0.191127 0.187426 0.220251 0.673944
0 0.510109 0.18945 0.167093 0.194724 0.672234
0 0.492936 0.53955 0.288683 0.330709 0.807499
0 0.73439 0.194028 0.26919 0.320977 0.789963
0 0.154439 0.328821 0.300074 0.342826 0.789249
0 0.596532 0.18875 0.192201 0.224997 0.697791
0 0.166044 0.331291 0.304519 0.360438 0.766813
0 0.744515 0.206027 0.29167 0.34572 0.754465
0 0.596743 0.193619 0.189679 0.222206 0.728217
0 0.500625 0.548754 0.289213 0.348331 0.723111
0 0.512985 0.19508 0.165759 0.196586 0.722809
0 0.366688 0.231273 0.293976 0.352192 0.703136
0 0.163728 0.329147 0.297218 0.349182 0.793584
0 0.745249 0.202359 0.285433 0.339708 0.740535
0 0.595731 0.191844 0.186017 0.219434 0.70932
0 0.495538 0.548182 0.278277 0.33334 0.701654
0 0.511877 0.195475 0.171234 0.199895 0.699538
0 0.167703 0.330641 0.312548 0.354566 0.820478
0 0.502327 0.549022 0.293398 0.33312 0.771932
0 0.739681 0.200143 0.295994 0.347887 0.762609
0 0.593348 0.192512 0.193544 0.223654 0.692511
0 0.513127 0.194128 0.170408 0.20172 0.658518
0 0.170499 0.319418 0.310184 0.370704 0.802459
0 0.746749 0.19806 0.297428 0.358998 0.757844
0 0.498298 0.544581 0.288992 0.347941 0.741419
0 0.593716 0.19267 0.194939 0.22458 0.671445
0 0.518 0.193553 0.178643 0.205534 0.65185
0 0.160685 0.318361 0.30933 0.381771 0.798532
0 0.497886 0.546308 0.295697 0.338376 0.795689
0 0.741359 0.196102 0.298801 0.356362 0.785397
0 0.591019 0.194782 0.187431 0.216521 0.724712
0 0.513184 0.194346 0.16564 0.198909 0.634181
0 0.353749 0.230954 0.281538 0.33949 0.630337
0 0.156727 0.32597 0.311655 0.364929 0.787699
0 0.736636 0.195814 0.294249 0.346094 0.774864
0 0.495313 0.548785 0.299744 0.347913 0.766054
0 0.591456 0.193766 0.192724 0.224018 0.75357
0 0.514065 0.193972 0.169665 0.203077 0.722223
0 0.154694 0.325811 0.300739 0.361735 0.8396
0 0.501608 0.548235 0.296491 0.336405 0.782554
0 0.740954 0.19616 0.293047 0.347359 0.780331
0 0.597279 0.19006 0.195846 0.226505 0.723751
0 0.513404 0.189476 0.179475 0.207671 0.701483
0 0.158457 0.327832 0.298163 0.353846 0.773982
0 0.740758 0.198074 0.292539 0.351782 0.750231
0 0.509602 0.549096 0.289946 0.336465 0.747135
0 0.513431 0.193899 0.170264 0.205165 0.722033
0 0.597118 0.194054 0.192855 0.231936 0.699111
0 0.157351 0.323455 0.313676 0.370537 0.820156
0 0.51502 0.191769 0.167931 0.198954 0.753454
0 0.600418 0.190946 0.194393 0.22723 0.751
0 0.505626 0.545991 0.292825 0.337602 0.73841
0 0.747982 0.197779 0.280049 0.33615 0.722071
0 0.15321 0.322812 0.306164 0.376411 0.848748
0 0.738119 0.194062 0.305188 0.35445 0.78806
0 0.505267 0.543995 0.30448 0.342008 0.768303
0 0.596462 0.189733 0.192922 0.229897 0.680714
0 0.34967 0.230911 0.289657 0.337407 0.673985
0 0.511532 0.187386 0.180889 0.216391 0.635527
0 0.162877 0.319747 0.314534 0.372337 0.829185
0 0.746035 0.200996 0.297923 0.355473 0.810147
0 0.503258 0.546346 0.291017 0.345212 0.778733
0 0.513141 0.192346 0.169962 0.205334 0.698311
0 0.592568 0.19384 0.194243 0.228481 0.672325
0 0.349833 0.231106 0.297856 0.353631 0.645169
0 0.159387 0.312494 0.318775 0.382476 0.796778
0 0.5938 0.192807 0.193105 0.227227 0.783629
0 0.500754 0.547955 0.287028 0.333479 0.780478
0 0.739878 0.199373 0.287001 0.337344 0.765613
0 0.514945 0.190776 0.183047 0.213215 0.707491
0 0.160523 0.326468 0.300042 0.359365 0.791654
0 0.742799 0.198354 0.29142 0.345012 0.771064
0 0.50123 0.546841 0.278501 0.336629 0.731789
0 0.516752 0.189552 0.18247 0.213252 0.681814
0 0.596221 0.189784 0.198452 0.231744 0.672915
0 0.155497 0.317561 0.310995 0.372308 0.805539
0 0.738 0.193478 0.287214 0.347021 0.779013
0 0.507398 0.539748 0.302886 0.346125 0.768731
0 0.354235 0.226236 0.290153 0.340397 0.744731
0 0.513831 0.188461 0.179795 0.211595 0.686093
0 0.590534 0.187074 0.198439 0.230799 0.666352
0 0.743451 0.199175 0.295271 0.34798 0.816696
0 0.156883 0.324765 0.313766 0.367727 0.814569
0 0.504825 0.547325 0.290358 0.330991 0.790053
0 0.59393 0.195718 0.191532 0.22735 0.692691
0 0.515241 0.191809 0.180386 0.213281 0.691636
0 0.163335 0.318737 0.318214 0.372549 0.816542
0 0.74364 0.199391 0.283484 0.331673 0.79622
0 0.508927 0.548494 0.29324 0.333781 0.790794
0 0.516993 0.190953 0.172559 0.204033 0.699157
0 0.368678 0.229538 0.296503 0.340875 0.688355
0 0.604111 0.19087 0.186629 0.221789 0.673992
0 0.156894 0.312119 0.313788 0.381285 0.832813
0 0.737991 0.192047 0.29342 0.345215 0.816494
0 0.498355 0.544825 0.285998 0.340152 0.793411
0 0.36433 0.227896 0.295773 0.33942 0.743556
0 0.599639 0.190274 0.189894 0.222515 0.650327
0 0.158814 0.317965 0.317628 0.377775 0.813078
0 0.745535 0.197596 0.301744 0.348849 0.806156
0 0.506966 0.547857 0.294936 0.344547 0.761937
0 0.366986 0.229381 0.298157 0.343315 0.736549
0 0.602242 0.194197 0.189015 0.220631 0.716209
0 0.518732 0.190732 0.175871 0.211528 0.630535
0 0.162851 0.321438 0.315919 0.37061 0.859231
0 0.509352 0.548955 0.296662 0.337954 0.801818
0 0.744407 0.198419 0.291688 0.342082 0.800961
0 0.60332 0.191937 0.190435 0.22441 0.739786
0 0.374427 0.229344 0.287214 0.337943 0.721514
0 0.516835 0.188148 0.172734 0.210508 0.674477
0 0.163195 0.317913 0.306245 0.366018 0.825065
0 0.750508 0.190622 0.2853 0.334037 0.807837
0 0.505587 0.55029 0.289873 0.336242 0.788153
0 0.602081 0.193999 0.188838 0.223372 0.759596
0 0.512349 0.190487 0.175905 0.211786 0.714259
0 0.365575 0.227269 0.300102 0.3461 0.631974
0 0.170671 0.314004 0.324275 0.375634 0.840246
0 0.506052 0.546102 0.295778 0.349921 0.823328
0 0.74719 0.200802 0.299237 0.342616 0.807163
0 0.606048 0.194647 0.185969 0.218307 0.644456
0 0.368175 0.226672 0.29677 0.348743 0.64107
0 0.511178 0.191533 0.16783 0.20222 0.639441
0 0.160208 0.321758 0.305914 0.375265 0.804357
0 0.74163 0.201179 0.291607 0.35032 0.772382
0 0.505032 0.548325 0.288866 0.347741 0.717314
0 0.601799 0.194273 0.186979 0.223578 0.670715
0 0.513107 0.192896 0.169597 0.206088 0.666379
0 0.36388 0.22987 0.282669 0.339443 0.647874
0 0.15796 0.32193 0.315921 0.375511 0.830303
0 0.743377 0.19835 0.2905 0.34578 0.785379
0 0.508688 0.548562 0.288902 0.345985 0.778081
0 0.607715 0.192614 0.19597 0.230718 0.734076
0 0.366271 0.22968 0.28067 0.334482 0.726358
0 0.520499 0.192763 0.175526 0.210729 0.711353
0 0.156397 0.32046 0.312104 0.378075 0.823971
0 0.504102 0.54725 0.289368 0.347142 0.815288
0 0.738466 0.200773 0.291677 0.348619 0.767522
0 0.359042 0.228294 0.2889 0.34158 0.689855
0 0.520027 0.192094 0.178481 0.212481 0.677565
0 0.599342 0.193842 0.196452 0.228761 0.675272
0 0.158548 0.315821 0.317096 0.387454 0.854015
0 0.502964 0.545893 0.293435 0.352225 0.813182
0 0.739171 0.198482 0.29164 0.350052 0.800338
0 0.596787 0.19121 0.19621 0.229212 0.747085
0 0.520207 0.189482 0.185453 0.212211 0.71892
0 0.361637 0.225381 0.298342 0.350535 0.649939
0 0.157011 0.3197 0.314022 0.375825 0.8298
0 0.50679 0.551178 0.301271 0.346166 0.802907
0 0.736667 0.200436 0.293994 0.346597 0.755103
0 0.592286 0.193412 0.19359 0.227955 0.705939
0 0.52091 0.193531 0.18046 0.214301 0.616004
0 0.160406 0.316495 0.320812 0.381421 0.819239
0 0.505017 0.548218 0.293766 0.344673 0.768234
0 0.741353 0.197795 0.295626 0.347399 0.762952
0 0.597235 0.1941 0.193987 0.227238 0.738975
0 0.521776 0.193465 0.179896 0.212192 0.651113
0 0.155506 0.312982 0.311012 0.373399 0.836887
0 0.503526 0.542578 0.288934 0.339115 0.836504
0 0.73705 0.197082 0.288168 0.338931 0.786887
0 0.599561 0.192923 0.190695 0.224355 0.751908
0 0.519845 0.191348 0.179036 0.21243 0.686185
0 0.355626 0.227905 0.302346 0.342627 0.669528
0 0.153967 0.322338 0.307934 0.362378 0.857342
0 0.506161 0.544769 0.283775 0.337552 0.811432
0 0.60138 0.193299 0.193233 0.225286 0.783244
0 0.744855 0.196084 0.300505 0.353761 0.767437
0 0.525075 0.19244 0.181213 0.211523 0.733165
0 0.366631 0.223351 0.281781 0.351865 0.625494
0 0.15689 0.319879 0.313781 0.37575 0.852931
0 0.504505 0.544422 0.296771 0.343702 0.828511
0 0.598883 0.192597 0.192268 0.224032 0.777094
0 0.740626 0.201849 0.296594 0.352339 0.775828
0 0.359622 0.224652 0.292289 0.350871 0.762234
0 0.524258 0.190288 0.185708 0.217492 0.684189
0 0.158075 0.314017 0.31615 0.388122 0.84566
0 0.502695 0.541423 0.299699 0.353653 0.841385
0 0.734018 0.193301 0.331181 0.368942 0.818698
0 0.595273 0.18974 0.194739 0.225448 0.738438
0 0.356707 0.219324 0.295394 0.358531 0.737449
0 0.519415 0.187648 0.185631 0.217031 0.642908
0 0.163911 0.310811 0.306725 0.380678 0.806814
0 0.506935 0.54289 0.301273 0.348662 0.776921
0 0.741035 0.198873 0.296289 0.354399 0.77432
0 0.600185 0.192485 0.189646 0.221584 0.748786
0 0.15894 0.319752 0.317339 0.376047 0.865111
0 0.505672 0.545367 0.296254 0.343564 0.805411
0 0.741363 0.198432 0.301019 0.353771 0.79636
0 0.59954 0.192863 0.194772 0.227538 0.727141
0 0.519054 0.191101 0.187724 0.215168 0.691516
0 0.361066 0.22585 0.299547 0.343192 0.610536
0 0.156081 0.322532 0.312162 0.366814 0.8775
0 0.504981 0.546729 0.289861 0.342085 0.831231
0 0.739834 0.202338 0.295334 0.347655 0.794276
0 0.60155 0.192545 0.191542 0.221524 0.717651
0 0.363133 0.228591 0.290914 0.338111 0.669208
0 0.51911 0.189135 0.180269 0.212486 0.613049
0 0.156454 0.321201 0.312908 0.380704 0.872055
0 0.503363 0.546528 0.285754 0.34821 0.854511
0 0.738453 0.198082 0.301161 0.355558 0.794119
0 0.601143 0.193554 0.192699 0.226699 0.735186
0 0.519232 0.190889 0.178229 0.211826 0.695202
0 0.158355 0.318493 0.31671 0.380635 0.861126
0 0.50671 0.544751 0.290231 0.346376 0.845026
0 0.733011 0.196415 0.330996 0.371459 0.824946
0 0.601181 0.193498 0.191017 0.223899 0.694887
0 0.363927 0.224091 0.291673 0.353656 0.692366
0 0.518592 0.189448 0.177214 0.211893 0.646502
0 0.506352 0.544253 0.286168 0.341765 0.852274
0 0.157839 0.319828 0.315677 0.372683 0.840244
0 0.740786 0.196005 0.296471 0.354865 0.807982
0 0.602768 0.193758 0.192628 0.223931 0.700743
0 0.365935 0.225634 0.294762 0.341545 0.601518
0 0.154592 0.323546 0.309184 0.376076 0.839632
0 0.501072 0.543948 0.294147 0.346951 0.83817
0 0.734993 0.198643 0.293664 0.348178 0.785139
0 0.603742 0.192988 0.192701 0.224972 0.683536
0 0.157849 0.31963 0.315698 0.381281 0.838878
0 0.505241 0.544748 0.288189 0.341129 0.82628
0 0.739991 0.19996 0.293805 0.346685 0.792141
0 0.601197 0.192239 0.189137 0.220716 0.708135
0 0.362694 0.223539 0.297494 0.34361 0.654748
0 0.517701 0.189064 0.180457 0.213178 0.637594
0 0.157345 0.318253 0.31469 0.380909 0.83053
0 0.740431 0.198417 0.294525 0.346188 0.79463
0 0.511704 0.54537 0.303132 0.347969 0.793633
0 0.601749 0.192807 0.189215 0.220971 0.747822
0 0.515666 0.188503 0.17823 0.211547 0.689126
0 0.363011 0.226307 0.29828 0.341056 0.655683
0 0.155142 0.322368 0.310284 0.378027 0.869725
0 0.501212 0.54512 0.29593 0.345704 0.864056
0 0.734906 0.197001 0.295276 0.347332 0.812941
0 0.601051 0.1927 0.192358 0.223986 0.739651
0 0.518821 0.18786 0.18442 0.217366 0.652286
0 0.154357 0.322684 0.308714 0.378198 0.867093
0 0.505612 0.546997 0.291434 0.347078 0.85264
0 0.739264 0.19973 0.297038 0.354291 0.818415
0 0.60427 0.193591 0.190811 0.223252 0.723257
0 0.157835 0.31933 0.31567 0.380713 0.85174
0 0.507779 0.545153 0.299865 0.347833 0.831821
0 0.743088 0.196792 0.297815 0.342199 0.783471
0 0.603869 0.191123 0.187329 0.221341 0.686804
0 0.15461 0.321601 0.309219 0.377879 0.871779
0 0.504593 0.545336 0.296328 0.349828 0.849618
0 0.737958 0.19861 0.296812 0.351588 0.791182
0 0.600384 0.192374 0.185994 0.220218 0.648794
0 0.155644 0.317651 0.311288 0.388203 0.85113
0 0.506732 0.544853 0.297901 0.351866 0.850666
0 0.737083 0.19748 0.300165 0.353419 0.79058
0 0.601767 0.191274 0.185471 0.219297 0.667311
0 0.155948 0.319192 0.311897 0.380777 0.857445
0 0.508532 0.547969 0.301487 0.347705 0.821521
0 0.736061 0.200807 0.289745 0.345999 0.788754
0 0.517114 0.187467 0.180745 0.214656 0.655995
0 0.601153 0.190628 0.18705 0.220369 0.654802
0 0.160897 0.31702 0.321794 0.386082 0.847264
0 0.511528 0.545217 0.293031 0.349463 0.839301
0 0.742269 0.196768 0.301002 0.352444 0.78758
0 0.156554 0.319147 0.313107 0.382481 0.863216
0 0.508347 0.545808 0.29004 0.346732 0.847619
0 0.738857 0.197341 0.299995 0.34812 0.789638
0 0.602222 0.190996 0.186618 0.21972 0.62738
0 0.515729 0.188757 0.18007 0.214078 0.612507
0 0.507608 0.545625 0.296536 0.351826 0.859137
0 0.157563 0.318716 0.315127 0.38521 0.858125
0 0.739938 0.197854 0.303284 0.353834 0.796618
0 0.602867 0.192897 0.191052 0.223088 0.61847
0 0.155439 0.320814 0.310877 0.381095 0.868028
0 0.50582 0.545706 0.293612 0.348553 0.861712
0 0.737398 0.197232 0.300278 0.350468 0.795138
0 0.602336 0.191394 0.187894 0.220862 0.646197
0 0.51821 0.188947 0.182649 0.215446 0.614736
0 0.156292 0.319672 0.312585 0.383243 0.869496
0 0.507547 0.545579 0.292286 0.346983 0.862748
0 0.738642 0.197111 0.29952 0.349291 0.791204
0 0.155813 0.319779 0.311626 0.382126 0.864103
0 0.507016 0.545602 0.291669 0.347338 0.856023
0 0.737933 0.197062 0.29916 0.349861 0.787577
0 0.602165 0.191303 0.187749 0.221021 0.608039
0 0.155428 0.320816 0.310856 0.381066 0.868169
0 0.505813 0.545718 0.293564 0.348523 0.861821
0 0.737396 0.197241 0.300272 0.350452 0.795394
0 0.602323 0.19139 0.187872 0.22086 0.645733
0 0.518222 0.188945 0.182633 0.21544 0.614429
