0 0.526806 0.221714 0.186842 0.213011 0.980409
0 0.542748 0.216741 0.201394 0.24118 0.879
0 0.539778 0.228393 0.169445 0.193643 0.852849
0 0.530525 0.225075 0.187518 0.226749 0.775867
0 0.541257 0.217555 0.203523 0.247075 0.802688
0 0.535648 0.226918 0.196132 0.234749 0.849079
0 0.5389 0.221763 0.217843 0.249773 0.752531
0 0.537549 0.226517 0.205196 0.242233 0.673867
0 0.534762 0.22694 0.201037 0.242175 0.749357
0 0.532122 0.227818 0.195749 0.233779 0.798971
0 0.530434 0.227774 0.204283 0.231308 0.837289
0 0.533287 0.225436 0.202036 0.238391 0.729124
0 0.529964 0.228598 0.207988 0.232162 0.791265
0 0.537216 0.230863 0.197142 0.229598 0.766898
0 0.529136 0.227967 0.206126 0.228502 0.766475
0 0.525962 0.227265 0.203445 0.23493 0.836248
0 0.528483 0.226732 0.205802 0.23453 0.715028
0 0.531337 0.226208 0.214163 0.238126 0.844107
0 0.527821 0.233432 0.207792 0.241378 0.747561
0 0.524937 0.226025 0.213471 0.243768 0.705501
0 0.526825 0.22354 0.208823 0.240968 0.804682
0 0.531597 0.227333 0.203502 0.228345 0.797386
0 0.526951 0.228112 0.214277 0.249345 0.793834
0 0.520248 0.227896 0.202814 0.231524 0.815168
0 0.533281 0.22683 0.19625 0.229455 0.852791
0 0.527627 0.227785 0.211447 0.240635 0.829005
0 0.527177 0.229915 0.200995 0.229391 0.821614
0 0.527169 0.227484 0.201693 0.234192 0.752085
0 0.524929 0.231837 0.199149 0.230591 0.751392
0 0.528112 0.224162 0.211695 0.241405 0.764106
0 0.528549 0.227681 0.20936 0.239951 0.851509
0 0.526398 0.228673 0.211875 0.242683 0.791267
0 0.529173 0.228025 0.20179 0.232987 0.834994
0 0.520667 0.227842 0.206886 0.239085 0.791954
0 0.535931 0.225628 0.2077 0.236914 0.784715
0 0.529619 0.223043 0.209319 0.239377 0.722475
0 0.529996 0.227914 0.195301 0.225004 0.841819
0 0.52985 0.223771 0.197885 0.230853 0.820234
0 0.528056 0.226526 0.202623 0.229873 0.803698
0 0.526201 0.22906 0.20625 0.238612 0.7646
0 0.53074 0.223654 0.19965 0.22556 0.872956
0 0.528646 0.224157 0.205505 0.239116 0.825034
0 0.530893 0.227562 0.20479 0.235018 0.846212
0 0.533587 0.229234 0.199232 0.231607 0.854779
0 0.5304 0.225325 0.19874 0.229736 0.81255
0 0.526266 0.227282 0.20174 0.231252 0.837379
0 0.531951 0.23222 0.20084 0.229611 0.851712
0 0.527675 0.232574 0.197331 0.223224 0.841999
0 0.531544 0.230011 0.201075 0.229198 0.816651
0 0.533812 0.230606 0.201391 0.230173 0.771951
0 0.529953 0.230624 0.195142 0.227732 0.826741
0 0.528819 0.229249 0.199001 0.22765 0.852709
0 0.526464 0.228213 0.196931 0.230715 0.838308
0 0.536817 0.230377 0.200802 0.234851 0.834201
0 0.533671 0.230893 0.205102 0.235317 0.860351
0 0.52798 0.226943 0.209148 0.242398 0.793148
0 0.528593 0.229418 0.196253 0.229399 0.821912
0 0.529825 0.230441 0.199043 0.233235 0.856898
0 0.538375 0.225167 0.20354 0.235428 0.785902
0 0.528072 0.223843 0.20588 0.237541 0.783748
0 0.5304 0.232767 0.201194 0.232058 0.823324
0 0.534165 0.230829 0.200383 0.229535 0.828083
0 0.52902 0.231283 0.203175 0.232235 0.774442
0 0.534006 0.229829 0.204768 0.236467 0.866074
0 0.532712 0.227349 0.201692 0.235388 0.876371
0 0.526723 0.231203 0.201766 0.231407 0.860705
0 0.529962 0.228378 0.198384 0.230156 0.844711
0 0.529207 0.228454 0.200626 0.232908 0.816969
0 0.532954 0.228732 0.203718 0.236195 0.874761
0 0.526075 0.22879 0.20691 0.2386 0.823209
0 0.534996 0.225011 0.203367 0.237475 0.870585
0 0.528053 0.229065 0.201545 0.236967 0.81716
0 0.527114 0.230094 0.205868 0.237692 0.81519
0 0.526707 0.228114 0.202529 0.234701 0.81132
0 0.529737 0.229298 0.201991 0.232851 0.868467
0 0.526498 0.228543 0.197147 0.230165 0.843913
0 0.520001 0.22717 0.199576 0.22977 0.820836
0 0.52531 0.229337 0.195236 0.227257 0.818424
0 0.525244 0.226729 0.202797 0.236963 0.809572
0 0.525819 0.228573 0.19891 0.230137 0.815842
0 0.527069 0.230225 0.203605 0.235974 0.83305
0 0.523176 0.230733 0.202873 0.234394 0.8201
0 0.529932 0.230441 0.202848 0.233727 0.829503
0 0.519685 0.231286 0.199484 0.231371 0.805088
0 0.522533 0.230301 0.198508 0.229548 0.84606
0 0.520204 0.230716 0.197703 0.229713 0.840547
0 0.517975 0.232107 0.20035 0.232543 0.834041
0 0.525175 0.231465 0.203203 0.234241 0.81761
0 0.526093 0.230393 0.205234 0.23672 0.846553
0 0.520906 0.232933 0.199979 0.230887 0.838916
0 0.523861 0.230919 0.202317 0.234313 0.845121
0 0.524364 0.230022 0.203107 0.234405 0.850708
0 0.527276 0.230629 0.203217 0.233162 0.836576
0 0.524156 0.230941 0.202799 0.234015 0.844458
0 0.524595 0.231242 0.20371 0.234199 0.840562
0 0.523886 0.230831 0.204229 0.235015 0.851079
0 0.523297 0.23134 0.203076 0.234071 0.836282
0 0.525353 0.230973 0.20413 0.234751 0.843061
0 0.523894 0.230825 0.204219 0.235011 0.850894
