0 0.555398 0.352699 0.184931 0.206964 0.702028
0 0.574253 0.291069 0.317749 0.406313 0.667077
0 0.580221 0.300996 0.29651 0.352345 0.686179
0 0.584973 0.336116 0.217871 0.242794 0.653398
0 0.570039 0.327904 0.234748 0.265324 0.704331
0 0.575428 0.343537 0.21843 0.228558 0.671366
0 0.577594 0.331256 0.223182 0.268525 0.753116
0 0.566352 0.279253 0.340167 0.400704 0.62294
0 0.569913 0.330112 0.222648 0.252338 0.734861
0 0.575473 0.272949 0.322769 0.380624 0.617935
0 0.572697 0.329683 0.245163 0.273339 0.759953
0 0.576227 0.335328 0.228029 0.256406 0.82927
0 0.571584 0.326693 0.225176 0.25834 0.615546
0 0.572385 0.341744 0.219979 0.241136 0.668403
0 0.573068 0.328036 0.228007 0.253733 0.625248
0 0.57606 0.333626 0.234416 0.249562 0.783354
0 0.578547 0.344559 0.228248 0.239078 0.666913
0 0.574391 0.348115 0.216675 0.230795 0.772928
0 0.572819 0.348781 0.222592 0.236954 0.69352
0 0.578878 0.344497 0.221128 0.228355 0.626388
0 0.58034 0.337137 0.216157 0.242935 0.677641
0 0.574762 0.348057 0.214145 0.219043 0.667791
0 0.577484 0.340005 0.209622 0.230844 0.638772
0 0.578619 0.338283 0.221716 0.233687 0.801906
0 0.573225 0.321713 0.229052 0.269789 0.696124
0 0.577397 0.349508 0.229155 0.215522 0.64279
0 0.575831 0.339022 0.229013 0.252271 0.80049
0 0.572582 0.332868 0.224725 0.256139 0.694621
0 0.578137 0.343524 0.231453 0.236015 0.673271
0 0.576161 0.339276 0.228573 0.238157 0.76307
0 0.577243 0.338903 0.231413 0.252208 0.742626
0 0.577163 0.356333 0.227679 0.214534 0.722598
0 0.57648 0.324399 0.239332 0.266108 0.695422
0 0.579678 0.334491 0.225257 0.243984 0.725819
0 0.571141 0.344061 0.220251 0.243126 0.743145
0 0.571462 0.332718 0.233008 0.261265 0.717443
0 0.579183 0.342482 0.237181 0.245157 0.762214
0 0.412821 0.649395 0.344388 0.395152 0.604046
0 0.578921 0.336483 0.225898 0.253529 0.692379
0 0.574902 0.338596 0.223958 0.247577 0.831811
0 0.578129 0.332372 0.236508 0.251845 0.746303
0 0.577013 0.334287 0.229447 0.254241 0.799684
0 0.573534 0.341795 0.229611 0.25322 0.783956
0 0.577211 0.34947 0.237673 0.235324 0.78331
0 0.577904 0.344786 0.239141 0.229322 0.635533
0 0.575446 0.335133 0.243647 0.255221 0.777391
0 0.572732 0.341035 0.232801 0.241403 0.767522
0 0.575077 0.343714 0.231961 0.230489 0.666824
0 0.575079 0.334106 0.232991 0.250882 0.783806
0 0.571734 0.350949 0.216528 0.232972 0.769641
0 0.572219 0.343479 0.228452 0.231405 0.767242
0 0.574993 0.3471 0.230426 0.229482 0.776301
0 0.573467 0.339198 0.231087 0.242784 0.84542
0 0.577609 0.34349 0.23395 0.237805 0.760903
0 0.574809 0.349786 0.243265 0.222287 0.749263
0 0.574673 0.343044 0.235789 0.226699 0.73506
0 0.574095 0.337533 0.231944 0.242715 0.85132
0 0.579882 0.336862 0.226902 0.24252 0.834991
0 0.575531 0.34307 0.239225 0.232303 0.825054
0 0.579745 0.339562 0.241213 0.234138 0.794535
0 0.576153 0.339764 0.240439 0.242325 0.837561
0 0.571203 0.344986 0.236495 0.231342 0.787592
0 0.572189 0.339195 0.235556 0.246476 0.821137
0 0.576989 0.332767 0.232679 0.25097 0.809263
0 0.574705 0.337763 0.235926 0.242657 0.810056
0 0.575846 0.339825 0.233706 0.235021 0.804706
0 0.575721 0.337829 0.231885 0.235705 0.831983
0 0.573838 0.3369 0.234521 0.245911 0.825138
0 0.575665 0.340716 0.236853 0.238636 0.824399
0 0.574206 0.343041 0.234862 0.233211 0.80425
0 0.573203 0.339167 0.233812 0.240893 0.827674
0 0.576647 0.336725 0.237324 0.24574 0.814523
0 0.576636 0.342896 0.240218 0.232388 0.811204
0 0.576592 0.338626 0.240274 0.241721 0.822966
0 0.577665 0.336935 0.240777 0.245327 0.782426
0 0.578406 0.340744 0.238054 0.239555 0.824252
0 0.576054 0.339824 0.23856 0.240063 0.810281
0 0.576981 0.340813 0.238306 0.237968 0.8207
0 0.576002 0.340176 0.237913 0.238549 0.79752
0 0.577414 0.338962 0.239382 0.241836 0.810486
0 0.576979 0.340822 0.238296 0.237931 0.820572
