0 0.490085 0.32615 0.244845 0.272689 0.894421
0 0.497028 0.25824 0.196623 0.216049 0.633755
0 0.459021 0.312644 0.329963 0.354639 0.628893
0 0.50275 0.318311 0.234638 0.290558 0.711124
0 0.494469 0.324669 0.253927 0.305218 0.788747
0 0.490707 0.318956 0.267541 0.317685 0.757025
0 0.492047 0.32389 0.255381 0.301554 0.77851
0 0.497283 0.32579 0.249415 0.291671 0.848418
0 0.481095 0.314909 0.267309 0.338009 0.670109
0 0.493406 0.320821 0.263475 0.314384 0.769193
0 0.4965 0.318273 0.261633 0.314634 0.830115
0 0.487365 0.31769 0.279328 0.317866 0.772551
0 0.489118 0.316442 0.278256 0.31172 0.717965
0 0.496792 0.320282 0.269745 0.316743 0.694607
0 0.496417 0.32081 0.274103 0.313124 0.800553
0 0.493199 0.319878 0.274131 0.316234 0.868492
0 0.49644 0.313178 0.264673 0.308641 0.81875
0 0.489609 0.311121 0.287442 0.329421 0.830088
0 0.493147 0.316977 0.279059 0.323113 0.856031
0 0.486745 0.308948 0.301026 0.339562 0.718499
0 0.494965 0.309979 0.279884 0.323283 0.814838
0 0.498833 0.316778 0.263769 0.308072 0.831917
0 0.499988 0.326342 0.272867 0.316661 0.848218
0 0.484318 0.30973 0.304158 0.350886 0.727943
0 0.498213 0.318767 0.278434 0.320386 0.914614
0 0.505979 0.320731 0.277648 0.313845 0.858644
0 0.499718 0.320177 0.276708 0.33017 0.867109
0 0.501971 0.311796 0.286848 0.332452 0.729564
0 0.491209 0.307227 0.279344 0.321885 0.697736
0 0.508331 0.309475 0.289666 0.333122 0.775805
0 0.497675 0.31016 0.284325 0.328651 0.866726
0 0.497282 0.310014 0.286807 0.327746 0.781017
0 0.499347 0.314894 0.278214 0.324838 0.863971
0 0.476371 0.312465 0.29507 0.336239 0.732487
0 0.5135 0.316208 0.278503 0.322163 0.738088
0 0.501634 0.305607 0.295904 0.334964 0.777158
0 0.503276 0.315289 0.276707 0.316791 0.787237
0 0.511266 0.315077 0.27461 0.317956 0.818249
0 0.508716 0.312424 0.278357 0.321117 0.816122
0 0.505672 0.313245 0.286981 0.319873 0.809486
0 0.495025 0.301762 0.29506 0.337538 0.820377
0 0.507606 0.310491 0.284935 0.331664 0.850403
0 0.510216 0.310834 0.294402 0.331701 0.779492
0 0.50928 0.313464 0.282263 0.32173 0.828807
0 0.498916 0.30715 0.281475 0.321657 0.816743
0 0.493432 0.309165 0.276495 0.320963 0.830654
0 0.4894 0.30576 0.292622 0.337311 0.815507
0 0.501697 0.316858 0.270736 0.318423 0.794048
0 0.496909 0.309446 0.28833 0.32768 0.825088
0 0.499855 0.305952 0.287595 0.327019 0.772104
0 0.501611 0.309416 0.289748 0.331288 0.825258
0 0.494659 0.311225 0.29663 0.34343 0.786883
0 0.512362 0.313938 0.283341 0.33086 0.825983
0 0.513695 0.313514 0.281827 0.328743 0.786229
0 0.503598 0.30951 0.289915 0.326452 0.803766
0 0.498209 0.312484 0.284543 0.327486 0.807335
0 0.512787 0.317151 0.279681 0.334854 0.803542
0 0.502015 0.31024 0.287353 0.329157 0.81943
0 0.508199 0.313821 0.270835 0.319433 0.829675
0 0.504521 0.309707 0.280761 0.330094 0.8355
0 0.510637 0.315288 0.284653 0.326741 0.836381
0 0.503722 0.315987 0.281004 0.324612 0.819894
0 0.488242 0.312215 0.283473 0.324311 0.835694
0 0.501788 0.314845 0.288869 0.328369 0.823852
0 0.51481 0.313792 0.285833 0.335671 0.825083
0 0.501382 0.313607 0.283105 0.328237 0.801336
0 0.513853 0.312857 0.290262 0.331976 0.845928
0 0.497423 0.315516 0.275075 0.324708 0.78189
0 0.503617 0.315882 0.274306 0.322144 0.812359
0 0.491826 0.310407 0.289766 0.330764 0.790386
0 0.503012 0.314475 0.290413 0.330125 0.829987
0 0.484999 0.309556 0.293005 0.331029 0.789208
0 0.494871 0.312787 0.279886 0.325308 0.785959
0 0.500253 0.312584 0.280348 0.320586 0.823053
0 0.506682 0.308999 0.291181 0.334572 0.835768
0 0.493848 0.307595 0.285284 0.327409 0.831687
0 0.4954 0.308594 0.286865 0.327577 0.806125
0 0.497953 0.30865 0.289357 0.326867 0.824459
0 0.503433 0.312433 0.283162 0.325862 0.837875
0 0.507716 0.31698 0.276948 0.321961 0.822312
0 0.50263 0.312681 0.289955 0.331318 0.833622
0 0.508778 0.31061 0.280835 0.327701 0.828473
0 0.508416 0.311809 0.277514 0.321159 0.830208
0 0.496762 0.310518 0.283965 0.3263 0.823444
0 0.500243 0.308752 0.289598 0.329655 0.832714
0 0.507749 0.312118 0.287097 0.329074 0.834601
0 0.494991 0.313023 0.283059 0.321776 0.854238
0 0.504336 0.314773 0.282451 0.327244 0.850432
0 0.506193 0.310787 0.286923 0.331029 0.827627
0 0.491878 0.309832 0.276289 0.325243 0.824104
0 0.505876 0.311104 0.282099 0.333419 0.835289
0 0.496621 0.311371 0.285126 0.327501 0.83902
0 0.512007 0.312163 0.280315 0.331422 0.842383
0 0.500727 0.310022 0.288405 0.326498 0.853592
0 0.504208 0.312654 0.281091 0.331645 0.847974
0 0.49647 0.3102 0.289835 0.331199 0.840732
0 0.498544 0.311293 0.281809 0.32314 0.837208
0 0.498051 0.309806 0.289578 0.332021 0.840516
0 0.496449 0.310201 0.289841 0.331199 0.840411
