0 0.261836 0.117122 0.138059 0.170295 0.831971
0 0.743773 0.129493 0.144015 0.17293 0.664363
0 0.255701 0.121839 0.105807 0.130604 0.763122
0 0.257957 0.12407 0.10707 0.123036 0.900641
0 0.747923 0.132482 0.096856 0.114613 0.670215
0 0.257524 0.126149 0.0969447 0.121191 0.884381
0 0.747115 0.13324 0.0909548 0.116351 0.80287
0 0.255297 0.118858 0.11242 0.144052 0.943232
0 0.744609 0.129434 0.111038 0.139963 0.870073
0 0.256641 0.123106 0.111641 0.13409 0.971651
0 0.745544 0.130646 0.100398 0.123577 0.872967
0 0.2597 0.120382 0.106722 0.131872 0.910464
0 0.744406 0.127101 0.101482 0.123346 0.82457
0 0.260961 0.119176 0.117147 0.139191 0.911016
0 0.744947 0.128039 0.104084 0.133204 0.896916
0 0.74637 0.126661 0.104184 0.122312 0.795481
0 0.255679 0.118779 0.113936 0.126254 0.760842
0 0.747355 0.12835 0.0967097 0.11943 0.833649
0 0.258794 0.120185 0.107649 0.129938 0.830842
0 0.25513 0.120526 0.113497 0.126356 0.887083
0 0.747626 0.130289 0.110929 0.127345 0.856704
0 0.252708 0.123025 0.105315 0.125491 0.774711
0 0.742118 0.130056 0.102701 0.122652 0.746001
0 0.745869 0.128569 0.111315 0.133121 0.746294
0 0.25811 0.121199 0.118081 0.139411 0.659801
0 0.748157 0.129255 0.118779 0.136421 0.817275
0 0.258174 0.120685 0.115946 0.132718 0.8086
0 0.746131 0.130507 0.104067 0.123345 0.8358
0 0.255836 0.117948 0.104724 0.123772 0.821452
0 0.257036 0.122663 0.115953 0.129654 0.786241
0 0.746552 0.129599 0.111279 0.131932 0.771003
0 0.258117 0.12009 0.11368 0.132147 0.792341
0 0.748194 0.129572 0.106753 0.12114 0.7353
0 0.74964 0.127573 0.104141 0.126559 0.881441
0 0.262821 0.118947 0.118473 0.136493 0.852108
0 0.258965 0.119183 0.115964 0.136985 0.795212
0 0.747007 0.128023 0.105952 0.124679 0.783345
0 0.747472 0.125764 0.114224 0.131894 0.680686
0 0.260787 0.120592 0.121975 0.137493 0.609515
0 0.261036 0.12317 0.115883 0.133447 0.768505
0 0.748039 0.131093 0.108702 0.125917 0.744856
0 0.747473 0.129915 0.115076 0.132419 0.917712
0 0.258396 0.123357 0.118935 0.133262 0.872634
0 0.746243 0.128782 0.108044 0.126129 0.846129
0 0.257697 0.121623 0.116871 0.13228 0.809615
0 0.256279 0.120359 0.112006 0.132049 0.843824
0 0.747855 0.127901 0.109058 0.127722 0.840048
0 0.747245 0.128556 0.106804 0.124707 0.81732
0 0.259514 0.12212 0.117598 0.134994 0.813968
0 0.258698 0.120773 0.116029 0.137476 0.846081
0 0.745994 0.127971 0.101258 0.119792 0.804811
0 0.743908 0.129374 0.108261 0.127785 0.879439
0 0.2564 0.120498 0.11555 0.131877 0.86929
0 0.746339 0.13078 0.103412 0.120301 0.843567
0 0.260021 0.124879 0.111339 0.126976 0.832856
0 0.259103 0.122728 0.109549 0.127566 0.83788
0 0.746629 0.128359 0.102124 0.12041 0.834634
0 0.262052 0.120609 0.115071 0.13403 0.745205
0 0.748888 0.128947 0.109675 0.125411 0.732442
0 0.748391 0.129277 0.113007 0.127464 0.857768
0 0.26029 0.121701 0.115237 0.132839 0.807016
0 0.747345 0.126829 0.105269 0.125088 0.85987
0 0.258866 0.122101 0.112318 0.134127 0.822171
0 0.746661 0.130696 0.11283 0.126739 0.875793
0 0.257452 0.125054 0.117519 0.135376 0.830603
0 0.748666 0.132152 0.114516 0.129643 0.861984
0 0.260629 0.123631 0.114553 0.131484 0.823588
0 0.749934 0.128415 0.110806 0.129005 0.800098
0 0.261772 0.120233 0.115154 0.134041 0.752174
0 0.745359 0.129025 0.112274 0.127682 0.727184
0 0.259921 0.122664 0.114987 0.131486 0.705923
0 0.74588 0.130426 0.111377 0.12791 0.874608
0 0.25872 0.126627 0.113748 0.131421 0.829796
0 0.747986 0.130264 0.108099 0.121081 0.820235
0 0.258735 0.122565 0.114971 0.132346 0.810791
0 0.748091 0.135252 0.106064 0.126687 0.725942
0 0.260194 0.124779 0.114864 0.133961 0.718753
0 0.747642 0.129232 0.105022 0.12337 0.820145
0 0.259256 0.123686 0.11206 0.128932 0.803135
0 0.74706 0.130424 0.104442 0.124226 0.760765
0 0.259948 0.12205 0.11215 0.132103 0.748756
0 0.748985 0.12918 0.112043 0.130982 0.789877
0 0.259676 0.120503 0.119275 0.136399 0.768416
0 0.746815 0.12826 0.108865 0.126674 0.868293
0 0.258788 0.121581 0.118178 0.137089 0.798603
0 0.750428 0.131098 0.108758 0.129678 0.85034
0 0.260714 0.12168 0.113369 0.133289 0.800332
0 0.748541 0.129334 0.106832 0.125926 0.870604
0 0.261433 0.121264 0.117379 0.13541 0.811542
0 0.744921 0.1288 0.109685 0.128346 0.838641
0 0.257729 0.120402 0.11575 0.135385 0.810725
0 0.747559 0.131423 0.103485 0.121833 0.841646
0 0.257893 0.123634 0.113528 0.130944 0.832572
0 0.749238 0.12909 0.109376 0.127068 0.857669
0 0.258692 0.122552 0.116845 0.134442 0.833589
0 0.746849 0.132278 0.106791 0.123856 0.764431
0 0.257548 0.122205 0.116438 0.136566 0.75904
0 0.751201 0.128311 0.112173 0.129305 0.768401
0 0.262184 0.123164 0.121296 0.138293 0.756768
0 0.747315 0.130194 0.109422 0.125965 0.81585
0 0.259652 0.12439 0.115616 0.131297 0.788737
0 0.259444 0.120968 0.114984 0.134575 0.820251
0 0.747827 0.12967 0.108867 0.128998 0.806707
0 0.259476 0.121827 0.112833 0.132089 0.811956
0 0.748868 0.130971 0.106018 0.126574 0.80486
0 0.749776 0.131049 0.105995 0.126226 0.820473
0 0.261329 0.124141 0.115743 0.131208 0.815403
0 0.749499 0.127348 0.111071 0.126375 0.828268
0 0.261574 0.122769 0.115685 0.131027 0.822695
0 0.747773 0.130172 0.110698 0.131009 0.78752
0 0.260452 0.120868 0.115576 0.135241 0.773095
0 0.749851 0.129455 0.10729 0.125111 0.801794
0 0.261695 0.124149 0.112996 0.131114 0.799264
0 0.749843 0.130877 0.10852 0.127479 0.784534
0 0.261133 0.120539 0.116628 0.137431 0.768494
0 0.749474 0.129592 0.111776 0.129749 0.776887
0 0.26175 0.12151 0.117435 0.135223 0.728037
0 0.750992 0.129441 0.110439 0.128137 0.810533
0 0.262769 0.120161 0.117468 0.135807 0.770953
0 0.748189 0.130555 0.106466 0.12597 0.888576
0 0.259947 0.123741 0.114711 0.133908 0.841866
0 0.7498 0.129261 0.107815 0.125499 0.812973
0 0.261081 0.120875 0.114919 0.133251 0.777533
0 0.750462 0.13008 0.108534 0.126148 0.785922
0 0.259922 0.121939 0.116084 0.133575 0.721092
0 0.748583 0.128912 0.107052 0.126541 0.903907
0 0.261111 0.122617 0.114254 0.133033 0.85955
0 0.749265 0.130402 0.108063 0.126341 0.858359
0 0.260181 0.123274 0.112826 0.129744 0.794894
0 0.749072 0.13039 0.103386 0.123472 0.845045
0 0.259518 0.12376 0.112434 0.130533 0.817806
0 0.749177 0.131492 0.109662 0.129215 0.842438
0 0.26052 0.124512 0.114402 0.131369 0.788735
0 0.749457 0.130614 0.105157 0.127606 0.866833
0 0.260373 0.121807 0.112057 0.1317 0.825112
0 0.74791 0.130401 0.110405 0.128302 0.875928
0 0.262301 0.121593 0.114824 0.133674 0.835845
0 0.748042 0.131144 0.108463 0.128355 0.861988
0 0.260345 0.122378 0.11471 0.133587 0.813114
0 0.748925 0.13174 0.110412 0.128684 0.881408
0 0.261176 0.120861 0.115542 0.135356 0.838332
0 0.748107 0.130549 0.109534 0.125956 0.822017
0 0.261821 0.121979 0.115079 0.132392 0.768835
0 0.749259 0.130848 0.106824 0.124542 0.853318
0 0.260712 0.124466 0.113655 0.130535 0.810502
0 0.75024 0.129333 0.110031 0.127894 0.835677
0 0.260155 0.122395 0.115472 0.133567 0.786329
0 0.748194 0.131221 0.107667 0.12541 0.869743
0 0.259792 0.122575 0.113716 0.132005 0.819331
0 0.74767 0.130844 0.106741 0.123866 0.856993
0 0.259323 0.122406 0.113148 0.131824 0.814947
0 0.748452 0.129402 0.108347 0.12526 0.845468
0 0.26089 0.119989 0.117013 0.137265 0.802686
0 0.748116 0.130321 0.10582 0.123549 0.793516
0 0.259217 0.122067 0.113068 0.132834 0.767986
0 0.748155 0.131404 0.109653 0.127095 0.870996
0 0.260147 0.122964 0.118014 0.134627 0.84042
0 0.746902 0.131083 0.109608 0.128425 0.78641
0 0.259305 0.119957 0.118557 0.138299 0.741191
0 0.74896 0.133036 0.106069 0.124933 0.868884
0 0.26106 0.122726 0.112442 0.130906 0.835159
0 0.747212 0.130855 0.107571 0.126752 0.823127
0 0.259777 0.121252 0.113219 0.132459 0.785164
0 0.747684 0.130618 0.10816 0.127067 0.84837
0 0.2612 0.121917 0.114023 0.132049 0.806935
0 0.74835 0.131695 0.106823 0.125744 0.82066
0 0.261067 0.122214 0.113535 0.131449 0.800867
0 0.747098 0.1306 0.107815 0.12589 0.877325
0 0.259987 0.122488 0.114576 0.13302 0.839995
0 0.747594 0.129827 0.107228 0.125157 0.862237
0 0.259635 0.122925 0.112864 0.130897 0.823426
0 0.747515 0.130025 0.106936 0.124879 0.863403
0 0.260843 0.121803 0.113276 0.131503 0.832552
0 0.74745 0.129566 0.106301 0.124643 0.823149
0 0.261543 0.120548 0.113911 0.132782 0.802166
0 0.74822 0.129481 0.106331 0.124635 0.826066
0 0.260498 0.122269 0.112813 0.13142 0.784773
0 0.746873 0.130808 0.107542 0.126717 0.837394
0 0.259569 0.122777 0.112679 0.13174 0.799705
0 0.747576 0.12957 0.111065 0.128746 0.865098
0 0.260774 0.121702 0.114521 0.133825 0.829462
0 0.748309 0.129519 0.109161 0.127441 0.865867
0 0.260753 0.12208 0.113274 0.132015 0.836177
0 0.748501 0.129563 0.108553 0.126827 0.847844
0 0.26118 0.122119 0.113012 0.131984 0.814747
0 0.746998 0.129905 0.10755 0.125211 0.863431
0 0.259322 0.122981 0.111664 0.13 0.84207
0 0.747327 0.12969 0.108954 0.127305 0.858665
0 0.259708 0.12281 0.112102 0.131225 0.833862
0 0.747635 0.129698 0.108853 0.127441 0.868301
0 0.25986 0.122754 0.112437 0.131156 0.847567
0 0.747144 0.12928 0.106954 0.125543 0.845598
0 0.259327 0.122673 0.1113 0.130132 0.819804
0 0.74752 0.129655 0.107606 0.125985 0.858907
0 0.259824 0.122859 0.111953 0.13052 0.834984
0 0.747636 0.129698 0.108856 0.127446 0.868034
0 0.259858 0.122747 0.112434 0.131174 0.847297
