0 0.378091 0.544515 0.548764 0.647254 0.670366
0 0.714075 0.57113 0.57185 0.659715 0.60165
0 0.368658 0.55622 0.62778 0.690417 0.680324
0 0.733282 0.610484 0.533435 0.604173 0.62279
0 0.382545 0.545555 0.506196 0.63473 0.660412
0 0.379385 0.54309 0.565774 0.653632 0.701339
0 0.411982 0.524424 0.592238 0.652269 0.616404
0 0.406665 0.535137 0.578884 0.660525 0.658631
0 0.362743 0.550409 0.652799 0.686607 0.66982
0 0.328871 0.503317 0.657743 0.735399 0.620535
0 0.394063 0.54161 0.545467 0.650739 0.642043
0 0.37913 0.543102 0.540219 0.644592 0.689227
0 0.380169 0.553653 0.557167 0.648194 0.807714
0 0.762875 0.574289 0.47425 0.538912 0.743484
0 0.365733 0.535076 0.550025 0.660087 0.741355
0 0.730768 0.604519 0.471201 0.603845 0.631397
0 0.382475 0.53944 0.550103 0.640629 0.711574
0 0.754689 0.567876 0.462356 0.542976 0.705321
0 0.340246 0.537359 0.641494 0.657285 0.613328
0 0.746231 0.584329 0.459807 0.589906 0.672698
0 0.396377 0.540765 0.545283 0.676666 0.648164
0 0.372611 0.555385 0.657163 0.753588 0.653315
0 0.743666 0.573724 0.461087 0.596114 0.625427
0 0.752209 0.579488 0.474245 0.5918 0.678104
0 0.364004 0.530374 0.707489 0.769724 0.656374
0 0.402577 0.530795 0.747804 0.730035 0.644897
0 0.730987 0.579188 0.489223 0.596631 0.62169
0 0.371058 0.536482 0.604752 0.658096 0.718124
0 0.758221 0.559021 0.461159 0.567304 0.642621
0 0.406971 0.545904 0.813942 0.733798 0.605777
0 0.367139 0.543232 0.568105 0.665923 0.799761
0 0.729407 0.586149 0.475522 0.589308 0.715514
0 0.369673 0.534416 0.572361 0.664891 0.718949
0 0.369344 0.542162 0.622217 0.691727 0.716975
0 0.739716 0.5808 0.474122 0.604953 0.673746
0 0.392235 0.527784 0.737661 0.773731 0.735329
0 0.731592 0.582351 0.461976 0.558304 0.728914
0 0.384491 0.53498 0.563235 0.685907 0.630124
0 0.397322 0.556585 0.733222 0.757368 0.719276
0 0.378979 0.531546 0.621994 0.679213 0.704652
0 0.739758 0.590271 0.471704 0.592286 0.606357
0 0.383476 0.521451 0.658538 0.689181 0.670001
0 0.737905 0.569768 0.459917 0.571909 0.645548
0 0.382424 0.531446 0.617368 0.67568 0.628815
0 0.375515 0.518701 0.64221 0.683436 0.709041
0 0.74335 0.573787 0.457203 0.564827 0.691293
0 0.397339 0.506488 0.744516 0.819286 0.613164
0 0.73247 0.579336 0.472115 0.588953 0.72499
0 0.360004 0.526398 0.675495 0.708453 0.632245
0 0.38225 0.526698 0.588934 0.66144 0.78017
0 0.752226 0.557902 0.454942 0.552178 0.735702
0 0.359408 0.518373 0.634422 0.669581 0.647933
0 0.745454 0.566908 0.441933 0.55332 0.628609
0 0.385679 0.52792 0.606424 0.678805 0.618465
0 0.381425 0.54992 0.577467 0.676924 0.67359
0 0.747041 0.570084 0.431243 0.533177 0.734378
0 0.371784 0.532609 0.593001 0.693669 0.692526
0 0.371009 0.528404 0.60946 0.65567 0.696177
0 0.738872 0.569043 0.459741 0.55855 0.6792
0 0.380848 0.546675 0.723876 0.728301 0.678026
0 0.739994 0.579172 0.46753 0.577306 0.673366
0 0.350245 0.547017 0.681946 0.734316 0.68813
0 0.383498 0.541707 0.59548 0.676444 0.623383
0 0.37349 0.529334 0.648252 0.709419 0.601664
0 0.368535 0.515963 0.637384 0.671555 0.640453
0 0.370649 0.527443 0.621899 0.680593 0.640067
0 0.371933 0.50431 0.743865 0.738416 0.691603
0 0.747581 0.571884 0.474499 0.592958 0.668379
0 0.374856 0.519915 0.709813 0.791537 0.644507
0 0.377933 0.538978 0.585572 0.663362 0.738794
0 0.739554 0.577675 0.455391 0.569199 0.699553
0 0.37966 0.551246 0.564679 0.653565 0.745105
0 0.743386 0.587297 0.451827 0.56772 0.649257
0 0.372711 0.529004 0.604448 0.675883 0.707381
0 0.750769 0.567177 0.463283 0.560543 0.700483
0 0.375882 0.532161 0.583705 0.665321 0.674877
0 0.376448 0.526509 0.600607 0.682323 0.631657
0 0.392786 0.516182 0.597614 0.692042 0.700536
0 0.744986 0.579648 0.458317 0.567977 0.636496
0 0.385076 0.533637 0.705236 0.737618 0.688196
0 0.378318 0.533202 0.689215 0.730234 0.676148
0 0.383871 0.530278 0.597091 0.684679 0.704109
0 0.399515 0.54186 0.684579 0.731127 0.727422
0 0.375487 0.527861 0.597096 0.6752 0.718221
0 0.740871 0.576578 0.457883 0.55136 0.65812
0 0.740888 0.582125 0.458012 0.558483 0.733286
0 0.376057 0.528785 0.595459 0.691388 0.724602
0 0.371675 0.538845 0.628662 0.674315 0.731548
0 0.742008 0.583447 0.455792 0.560196 0.600795
0 0.363919 0.542624 0.652802 0.689636 0.726487
0 0.376233 0.537505 0.646824 0.680831 0.722075
0 0.741864 0.578256 0.455059 0.549185 0.611969
0 0.360467 0.536467 0.627221 0.672222 0.756717
0 0.736885 0.586326 0.467631 0.563556 0.607968
0 0.361062 0.53796 0.629551 0.686483 0.739423
0 0.361523 0.53467 0.622601 0.67988 0.77141
0 0.367135 0.541382 0.628064 0.682153 0.770345
0 0.366846 0.53739 0.622752 0.679634 0.766751
0 0.741479 0.577118 0.454742 0.55298 0.635056
0 0.361488 0.534681 0.622503 0.679803 0.771693
