0 0.503145 0.561806 0.233971 0.272858 0.833075
0 0.50139 0.556413 0.21576 0.246002 0.936049
0 0.504222 0.580694 0.259181 0.289051 0.799159
0 0.634287 0.260592 0.22301 0.257016 0.736153
0 0.517393 0.562466 0.240472 0.278972 0.658823
0 0.528475 0.563013 0.276427 0.324215 0.677059
0 0.496666 0.562014 0.244689 0.28009 0.655768
0 0.508674 0.561424 0.246098 0.283193 0.766452
0 0.505805 0.568655 0.225086 0.275635 0.872491
0 0.51034 0.56118 0.245644 0.283696 0.818089
0 0.515464 0.569803 0.244773 0.295304 0.816941
0 0.507823 0.568512 0.235353 0.270105 0.7208
0 0.503946 0.566654 0.237795 0.28675 0.85946
0 0.512546 0.566652 0.239405 0.274184 0.928328
0 0.504438 0.559772 0.255327 0.299349 0.833817
0 0.503379 0.565102 0.25541 0.28679 0.755505
0 0.510993 0.566521 0.244413 0.283591 0.771936
0 0.504184 0.567658 0.24091 0.282554 0.788162
0 0.504908 0.567377 0.250231 0.291997 0.874822
0 0.500224 0.569168 0.238589 0.2856 0.801714
0 0.506144 0.561687 0.246623 0.293667 0.884585
0 0.503925 0.569652 0.244962 0.290912 0.730209
0 0.500951 0.565306 0.256864 0.300105 0.69147
0 0.503659 0.566282 0.26224 0.305987 0.807724
0 0.507734 0.569091 0.235099 0.275922 0.846234
0 0.501046 0.57852 0.246974 0.299496 0.798781
0 0.504136 0.568068 0.245681 0.280284 0.864093
0 0.507875 0.568937 0.243686 0.293178 0.907954
0 0.505506 0.570822 0.256668 0.297217 0.821024
0 0.503542 0.574516 0.245763 0.291328 0.853316
0 0.501869 0.56781 0.242082 0.290584 0.759823
0 0.510292 0.572176 0.247074 0.279897 0.762925
0 0.506364 0.565386 0.261683 0.309185 0.747303
0 0.507301 0.567576 0.259074 0.301692 0.822148
0 0.503678 0.565759 0.257118 0.296088 0.798546
0 0.500016 0.569593 0.249082 0.291995 0.845281
0 0.497194 0.57271 0.267055 0.30392 0.713925
0 0.505774 0.572995 0.25626 0.302851 0.708107
0 0.50087 0.566542 0.264466 0.30727 0.682146
0 0.505634 0.573991 0.241451 0.277796 0.810364
0 0.508261 0.572252 0.25276 0.301492 0.848911
0 0.505091 0.571522 0.253886 0.294368 0.811707
0 0.504736 0.571334 0.254821 0.301113 0.819009
0 0.497279 0.562922 0.251232 0.303914 0.837469
0 0.502934 0.569657 0.249385 0.295842 0.835492
0 0.501512 0.571318 0.250899 0.293746 0.809222
0 0.508711 0.571962 0.250239 0.293191 0.804428
0 0.504368 0.570556 0.249968 0.293125 0.824265
0 0.502951 0.570529 0.244337 0.28622 0.8639
0 0.500919 0.574398 0.257668 0.298088 0.88213
0 0.506445 0.580304 0.253025 0.295412 0.837761
0 0.503895 0.579815 0.250892 0.291397 0.863323
0 0.503352 0.569442 0.258691 0.296533 0.784502
0 0.496058 0.57692 0.25876 0.30109 0.801234
0 0.500349 0.576076 0.26188 0.298426 0.851068
0 0.500719 0.574227 0.254863 0.29848 0.836344
0 0.508844 0.573336 0.251308 0.29823 0.776858
0 0.511473 0.575695 0.250878 0.294197 0.802085
0 0.50516 0.572225 0.255703 0.302974 0.844899
0 0.505997 0.570802 0.248531 0.296603 0.794724
0 0.506806 0.574745 0.250225 0.292854 0.786992
0 0.506289 0.56955 0.25205 0.299705 0.752272
0 0.50093 0.569157 0.261192 0.31213 0.768593
0 0.502733 0.575473 0.261567 0.309583 0.83047
0 0.504256 0.575652 0.252489 0.300492 0.81496
0 0.505189 0.574374 0.253389 0.296532 0.75049
0 0.503031 0.57342 0.258111 0.306006 0.818336
0 0.505881 0.574737 0.252733 0.296699 0.807894
0 0.506197 0.57596 0.252015 0.296562 0.804015
0 0.505452 0.573557 0.252224 0.300669 0.774266
0 0.504472 0.573321 0.252685 0.301365 0.794702
0 0.50399 0.57446 0.25185 0.299974 0.823684
0 0.503439 0.576801 0.254358 0.301538 0.822399
0 0.510673 0.570871 0.257055 0.301899 0.78766
0 0.50272 0.578522 0.257033 0.303325 0.815726
0 0.505739 0.575612 0.256032 0.301456 0.761425
0 0.507128 0.575471 0.250035 0.297307 0.785875
0 0.509688 0.573562 0.253883 0.299795 0.826371
0 0.506454 0.575489 0.259085 0.303958 0.821158
0 0.501618 0.571435 0.263775 0.308596 0.824743
0 0.506402 0.569581 0.262869 0.307897 0.8126
0 0.506726 0.572401 0.25657 0.305407 0.82477
0 0.503438 0.572852 0.257103 0.302595 0.78734
0 0.505715 0.574099 0.260129 0.307155 0.809672
0 0.503521 0.573299 0.252093 0.299986 0.818508
0 0.506185 0.57428 0.26156 0.303538 0.795474
0 0.501921 0.574831 0.253934 0.297932 0.800042
0 0.504548 0.573758 0.24991 0.291928 0.822666
0 0.504797 0.575287 0.2506 0.297136 0.824886
0 0.50347 0.576256 0.253552 0.296538 0.829311
0 0.504817 0.576488 0.255788 0.29877 0.798222
0 0.505109 0.572731 0.255887 0.296915 0.819256
0 0.504298 0.574784 0.256372 0.299238 0.823545
0 0.503411 0.574866 0.256926 0.297233 0.820648
0 0.503729 0.575493 0.254473 0.295757 0.829562
0 0.50541 0.574301 0.257772 0.298693 0.805242
0 0.504149 0.576326 0.254489 0.29493 0.826396
0 0.504293 0.574819 0.258197 0.29869 0.815114
0 0.503678 0.575082 0.255332 0.296355 0.827559
0 0.504684 0.576079 0.256453 0.301411 0.82372
0 0.505599 0.575216 0.257013 0.302219 0.828086
0 0.503671 0.575072 0.255335 0.296348 0.827359
