0 0.379407 0.481847 0.399946 0.423928 0.689186
0 0.487458 0.453932 0.355121 0.428384 0.626113
0 0.467908 0.44381 0.297944 0.350166 0.732149
0 0.482894 0.447581 0.304525 0.345691 0.695427
0 0.477204 0.44352 0.333912 0.380215 0.684755
0 0.461077 0.452531 0.279292 0.338249 0.734207
0 0.478421 0.446141 0.344726 0.380013 0.727726
0 0.478915 0.450253 0.350318 0.384759 0.679098
0 0.481919 0.449721 0.332213 0.382145 0.753398
0 0.46754 0.447361 0.311439 0.353653 0.668218
0 0.480026 0.45365 0.343118 0.390979 0.734643
0 0.475355 0.443414 0.341654 0.371042 0.76272
0 0.476402 0.439796 0.314925 0.362414 0.740452
0 0.473305 0.455607 0.353361 0.382019 0.836668
0 0.488678 0.444463 0.343341 0.384029 0.807732
0 0.466192 0.453834 0.360674 0.386414 0.745271
0 0.484021 0.446504 0.320117 0.374123 0.655424
0 0.489382 0.454096 0.321041 0.377721 0.672318
0 0.478512 0.440542 0.358893 0.383989 0.729855
0 0.468748 0.452373 0.330425 0.386305 0.715934
0 0.464372 0.451561 0.333901 0.37044 0.791597
0 0.480263 0.4572 0.315157 0.368862 0.719914
0 0.477499 0.450825 0.33723 0.379937 0.787701
0 0.477141 0.443232 0.328488 0.361355 0.74208
0 0.474301 0.450091 0.333849 0.369965 0.74962
0 0.490478 0.44878 0.323278 0.382786 0.781038
0 0.477792 0.441922 0.328534 0.364454 0.694953
0 0.491571 0.447273 0.320346 0.361247 0.756212
0 0.473119 0.448715 0.326729 0.390013 0.805695
0 0.484154 0.455019 0.318028 0.371434 0.779018
0 0.476831 0.44414 0.310147 0.353057 0.667708
0 0.483355 0.444583 0.311873 0.359731 0.83033
0 0.485616 0.437894 0.325204 0.366043 0.806865
0 0.487781 0.446915 0.302497 0.355261 0.709647
0 0.481368 0.446962 0.322829 0.368357 0.731117
0 0.463736 0.445782 0.330309 0.380912 0.680999
0 0.480767 0.445016 0.351334 0.387057 0.794256
0 0.486297 0.446469 0.34537 0.385632 0.747921
0 0.474259 0.444247 0.32688 0.370182 0.77206
0 0.482664 0.441277 0.352555 0.39633 0.774115
0 0.481648 0.43641 0.341198 0.393202 0.79093
0 0.473446 0.445486 0.329564 0.377496 0.740492
0 0.472868 0.438085 0.3601 0.402753 0.780715
0 0.470217 0.443652 0.342798 0.378822 0.783066
0 0.484144 0.448198 0.33307 0.380913 0.829479
0 0.471589 0.446501 0.327488 0.366462 0.767716
0 0.477293 0.440879 0.342473 0.380109 0.756979
0 0.467509 0.441411 0.328122 0.373826 0.807669
0 0.470049 0.448966 0.318421 0.365981 0.810291
0 0.477314 0.44661 0.32808 0.377291 0.802492
0 0.470375 0.440215 0.339863 0.378834 0.796616
0 0.480864 0.435324 0.335492 0.378736 0.795581
0 0.475892 0.44285 0.316188 0.36258 0.846266
0 0.475863 0.439064 0.329262 0.378959 0.801332
0 0.476373 0.442917 0.33301 0.37117 0.826875
0 0.472285 0.448407 0.332385 0.375006 0.794984
0 0.477868 0.446565 0.327617 0.372686 0.84134
0 0.472464 0.44852 0.318497 0.366631 0.809908
0 0.469038 0.441592 0.347463 0.387603 0.785878
0 0.484527 0.443546 0.315577 0.363731 0.812411
0 0.478632 0.439563 0.348011 0.396426 0.786666
0 0.474741 0.443751 0.332231 0.378498 0.819923
0 0.471647 0.443455 0.328009 0.372465 0.807018
0 0.478062 0.444251 0.327717 0.373093 0.826644
0 0.474765 0.440405 0.33489 0.382299 0.824881
0 0.476288 0.43428 0.338623 0.388015 0.782919
0 0.473158 0.442078 0.328301 0.369982 0.844138
0 0.471505 0.446454 0.327276 0.372915 0.839993
0 0.470361 0.442582 0.32102 0.370739 0.840616
0 0.470487 0.438652 0.33756 0.386975 0.835631
0 0.471268 0.44277 0.327153 0.369989 0.81586
0 0.468255 0.446877 0.324536 0.371557 0.840138
0 0.472391 0.442398 0.329273 0.372144 0.827702
0 0.473149 0.446749 0.325001 0.370697 0.824855
0 0.468574 0.444725 0.332587 0.375393 0.848413
0 0.470739 0.444115 0.326969 0.371918 0.831521
0 0.468266 0.444791 0.328479 0.369134 0.813857
0 0.470884 0.441334 0.319528 0.365219 0.820124
0 0.466357 0.442741 0.321285 0.369635 0.828937
0 0.47742 0.440646 0.322555 0.377171 0.853167
0 0.475201 0.443689 0.320829 0.36878 0.834903
0 0.470129 0.445635 0.323039 0.370535 0.849731
0 0.470057 0.442929 0.322233 0.371216 0.846482
0 0.46701 0.444069 0.323497 0.371101 0.855328
0 0.468142 0.444325 0.321103 0.367753 0.861022
0 0.468349 0.443664 0.321035 0.36848 0.853941
0 0.467003 0.444059 0.323506 0.371101 0.855394
