0 0.461191 0.356534 0.378321 0.39971 0.659499
0 0.451956 0.27758 0.23214 0.276312 0.642161
0 0.424805 0.365604 0.419766 0.452238 0.602109
0 0.486957 0.363167 0.328092 0.446112 0.755773
0 0.458753 0.36348 0.463456 0.57121 0.69137
0 0.467071 0.339437 0.422664 0.517707 0.622475
0 0.48767 0.372852 0.38033 0.503609 0.741359
0 0.461004 0.36077 0.377467 0.470448 0.784946
0 0.458458 0.355115 0.368449 0.461013 0.716447
0 0.476018 0.357619 0.393438 0.473673 0.627594
0 0.47515 0.352531 0.398453 0.503792 0.67961
0 0.483306 0.351841 0.400713 0.483468 0.651613
0 0.490881 0.370811 0.412206 0.500363 0.627602
0 0.468752 0.371718 0.402276 0.475701 0.754921
0 0.477751 0.366771 0.34157 0.436182 0.777038
0 0.472342 0.346598 0.395459 0.476396 0.665239
0 0.47696 0.366913 0.389482 0.466817 0.689142
0 0.475255 0.339613 0.39643 0.469477 0.689689
0 0.472054 0.359262 0.359839 0.431104 0.817559
0 0.469663 0.366039 0.376687 0.44779 0.848253
0 0.452142 0.366531 0.429496 0.517013 0.791763
0 0.461089 0.36105 0.38769 0.455509 0.761417
0 0.475223 0.347203 0.351931 0.418097 0.746457
0 0.480557 0.358617 0.391751 0.462299 0.826062
0 0.47833 0.363879 0.374337 0.449145 0.835466
0 0.469774 0.358788 0.389012 0.456814 0.72022
0 0.475363 0.351373 0.391589 0.453941 0.817506
0 0.485083 0.352538 0.369578 0.440179 0.80456
0 0.469131 0.346943 0.386846 0.46178 0.823311
0 0.468631 0.353293 0.369313 0.440332 0.763241
0 0.472865 0.359066 0.381742 0.455482 0.855207
0 0.462914 0.35261 0.391619 0.470244 0.723033
0 0.481659 0.351007 0.394837 0.473435 0.808251
0 0.473083 0.356949 0.379395 0.465616 0.767794
0 0.467114 0.347851 0.385752 0.438455 0.795433
0 0.465235 0.365471 0.366382 0.431035 0.829346
0 0.471472 0.36033 0.359308 0.433808 0.747408
0 0.479706 0.358898 0.371779 0.439516 0.798971
0 0.466935 0.359402 0.392916 0.46626 0.836174
0 0.471541 0.365348 0.374544 0.436893 0.873732
0 0.474565 0.360097 0.4163 0.479277 0.789343
0 0.471756 0.351317 0.395816 0.475477 0.896307
0 0.476448 0.360055 0.384527 0.46009 0.873594
0 0.467596 0.3635 0.381334 0.461992 0.76488
0 0.479677 0.364509 0.387773 0.461605 0.825546
0 0.4741 0.366391 0.385455 0.453423 0.805004
0 0.47597 0.359859 0.378883 0.445354 0.826134
0 0.478898 0.368875 0.382494 0.453407 0.829091
0 0.470246 0.365947 0.377544 0.452889 0.81181
0 0.473098 0.362045 0.4 0.469232 0.82163
0 0.475297 0.356437 0.390353 0.456091 0.866777
0 0.472984 0.3623 0.377479 0.442568 0.866911
0 0.481841 0.35364 0.395622 0.46002 0.880048
0 0.476177 0.356353 0.385713 0.456476 0.868135
0 0.468079 0.365171 0.394089 0.468792 0.879135
0 0.464698 0.364316 0.395442 0.455645 0.811185
0 0.475679 0.358067 0.390994 0.462614 0.852054
0 0.462689 0.35634 0.396029 0.461317 0.833093
0 0.47536 0.35655 0.372491 0.435388 0.818706
0 0.477007 0.357475 0.377735 0.447774 0.841914
0 0.469768 0.355698 0.380072 0.448438 0.866151
0 0.47043 0.355597 0.386859 0.457989 0.845985
0 0.474419 0.357071 0.386002 0.452769 0.863688
0 0.47228 0.353625 0.372575 0.448138 0.817275
0 0.475999 0.35136 0.388873 0.453815 0.865554
0 0.472216 0.364118 0.380376 0.454043 0.824951
0 0.473435 0.358087 0.379398 0.451209 0.858225
0 0.473142 0.357042 0.378012 0.446399 0.857905
0 0.47168 0.359159 0.386953 0.454985 0.864013
0 0.476778 0.359871 0.373388 0.440994 0.838441
0 0.475699 0.360008 0.387618 0.449217 0.849096
0 0.471419 0.351007 0.388997 0.450918 0.8635
0 0.477802 0.353717 0.380755 0.451699 0.87745
0 0.471932 0.359637 0.390702 0.459696 0.858869
0 0.472175 0.351019 0.384398 0.449148 0.866374
0 0.472382 0.353418 0.391526 0.458462 0.856664
0 0.469828 0.351608 0.388503 0.450618 0.881575
0 0.474646 0.359708 0.3759 0.442557 0.891268
0 0.47345 0.353845 0.378921 0.448027 0.875296
0 0.478296 0.353177 0.378991 0.4489 0.884215
0 0.473468 0.352549 0.385427 0.448923 0.856852
0 0.469889 0.35584 0.384837 0.455536 0.860386
0 0.471267 0.357052 0.382224 0.445363 0.864717
0 0.476084 0.356635 0.37756 0.444745 0.878902
0 0.473099 0.353391 0.386012 0.454431 0.879012
0 0.47141 0.359284 0.386396 0.447319 0.874192
0 0.477165 0.356822 0.382948 0.448016 0.877371
0 0.475178 0.355449 0.380547 0.446616 0.884606
0 0.473858 0.356317 0.377675 0.444977 0.887786
0 0.474435 0.357004 0.374436 0.442424 0.891303
0 0.476744 0.354035 0.379107 0.444118 0.876677
0 0.473108 0.355838 0.380107 0.445127 0.895768
0 0.476915 0.357618 0.375953 0.442869 0.889304
0 0.474044 0.357691 0.37644 0.442704 0.893962
0 0.477268 0.357881 0.374653 0.442186 0.898241
0 0.475659 0.357897 0.374562 0.440981 0.891762
0 0.474045 0.357704 0.376392 0.442626 0.894167
