0 0.489642 0.203111 0.329176 0.392206 0.720359
0 0.470653 0.1907 0.369411 0.381212 0.756696
0 0.410478 0.198024 0.380423 0.382945 0.644933
0 0.478105 0.194499 0.34938 0.388999 0.775015
0 0.461608 0.193411 0.322169 0.384681 0.690747
0 0.447346 0.193288 0.32623 0.386576 0.778638
0 0.466103 0.190376 0.310878 0.349742 0.87561
0 0.489948 0.191233 0.312654 0.348684 0.886722
0 0.472385 0.187842 0.310909 0.357069 0.690851
0 0.487522 0.185815 0.302015 0.353945 0.820126
0 0.480726 0.18572 0.323179 0.369496 0.786904
0 0.473825 0.19806 0.352086 0.377578 0.678691
0 0.464951 0.190061 0.275344 0.338882 0.875858
0 0.466765 0.18918 0.321077 0.362879 0.841878
0 0.47025 0.187828 0.355266 0.375656 0.673121
0 0.463089 0.1932 0.319184 0.364423 0.824281
0 0.469177 0.185053 0.317888 0.362272 0.820673
0 0.492012 0.193365 0.300414 0.340852 0.842261
0 0.473033 0.196376 0.339215 0.380225 0.809526
0 0.458051 0.193101 0.325505 0.365026 0.842305
0 0.478151 0.192548 0.308176 0.357276 0.860219
0 0.473987 0.199527 0.35843 0.383285 0.888905
0 0.472483 0.190542 0.330059 0.368465 0.849087
0 0.465393 0.193191 0.374991 0.386382 0.765827
0 0.465279 0.192072 0.309764 0.358107 0.837684
0 0.480512 0.194723 0.327314 0.371981 0.829227
0 0.472105 0.18954 0.327617 0.362555 0.851769
0 0.46271 0.196369 0.31705 0.371957 0.855278
0 0.464516 0.199549 0.319849 0.365537 0.908731
0 0.46591 0.200886 0.322345 0.370256 0.824998
0 0.469884 0.195496 0.314285 0.368515 0.865987
0 0.469086 0.188886 0.322122 0.36246 0.871589
0 0.468029 0.191049 0.318954 0.35759 0.798203
0 0.485063 0.193191 0.32781 0.386382 0.881005
0 0.469992 0.192538 0.318966 0.357771 0.850504
0 0.481096 0.193121 0.335536 0.367631 0.868382
0 0.468123 0.192255 0.318074 0.36598 0.891046
0 0.473838 0.196759 0.303247 0.358026 0.919307
0 0.473183 0.196292 0.316683 0.35988 0.812761
0 0.469091 0.197775 0.320929 0.367954 0.905075
0 0.490713 0.523928 0.246942 0.28952 0.643523
0 0.478873 0.190334 0.321271 0.366912 0.906622
0 0.481549 0.197254 0.302032 0.350541 0.83028
0 0.462633 0.196408 0.332591 0.375566 0.846697
0 0.46799 0.197112 0.320736 0.363122 0.86057
0 0.476994 0.190933 0.34194 0.378961 0.877666
0 0.478851 0.187932 0.334227 0.375864 0.884671
0 0.46518 0.192842 0.3267 0.36588 0.887132
0 0.469332 0.191363 0.359329 0.382039 0.861863
0 0.473447 0.187431 0.346642 0.374862 0.872206
0 0.469354 0.195891 0.316184 0.365824 0.845076
0 0.464084 0.191712 0.348494 0.383423 0.856152
0 0.468954 0.198283 0.326874 0.368472 0.893325
0 0.478173 0.201239 0.325994 0.375782 0.908251
0 0.468079 0.194316 0.317999 0.360308 0.860861
0 0.478406 0.190799 0.328787 0.369562 0.86478
0 0.46728 0.188245 0.330062 0.372396 0.874313
0 0.46427 0.197832 0.321196 0.365258 0.893726
0 0.476318 0.197109 0.334435 0.37669 0.888096
0 0.463822 0.194167 0.337216 0.369976 0.885574
0 0.472288 0.18757 0.342604 0.375141 0.883092
0 0.468484 0.196192 0.321812 0.362593 0.914616
0 0.463641 0.193388 0.329457 0.369505 0.873861
0 0.469302 0.193964 0.332811 0.369218 0.891524
0 0.469288 0.204813 0.335746 0.381606 0.909348
0 0.470019 0.198401 0.324641 0.369197 0.917902
0 0.469553 0.197225 0.318557 0.362472 0.922911
0 0.464527 0.195392 0.33364 0.372623 0.891664
0 0.468687 0.196198 0.326283 0.368468 0.881604
0 0.467775 0.196575 0.328498 0.369009 0.875063
0 0.465911 0.19595 0.317081 0.358335 0.889737
0 0.464715 0.196738 0.322036 0.362698 0.900473
0 0.470915 0.195115 0.32899 0.368979 0.895128
0 0.467044 0.192107 0.333374 0.376618 0.910362
0 0.464342 0.193198 0.340768 0.384095 0.863689
0 0.46793 0.198032 0.324193 0.367494 0.919887
0 0.465883 0.199301 0.322825 0.368209 0.904921
0 0.46356 0.19474 0.327644 0.371567 0.898769
0 0.466279 0.190513 0.336811 0.378551 0.908483
0 0.466782 0.192587 0.329011 0.370422 0.895981
0 0.463931 0.196616 0.326153 0.370241 0.896069
0 0.466314 0.193931 0.325158 0.364808 0.889294
0 0.469898 0.19703 0.319623 0.362711 0.883407
0 0.465362 0.195506 0.330637 0.371073 0.904971
0 0.469239 0.194984 0.318875 0.363418 0.900688
0 0.465143 0.196992 0.324488 0.36552 0.888298
0 0.472315 0.195088 0.317741 0.362584 0.897508
0 0.469213 0.194487 0.321512 0.368615 0.893999
0 0.470552 0.19446 0.320861 0.369514 0.900433
0 0.468145 0.195966 0.324754 0.370013 0.880156
0 0.468382 0.197128 0.323348 0.367491 0.902511
0 0.465657 0.196489 0.323383 0.369694 0.898645
0 0.464879 0.196638 0.323948 0.368867 0.905167
0 0.465843 0.196228 0.323202 0.367549 0.908438
0 0.465886 0.196325 0.322489 0.367572 0.900571
0 0.464873 0.196642 0.323946 0.368855 0.905341
