0 0.34288 0.214493 0.228508 0.277678 0.833524
0 0.486732 0.413189 0.25049 0.297609 0.787413
0 0.220389 0.372952 0.27974 0.322732 0.648205
0 0.60874 0.202479 0.234735 0.281378 0.630039
0 0.483728 0.419361 0.251176 0.287016 0.993686
0 0.345769 0.201434 0.200232 0.249247 0.991249
0 0.618436 0.190684 0.215401 0.25643 0.982686
0 0.244732 0.373103 0.226475 0.276459 0.959718
0 0.802899 0.422602 0.234076 0.262697 0.947267
0 0.803807 0.496095 0.2359 0.283951 0.899781
0 0.484939 0.374765 0.187962 0.204108 0.702023
0 0.503904 0.400618 0.201998 0.240385 0.687426
0 0.471025 0.514283 0.241834 0.289693 0.665424
0 0.632675 0.186849 0.262879 0.305799 0.754277
0 0.488729 0.403305 0.286168 0.328267 0.663708
0 0.248471 0.366668 0.248483 0.279006 0.812778
0 0.498184 0.412681 0.268446 0.322646 0.78615
0 0.485762 0.412761 0.266152 0.295738 0.816662
0 0.635514 0.189566 0.228597 0.250473 0.7852
0 0.497992 0.411629 0.223856 0.278333 0.678103
0 0.245859 0.371654 0.251057 0.285891 0.650386
0 0.817159 0.416829 0.238682 0.283348 0.643907
0 0.225947 0.366009 0.274467 0.316322 0.748437
0 0.495999 0.424855 0.265238 0.315998 0.670422
0 0.376866 0.207997 0.240872 0.290572 0.659311
0 0.809017 0.41767 0.234168 0.292143 0.653551
0 0.816517 0.417166 0.248284 0.292933 0.718163
0 0.497277 0.419935 0.333379 0.359949 0.707419
0 0.225946 0.370754 0.257953 0.298779 0.668676
0 0.48754 0.424986 0.287194 0.360168 0.844365
0 0.64315 0.215816 0.310815 0.38543 0.787646
0 0.812739 0.420558 0.281072 0.329252 0.761788
0 0.237666 0.381739 0.239066 0.282795 0.64939
0 0.805306 0.422091 0.236508 0.277835 0.797161
0 0.230494 0.371744 0.245423 0.277299 0.780527
0 0.49206 0.421346 0.261311 0.311312 0.737243
0 0.373079 0.213486 0.228563 0.276253 0.677358
0 0.640706 0.206782 0.23748 0.280168 0.650945
0 0.22976 0.371264 0.245337 0.294291 0.832997
0 0.810654 0.423055 0.24471 0.298819 0.828638
0 0.490139 0.423408 0.274879 0.334571 0.817807
0 0.372349 0.207438 0.254638 0.307236 0.781027
0 0.628691 0.215821 0.279387 0.359699 0.617104
0 0.23371 0.367096 0.245232 0.29177 0.906164
0 0.821789 0.416341 0.257204 0.306379 0.869843
0 0.493442 0.417325 0.275923 0.341581 0.821676
0 0.379212 0.204667 0.250524 0.292711 0.774033
0 0.639674 0.201234 0.269619 0.317728 0.768453
0 0.640019 0.204894 0.261251 0.306127 0.836837
0 0.822168 0.42139 0.262085 0.302665 0.833867
0 0.488806 0.421276 0.285951 0.337566 0.801801
0 0.373382 0.207024 0.247995 0.290184 0.783905
0 0.228296 0.364232 0.264468 0.305425 0.763829
0 0.477446 0.424487 0.281741 0.338099 0.770189
0 0.223542 0.375022 0.259992 0.292002 0.730795
0 0.633334 0.202033 0.272296 0.316779 0.711362
0 0.817402 0.417355 0.261907 0.301849 0.700124
0 0.489633 0.421238 0.292844 0.343587 0.815924
0 0.234499 0.374446 0.249666 0.292299 0.811724
0 0.818022 0.418423 0.258098 0.308601 0.760469
0 0.644909 0.20843 0.263336 0.309083 0.747109
0 0.377653 0.207492 0.251684 0.302999 0.708747
0 0.823054 0.424966 0.262239 0.305772 0.868495
0 0.238359 0.373708 0.264797 0.307799 0.853832
0 0.495012 0.424171 0.299284 0.350991 0.740308
0 0.382034 0.21024 0.258165 0.307193 0.643128
0 0.23249 0.37327 0.260429 0.302018 0.915746
0 0.817396 0.426988 0.253629 0.291226 0.872985
0 0.489767 0.425829 0.29147 0.341015 0.814981
0 0.376565 0.215044 0.257813 0.303815 0.808052
0 0.645719 0.216096 0.303466 0.347747 0.72715
0 0.229133 0.373685 0.249074 0.293893 0.87443
0 0.816703 0.418723 0.24538 0.294375 0.860793
0 0.641152 0.210198 0.249997 0.302754 0.825335
0 0.48887 0.428933 0.274573 0.326039 0.807484
0 0.374996 0.213255 0.247806 0.296001 0.769233
0 0.234916 0.367562 0.257554 0.305163 0.89364
0 0.493522 0.420346 0.296082 0.354303 0.883288
0 0.820113 0.41967 0.261796 0.304226 0.857083
0 0.654009 0.209785 0.279458 0.326844 0.841159
0 0.380177 0.214528 0.261569 0.298422 0.810684
0 0.230494 0.377799 0.254271 0.302308 0.806544
0 0.496537 0.42558 0.307013 0.355552 0.806129
0 0.818981 0.416349 0.280062 0.324704 0.77036
0 0.373741 0.215426 0.242558 0.296451 0.758796
0 0.489681 0.427402 0.302056 0.341966 0.795335
0 0.817181 0.422319 0.261527 0.306765 0.759462
0 0.638093 0.209858 0.267097 0.321956 0.759297
0 0.371548 0.209647 0.257139 0.30486 0.758309
0 0.228603 0.372238 0.264059 0.303537 0.743959
0 0.370995 0.208151 0.258701 0.299997 0.840187
0 0.491602 0.4235 0.307199 0.349691 0.838007
0 0.236951 0.367774 0.262318 0.302742 0.836811
0 0.643881 0.209003 0.275291 0.322949 0.82532
0 0.822173 0.417275 0.277075 0.318277 0.797308
0 0.233617 0.379898 0.239612 0.271002 0.856553
0 0.649273 0.211054 0.252075 0.295849 0.836311
0 0.490684 0.423399 0.288462 0.338633 0.830927
0 0.815867 0.42308 0.242483 0.282049 0.829073
0 0.374351 0.212252 0.234562 0.277035 0.819467
0 0.485724 0.434165 0.294155 0.350548 0.868972
0 0.227474 0.378369 0.256204 0.300263 0.857471
0 0.372768 0.218063 0.250637 0.304023 0.834987
0 0.821435 0.423683 0.269522 0.319751 0.812683
0 0.641134 0.212281 0.2671 0.326951 0.728307
0 0.230077 0.370951 0.266449 0.286681 0.904614
0 0.486465 0.427671 0.282152 0.321538 0.841654
0 0.818363 0.416159 0.257583 0.296073 0.807834
0 0.63976 0.2068 0.268791 0.309381 0.806584
0 0.367388 0.208663 0.257703 0.293723 0.799029
0 0.229743 0.36871 0.259135 0.303652 0.938923
0 0.822359 0.418676 0.259918 0.307386 0.925638
0 0.376113 0.205163 0.256432 0.308975 0.90458
0 0.643858 0.206496 0.264602 0.322134 0.903416
0 0.496573 0.428898 0.286459 0.346301 0.867897
0 0.637134 0.210046 0.26403 0.315823 0.908369
0 0.495546 0.432857 0.290314 0.340652 0.888081
0 0.814969 0.426276 0.275314 0.31566 0.866168
0 0.230549 0.374223 0.280176 0.31975 0.853434
0 0.370728 0.213308 0.265574 0.312053 0.853376
0 0.637989 0.211617 0.266257 0.308566 0.937352
0 0.225347 0.37927 0.265124 0.303467 0.901025
0 0.492347 0.426441 0.287967 0.334326 0.888767
0 0.813028 0.4277 0.261891 0.306661 0.852309
0 0.37176 0.213058 0.257279 0.298585 0.836469
0 0.636505 0.205257 0.250863 0.302571 0.883442
0 0.374951 0.209593 0.251038 0.297641 0.826288
0 0.236374 0.370228 0.267075 0.30636 0.780935
0 0.822562 0.418021 0.263695 0.308119 0.778281
0 0.496943 0.431743 0.275425 0.32704 0.728253
0 0.488451 0.427256 0.289143 0.336223 0.871935
0 0.643653 0.208245 0.251691 0.291723 0.85134
0 0.229664 0.37555 0.252261 0.286027 0.842499
0 0.81894 0.425672 0.241795 0.274707 0.801592
0 0.379038 0.214326 0.25622 0.287426 0.733072
0 0.230158 0.361776 0.274237 0.315177 0.85148
0 0.641307 0.204595 0.264435 0.314541 0.847976
0 0.375255 0.205995 0.267137 0.311456 0.84493
0 0.498947 0.424746 0.297109 0.345204 0.804958
0 0.832612 0.414074 0.273999 0.320555 0.800364
0 0.229803 0.373401 0.26985 0.305497 0.923663
0 0.646942 0.211338 0.2694 0.32275 0.89244
0 0.498278 0.425774 0.297513 0.351265 0.846951
0 0.370965 0.208371 0.274779 0.322055 0.842169
0 0.826787 0.422373 0.260342 0.307683 0.838596
0 0.648327 0.209795 0.269516 0.31511 0.845197
0 0.2285 0.369147 0.271598 0.311131 0.834105
0 0.373888 0.207385 0.268437 0.312392 0.821811
0 0.501769 0.424636 0.298194 0.349667 0.792925
0 0.825707 0.422228 0.257296 0.299509 0.788346
0 0.490302 0.430579 0.286834 0.339612 0.911977
0 0.640121 0.209922 0.257187 0.30461 0.906697
0 0.229494 0.372485 0.263626 0.30413 0.893103
0 0.368999 0.212632 0.261613 0.305954 0.861344
0 0.818912 0.425031 0.252305 0.291312 0.84405
0 0.636886 0.205166 0.256916 0.301179 0.83764
0 0.370497 0.209097 0.25994 0.297551 0.819563
0 0.231712 0.371285 0.275447 0.309202 0.793506
0 0.4817 0.428403 0.288231 0.33589 0.782879
0 0.821383 0.42158 0.271465 0.307967 0.782006
0 0.233378 0.3799 0.26802 0.308413 0.829908
0 0.650011 0.210296 0.270812 0.322657 0.803172
0 0.499839 0.435636 0.29366 0.338929 0.786732
0 0.824725 0.424055 0.258851 0.303273 0.763932
0 0.37493 0.210711 0.26151 0.307844 0.728584
0 0.495583 0.427621 0.300528 0.340453 0.840483
0 0.649736 0.204357 0.27322 0.323352 0.754481
0 0.231857 0.362387 0.272749 0.310417 0.750662
0 0.372698 0.207389 0.258511 0.304645 0.711168
0 0.82751 0.413647 0.267727 0.313291 0.690544
0 0.227781 0.370038 0.261465 0.29223 0.874338
0 0.641354 0.205343 0.260346 0.30484 0.854331
0 0.820948 0.419082 0.254652 0.295786 0.841359
0 0.486014 0.433263 0.284501 0.329881 0.815151
0 0.370154 0.206023 0.244813 0.287545 0.790035
0 0.234368 0.371848 0.258126 0.302668 0.912063
0 0.65027 0.207631 0.253685 0.300661 0.876865
0 0.378279 0.206732 0.250658 0.293307 0.824408
0 0.831737 0.423035 0.250695 0.293037 0.809734
0 0.50132 0.431695 0.290756 0.338518 0.779476
0 0.23104 0.369162 0.267701 0.307604 0.855095
0 0.823174 0.420391 0.254407 0.295769 0.837041
0 0.640308 0.206169 0.259316 0.305967 0.83337
0 0.370773 0.207048 0.253721 0.294742 0.817224
0 0.498119 0.431848 0.288383 0.337214 0.814489
0 0.647987 0.212068 0.268301 0.316734 0.827858
0 0.230512 0.375757 0.267023 0.307184 0.824057
0 0.500182 0.427089 0.302487 0.344997 0.811873
0 0.820174 0.42331 0.257846 0.30063 0.775343
0 0.373255 0.210409 0.260095 0.30381 0.737296
0 0.636105 0.20401 0.258995 0.305759 0.944399
0 0.22605 0.358657 0.268498 0.313137 0.898309
0 0.478411 0.42579 0.298384 0.352002 0.87911
0 0.36776 0.205683 0.252743 0.296519 0.855483
0 0.811146 0.416564 0.251098 0.29658 0.853937
0 0.227284 0.371433 0.263168 0.305455 0.932928
0 0.644382 0.207337 0.264251 0.31006 0.915432
0 0.49368 0.428577 0.296386 0.342486 0.86942
0 0.36739 0.208411 0.259933 0.303161 0.850601
0 0.822927 0.423982 0.254942 0.29552 0.825303
0 0.230254 0.37342 0.269251 0.307343 0.902093
0 0.644186 0.208077 0.263865 0.310655 0.884452
0 0.496558 0.43194 0.30018 0.343371 0.852075
0 0.822128 0.42122 0.256782 0.299999 0.849265
0 0.369922 0.208925 0.253824 0.30097 0.831237
0 0.23236 0.376061 0.265765 0.301237 0.923087
0 0.643318 0.213553 0.265944 0.308815 0.89172
0 0.496177 0.433842 0.292127 0.345825 0.848759
0 0.82445 0.421738 0.256267 0.296047 0.830847
0 0.370788 0.213375 0.263861 0.303536 0.802564
0 0.227841 0.36806 0.263385 0.298251 0.902001
0 0.640319 0.203595 0.246519 0.289748 0.848623
0 0.493122 0.426036 0.294083 0.349075 0.837371
0 0.372278 0.208348 0.2468 0.286504 0.788447
0 0.823343 0.417343 0.255479 0.296155 0.782987
0 0.229432 0.368558 0.253926 0.28948 0.916128
0 0.641186 0.205258 0.24918 0.29217 0.898488
0 0.371176 0.209056 0.246119 0.284483 0.856727
0 0.485648 0.427627 0.288072 0.336793 0.852996
0 0.826181 0.421122 0.242012 0.28056 0.842502
0 0.642214 0.209564 0.259536 0.299112 0.894318
0 0.228561 0.373283 0.260041 0.296194 0.888475
0 0.369679 0.211252 0.259231 0.296346 0.830439
0 0.480897 0.426956 0.29817 0.348227 0.814536
0 0.818137 0.424431 0.260196 0.299044 0.808157
0 0.231017 0.380188 0.26506 0.302924 0.900118
0 0.647367 0.216761 0.264389 0.305199 0.894191
0 0.497473 0.433117 0.28286 0.333461 0.834563
0 0.375712 0.213731 0.261493 0.298679 0.819047
0 0.832288 0.427516 0.262622 0.301339 0.788546
0 0.230971 0.379047 0.26348 0.299322 0.92562
0 0.644994 0.215379 0.261691 0.304616 0.916633
0 0.374176 0.216938 0.257221 0.296462 0.840393
0 0.488926 0.436297 0.292622 0.338264 0.835338
0 0.82261 0.423408 0.259287 0.299143 0.803101
0 0.229192 0.367862 0.265565 0.298266 0.894537
0 0.642807 0.206805 0.257281 0.305829 0.871253
0 0.498575 0.424363 0.293893 0.350819 0.821832
0 0.37183 0.205411 0.253684 0.294901 0.819937
0 0.823604 0.419335 0.251191 0.292178 0.763401
0 0.64181 0.214416 0.269649 0.313621 0.913883
0 0.230066 0.369744 0.263487 0.300718 0.891478
0 0.483234 0.435137 0.296273 0.346821 0.854971
0 0.370383 0.209917 0.257289 0.297891 0.848984
0 0.8225 0.420968 0.259939 0.301542 0.827036
0 0.228982 0.375751 0.272127 0.3056 0.927697
0 0.642769 0.214986 0.263811 0.306233 0.907366
0 0.483754 0.432432 0.293571 0.34161 0.877382
0 0.370347 0.211009 0.256494 0.295279 0.857408
0 0.822971 0.422238 0.264578 0.306633 0.827319
0 0.63802 0.210784 0.260498 0.304739 0.910509
0 0.229853 0.371486 0.267174 0.303366 0.895919
0 0.484826 0.432764 0.28962 0.338862 0.860163
0 0.37274 0.210261 0.256244 0.29745 0.849648
0 0.822597 0.42083 0.263708 0.304759 0.806879
0 0.646157 0.215816 0.264899 0.311464 0.923782
0 0.234117 0.379034 0.256717 0.297554 0.902575
0 0.490978 0.433369 0.284288 0.339306 0.830347
0 0.370789 0.211735 0.25626 0.299882 0.807647
0 0.822378 0.426823 0.256808 0.297297 0.799842
0 0.644913 0.213347 0.266353 0.313396 0.903495
0 0.232904 0.37462 0.265437 0.305451 0.903261
0 0.497994 0.430052 0.303458 0.345152 0.828662
0 0.375901 0.212641 0.257831 0.300695 0.808844
0 0.816365 0.423632 0.253551 0.295716 0.792412
0 0.644957 0.208172 0.267864 0.315976 0.905375
0 0.232357 0.369593 0.267473 0.312411 0.869831
0 0.374586 0.206405 0.260072 0.302404 0.851476
0 0.492525 0.431092 0.296683 0.346289 0.842476
0 0.824236 0.422889 0.264043 0.309809 0.7705
0 0.641211 0.209082 0.261192 0.308508 0.904827
0 0.230274 0.371045 0.255171 0.29506 0.872308
0 0.495654 0.433328 0.301146 0.35165 0.862416
0 0.373462 0.209885 0.252128 0.293004 0.845727
0 0.819435 0.423332 0.254807 0.301893 0.769326
0 0.644498 0.210821 0.26102 0.307219 0.912607
0 0.229393 0.373196 0.268559 0.305778 0.882232
0 0.374462 0.211022 0.252253 0.292635 0.856607
0 0.486901 0.434383 0.287284 0.340345 0.856307
0 0.821513 0.424815 0.256068 0.298399 0.816408
0 0.642605 0.212922 0.270974 0.319818 0.861231
0 0.495415 0.432465 0.28765 0.334642 0.841404
0 0.229239 0.373965 0.267667 0.308725 0.840811
0 0.372394 0.214097 0.252096 0.295751 0.791859
0 0.824228 0.420346 0.254181 0.298875 0.761062
0 0.64246 0.205699 0.26864 0.317295 0.889925
0 0.228672 0.368671 0.272657 0.31491 0.858225
0 0.372208 0.205063 0.263176 0.306937 0.839496
0 0.493884 0.426566 0.281538 0.335894 0.836307
0 0.824387 0.418906 0.265888 0.311883 0.781909
0 0.644332 0.212346 0.266688 0.312089 0.905713
0 0.228493 0.373514 0.271537 0.312638 0.905376
0 0.492473 0.435556 0.299343 0.347351 0.898745
0 0.373014 0.211439 0.261436 0.303986 0.857789
0 0.8267 0.423332 0.258997 0.30133 0.806229
0 0.642937 0.212167 0.26068 0.305454 0.920156
0 0.228832 0.374545 0.265733 0.303041 0.915335
0 0.491353 0.434423 0.291718 0.340058 0.882829
0 0.371329 0.211809 0.257779 0.300342 0.85248
0 0.824225 0.425714 0.254305 0.295991 0.83354
0 0.637767 0.209654 0.269624 0.313256 0.885043
0 0.485334 0.428142 0.282359 0.335245 0.858374
0 0.230044 0.370943 0.270804 0.311857 0.857813
0 0.370861 0.207327 0.261194 0.300649 0.805672
0 0.824827 0.423575 0.259693 0.302188 0.73051
0 0.639594 0.212704 0.270582 0.319305 0.919467
0 0.228716 0.371268 0.27359 0.316466 0.886986
0 0.495174 0.431251 0.297166 0.345501 0.85271
0 0.371524 0.213143 0.25847 0.298079 0.847438
0 0.81695 0.423112 0.256968 0.298306 0.814175
0 0.641347 0.210588 0.262804 0.306332 0.909869
0 0.229921 0.3732 0.269257 0.310388 0.888174
0 0.494809 0.431479 0.289108 0.343224 0.851471
0 0.373364 0.211548 0.255456 0.293886 0.851078
0 0.821549 0.423515 0.261344 0.303547 0.815105
0 0.647701 0.212995 0.254617 0.296694 0.898755
0 0.231797 0.37258 0.264383 0.307669 0.893814
0 0.375585 0.212531 0.251777 0.28957 0.856146
0 0.487702 0.434456 0.290814 0.343169 0.846987
0 0.826204 0.425662 0.257763 0.300372 0.817958
0 0.230411 0.370148 0.26755 0.305849 0.899801
0 0.650699 0.21251 0.265281 0.310192 0.88586
0 0.497865 0.433872 0.304525 0.34695 0.863235
0 0.374812 0.209549 0.254677 0.29451 0.834055
0 0.832193 0.421341 0.257162 0.30249 0.778838
0 0.229151 0.373309 0.267523 0.310308 0.904855
0 0.640475 0.212768 0.268203 0.318756 0.883097
0 0.369415 0.211808 0.262048 0.308472 0.801396
0 0.486202 0.433988 0.299039 0.35066 0.798712
0 0.821646 0.423983 0.24852 0.297703 0.761137
0 0.230126 0.375256 0.266333 0.306872 0.915748
0 0.64457 0.21358 0.262349 0.309681 0.908946
0 0.374313 0.212333 0.257948 0.300448 0.843247
0 0.493706 0.43343 0.287091 0.343417 0.842692
0 0.823277 0.422828 0.253299 0.299663 0.814529
0 0.642748 0.211125 0.265524 0.309109 0.902996
0 0.22819 0.373997 0.270805 0.311796 0.885468
0 0.490074 0.432929 0.29813 0.346759 0.836752
0 0.374492 0.211825 0.26277 0.303541 0.823229
0 0.825265 0.422819 0.258048 0.303893 0.775733
0 0.646363 0.211046 0.271668 0.322609 0.920138
0 0.229675 0.370294 0.28177 0.321831 0.87712
0 0.375847 0.208624 0.263294 0.307425 0.859428
0 0.493593 0.430584 0.291589 0.346003 0.850932
0 0.830174 0.420918 0.25709 0.303685 0.791725
0 0.640459 0.212122 0.266615 0.316736 0.892531
0 0.228457 0.373181 0.272664 0.314023 0.88968
0 0.488674 0.435605 0.300326 0.349487 0.858725
0 0.370999 0.214375 0.261104 0.306908 0.838753
0 0.825324 0.426538 0.251169 0.297656 0.804253
0 0.227252 0.377007 0.272622 0.309405 0.899519
0 0.644761 0.21214 0.26883 0.316691 0.89032
0 0.487905 0.434485 0.297086 0.342543 0.824816
0 0.372523 0.214698 0.257626 0.29884 0.800325
0 0.821037 0.42656 0.251027 0.295503 0.795273
0 0.642762 0.211345 0.261733 0.305555 0.880543
0 0.22724 0.373522 0.269873 0.307663 0.868721
0 0.488785 0.434699 0.29155 0.33914 0.828251
0 0.371861 0.210302 0.258162 0.298018 0.81119
0 0.822252 0.425018 0.251436 0.294492 0.789145
0 0.645226 0.210311 0.270934 0.317306 0.93524
0 0.23469 0.369802 0.273246 0.316117 0.902418
0 0.373348 0.210721 0.265191 0.306243 0.885268
0 0.49366 0.434396 0.300117 0.345912 0.880091
0 0.821256 0.423864 0.255679 0.299351 0.843372
0 0.642672 0.209835 0.263769 0.308404 0.911606
0 0.233 0.369195 0.270594 0.315237 0.880973
0 0.491139 0.43245 0.292274 0.345966 0.851917
0 0.373319 0.211364 0.261191 0.301948 0.839036
0 0.821895 0.423848 0.249708 0.294889 0.822781
0 0.64138 0.207963 0.271501 0.318363 0.901063
0 0.490114 0.430767 0.296849 0.349269 0.875512
0 0.226595 0.370296 0.274044 0.315496 0.859592
0 0.36896 0.207726 0.261896 0.301445 0.831317
0 0.82324 0.424282 0.251846 0.293792 0.78871
0 0.646796 0.211268 0.276366 0.324774 0.918929
0 0.22929 0.370136 0.276141 0.31593 0.913271
0 0.492806 0.431785 0.299366 0.350811 0.872662
0 0.374089 0.208648 0.260918 0.299218 0.865866
0 0.82586 0.422999 0.250868 0.290968 0.823409
0 0.641971 0.212916 0.271799 0.320853 0.922826
0 0.232038 0.376417 0.269353 0.310753 0.904663
0 0.493026 0.43647 0.295296 0.34781 0.860197
0 0.371788 0.210848 0.259146 0.302071 0.842835
0 0.822635 0.423766 0.254936 0.299264 0.826507
0 0.641444 0.213584 0.268666 0.313313 0.905766
0 0.230167 0.374534 0.26597 0.302807 0.896294
0 0.491657 0.435182 0.294282 0.342062 0.861138
0 0.371058 0.212339 0.256547 0.296047 0.827183
0 0.819486 0.423684 0.251663 0.294022 0.799182
0 0.640456 0.211913 0.272221 0.320082 0.897597
0 0.229242 0.373689 0.269613 0.310255 0.894067
0 0.491095 0.432955 0.292636 0.350121 0.875307
0 0.369068 0.210978 0.265987 0.310138 0.819074
0 0.818717 0.425675 0.255934 0.304778 0.794679
0 0.643988 0.205657 0.266632 0.311312 0.906715
0 0.229763 0.371662 0.266485 0.307801 0.90332
0 0.493396 0.432062 0.295466 0.346075 0.876803
0 0.37021 0.208287 0.260897 0.303333 0.838954
0 0.822776 0.422215 0.256124 0.299055 0.798803
0 0.646376 0.207416 0.269852 0.311293 0.907854
0 0.231325 0.375502 0.266326 0.30767 0.904722
0 0.497484 0.435024 0.300883 0.350218 0.871402
0 0.373769 0.210236 0.264441 0.30377 0.829155
0 0.824648 0.423097 0.254617 0.297529 0.808459
0 0.229411 0.372855 0.270448 0.308834 0.895412
0 0.641598 0.207275 0.258624 0.304089 0.88998
0 0.491597 0.434715 0.297049 0.34681 0.853498
0 0.372792 0.209503 0.262556 0.301124 0.823955
0 0.822245 0.422783 0.257421 0.299284 0.798235
0 0.230488 0.37372 0.269488 0.311245 0.917763
0 0.646608 0.207096 0.265102 0.309499 0.912122
0 0.493172 0.434764 0.297422 0.347704 0.865522
0 0.374104 0.209947 0.260429 0.3014 0.842829
0 0.823016 0.421545 0.252504 0.296828 0.817481
0 0.230204 0.375972 0.268098 0.30726 0.921394
0 0.647079 0.213341 0.265915 0.313909 0.895826
0 0.492825 0.435156 0.298758 0.345024 0.865897
0 0.374375 0.212939 0.262375 0.301155 0.843392
0 0.822631 0.423517 0.257176 0.298981 0.813048
0 0.228435 0.374374 0.271335 0.308763 0.919216
0 0.640298 0.210062 0.267073 0.313264 0.909892
0 0.487907 0.432438 0.291092 0.346831 0.877656
0 0.37084 0.210753 0.262469 0.304813 0.839484
0 0.820898 0.422261 0.257068 0.301999 0.826363
0 0.22983 0.378724 0.265579 0.306072 0.9037
0 0.643941 0.215171 0.269557 0.317672 0.903487
0 0.490656 0.43783 0.295875 0.350531 0.871298
0 0.372788 0.214505 0.262696 0.304285 0.826909
0 0.822325 0.426656 0.256422 0.303592 0.812158
0 0.645239 0.212226 0.270509 0.31352 0.93154
0 0.229951 0.375434 0.268776 0.305454 0.929892
0 0.492283 0.432934 0.297143 0.342993 0.898327
0 0.373922 0.211041 0.262419 0.299193 0.870278
0 0.82678 0.421501 0.254449 0.294673 0.861412
0 0.229477 0.3771 0.266916 0.305398 0.924965
0 0.643017 0.214404 0.269704 0.316704 0.921633
0 0.48967 0.436394 0.296889 0.347783 0.906599
0 0.820669 0.425284 0.255645 0.300426 0.861487
0 0.372782 0.215 0.261766 0.304195 0.859696
0 0.22865 0.375816 0.271405 0.309074 0.925319
0 0.645129 0.213463 0.273032 0.319607 0.924509
0 0.491822 0.435968 0.301966 0.350633 0.893587
0 0.373277 0.213398 0.264035 0.304892 0.854027
0 0.826247 0.424055 0.255516 0.300979 0.852811
0 0.228327 0.376328 0.269436 0.306319 0.92142
0 0.644567 0.207935 0.26666 0.31108 0.91944
0 0.489994 0.43584 0.295619 0.347876 0.893563
0 0.372858 0.21387 0.261943 0.30315 0.864305
0 0.822626 0.424481 0.255931 0.300054 0.86335
0 0.229408 0.373665 0.270168 0.310452 0.914904
0 0.646587 0.210877 0.271982 0.323903 0.914255
0 0.493034 0.434646 0.300626 0.351033 0.88955
0 0.823571 0.421914 0.25738 0.300858 0.847359
0 0.374257 0.212056 0.263827 0.304243 0.841392
0 0.229414 0.377712 0.26737 0.302406 0.933507
0 0.644072 0.213148 0.270182 0.319026 0.920625
0 0.492396 0.436941 0.300301 0.348753 0.900561
0 0.374417 0.214357 0.261213 0.300637 0.860617
0 0.824605 0.424065 0.255207 0.296925 0.86034
0 0.227977 0.376456 0.270058 0.307123 0.924139
0 0.645423 0.208505 0.269774 0.31184 0.915331
0 0.491049 0.435858 0.303178 0.350782 0.892321
0 0.822421 0.42385 0.257776 0.300573 0.847548
0 0.371498 0.212824 0.265302 0.304946 0.843676
0 0.22909 0.377063 0.267183 0.303658 0.933403
0 0.643132 0.21507 0.270971 0.31636 0.92036
0 0.490142 0.436419 0.301123 0.348628 0.89898
0 0.372941 0.213548 0.263391 0.303144 0.861266
0 0.821401 0.423238 0.257345 0.300883 0.857696
0 0.229302 0.376607 0.266189 0.303178 0.929952
0 0.643634 0.2117 0.269527 0.318861 0.920433
0 0.490807 0.436268 0.300488 0.349046 0.899875
0 0.373415 0.21367 0.261956 0.302006 0.860797
0 0.822597 0.423133 0.256693 0.300179 0.856683
0 0.229818 0.375793 0.266698 0.304991 0.931954
0 0.644138 0.211215 0.270464 0.320125 0.92162
0 0.491552 0.436144 0.300178 0.349313 0.90178
0 0.373525 0.213391 0.263338 0.303959 0.860547
0 0.823591 0.422368 0.257286 0.30093 0.858982
0 0.229094 0.377062 0.267197 0.303662 0.933331
0 0.643121 0.215073 0.270966 0.316336 0.920255
0 0.490133 0.436414 0.30111 0.348614 0.89891
0 0.372931 0.213544 0.263369 0.303125 0.860988
0 0.821389 0.423238 0.257339 0.300878 0.857348
