0 0.462246 0.294501 0.401934 0.431322 0.95084
0 0.460178 0.306871 0.329659 0.356915 0.927652
0 0.479462 0.401455 0.226481 0.266454 0.831682
0 0.460394 0.417477 0.33081 0.354184 0.626476
0 0.491847 0.316912 0.364743 0.444384 0.763439
0 0.501581 0.326676 0.322242 0.386845 0.926667
0 0.46507 0.324984 0.321255 0.396726 0.952767
0 0.497771 0.33834 0.367093 0.445076 0.725682
0 0.494148 0.349056 0.379993 0.470922 0.810957
0 0.488421 0.324431 0.37637 0.460931 0.894599
0 0.495428 0.33719 0.343609 0.416818 0.737457
0 0.480345 0.337589 0.346654 0.417897 0.835518
0 0.476804 0.325195 0.336384 0.416682 0.894308
0 0.498194 0.321097 0.359682 0.424265 0.772962
0 0.500394 0.323588 0.377546 0.453684 0.781653
0 0.510223 0.332081 0.391702 0.432139 0.806104
0 0.50644 0.323562 0.367427 0.413992 0.851914
0 0.491904 0.332006 0.386039 0.453543 0.788184
0 0.50067 0.328172 0.331651 0.382238 0.90173
0 0.491275 0.321309 0.343641 0.400844 0.864394
0 0.500894 0.332178 0.383284 0.436108 0.826145
0 0.483991 0.320748 0.349508 0.403619 0.862926
0 0.488936 0.326527 0.340376 0.403762 0.865446
0 0.483736 0.328298 0.328252 0.378717 0.883143
0 0.495638 0.329073 0.387129 0.44961 0.821762
0 0.485185 0.325247 0.350854 0.398267 0.887627
0 0.494516 0.325524 0.34676 0.400661 0.823784
0 0.498522 0.330463 0.361433 0.40175 0.896181
0 0.500478 0.332076 0.35815 0.406071 0.853057
0 0.495311 0.331986 0.357318 0.401474 0.813147
0 0.490947 0.325252 0.344098 0.392623 0.865766
0 0.503318 0.318773 0.352269 0.419878 0.810232
0 0.501909 0.321442 0.362103 0.415142 0.825326
0 0.498343 0.322133 0.343412 0.402541 0.796439
0 0.494357 0.325813 0.343157 0.397385 0.873515
0 0.487119 0.319791 0.335944 0.394094 0.776793
0 0.500318 0.324937 0.339563 0.404357 0.809019
0 0.501542 0.323603 0.340436 0.399482 0.860108
0 0.495694 0.319615 0.332927 0.386577 0.8509
0 0.491301 0.323528 0.339446 0.404005 0.833588
0 0.49052 0.326363 0.333323 0.380116 0.867767
0 0.498109 0.328278 0.345951 0.405463 0.845804
0 0.486418 0.324321 0.351318 0.413206 0.861309
0 0.496172 0.32661 0.337026 0.394727 0.910874
0 0.506969 0.322638 0.364666 0.408939 0.840046
0 0.492384 0.324875 0.347727 0.399293 0.907761
0 0.497908 0.322037 0.352863 0.411424 0.871813
0 0.486132 0.326707 0.328856 0.385992 0.793284
0 0.493529 0.321872 0.345226 0.397882 0.87006
0 0.498683 0.326698 0.340202 0.398825 0.858681
0 0.494044 0.322319 0.348197 0.400239 0.862167
0 0.500261 0.321905 0.338754 0.400834 0.833941
0 0.492993 0.327711 0.342819 0.394479 0.846627
0 0.500834 0.327768 0.362314 0.409501 0.819193
0 0.494547 0.326349 0.352848 0.407844 0.824203
0 0.493005 0.328481 0.33822 0.393347 0.826922
0 0.498993 0.317755 0.368873 0.41169 0.856903
0 0.496729 0.32502 0.343391 0.399443 0.883934
0 0.499369 0.323916 0.348294 0.401464 0.893987
0 0.493906 0.319173 0.357153 0.406145 0.831406
0 0.500992 0.32219 0.346989 0.406648 0.857609
0 0.493835 0.319092 0.341812 0.395879 0.86899
0 0.497357 0.321563 0.348022 0.399083 0.848158
0 0.495636 0.328608 0.335808 0.389129 0.862756
0 0.488082 0.31837 0.343183 0.391639 0.874801
0 0.49278 0.315947 0.347415 0.405687 0.870272
0 0.496847 0.32368 0.341616 0.397749 0.882415
0 0.493661 0.320276 0.342149 0.396322 0.866853
0 0.495565 0.320617 0.346866 0.398748 0.886446
0 0.49352 0.323964 0.346168 0.402115 0.846193
0 0.496957 0.32507 0.341062 0.400859 0.872768
0 0.497149 0.321521 0.345343 0.400397 0.887041
0 0.492049 0.315581 0.357634 0.41334 0.883711
0 0.495217 0.325659 0.344633 0.400803 0.842966
0 0.496011 0.325066 0.342455 0.396174 0.851304
0 0.492398 0.322027 0.345225 0.401844 0.87116
0 0.495167 0.324486 0.344533 0.392967 0.870024
0 0.492376 0.324235 0.347178 0.398327 0.880784
0 0.490686 0.321163 0.352928 0.405617 0.877739
0 0.494691 0.314774 0.364172 0.425323 0.85327
0 0.49108 0.320714 0.34898 0.402707 0.887317
0 0.495377 0.329165 0.338914 0.401009 0.882116
0 0.493964 0.322906 0.346976 0.41126 0.872016
0 0.496254 0.317115 0.350156 0.411652 0.880055
0 0.494108 0.322444 0.340802 0.399235 0.871119
0 0.492572 0.321048 0.350361 0.405515 0.886223
0 0.492745 0.322857 0.347723 0.402589 0.88005
0 0.493507 0.32279 0.340251 0.393966 0.87471
0 0.491712 0.320937 0.343348 0.398369 0.890744
0 0.492008 0.325407 0.344269 0.397817 0.881164
0 0.49475 0.324156 0.345965 0.398151 0.880959
0 0.490712 0.323026 0.348584 0.399678 0.892162
0 0.491823 0.324318 0.34752 0.404243 0.887574
0 0.492058 0.324683 0.345534 0.402376 0.892958
0 0.497427 0.32345 0.34953 0.402519 0.875776
0 0.493797 0.324278 0.350074 0.403022 0.89459
0 0.493692 0.323371 0.345796 0.401149 0.889421
0 0.491374 0.325313 0.345337 0.397654 0.896515
0 0.494004 0.325577 0.344471 0.399389 0.898729
0 0.492609 0.325113 0.345992 0.401418 0.895324
0 0.491368 0.325306 0.345337 0.397641 0.89665
