0 0.578025 0.270789 0.282611 0.328506 0.748865
0 0.593852 0.282704 0.249759 0.309267 0.770665
0 0.585606 0.282909 0.271173 0.316038 0.847655
0 0.798891 0.24242 0.26587 0.314674 0.613367
0 0.591313 0.28328 0.246464 0.297362 0.838357
0 0.59413 0.276857 0.278025 0.325455 0.793196
0 0.804326 0.234202 0.289006 0.349842 0.768583
0 0.586885 0.275 0.22235 0.259539 0.607178
0 0.591274 0.279171 0.24787 0.302374 0.893519
0 0.79932 0.241877 0.26297 0.319331 0.688003
0 0.591266 0.272257 0.26404 0.3133 0.942631
0 0.805619 0.243084 0.255419 0.30231 0.713101
0 0.592145 0.278986 0.265877 0.308705 0.827885
0 0.801724 0.241182 0.261104 0.310008 0.6733
0 0.57778 0.280252 0.259923 0.29594 0.728159
0 0.803337 0.235485 0.260478 0.308356 0.641183
0 0.589063 0.276928 0.262278 0.311904 0.806823
0 0.806951 0.241649 0.266634 0.320903 0.685228
0 0.592915 0.281801 0.258 0.305397 0.866509
0 0.810205 0.244286 0.267188 0.31528 0.771938
0 0.59149 0.279195 0.263052 0.305204 0.90451
0 0.808369 0.251148 0.255653 0.301943 0.798892
0 0.588584 0.279541 0.244536 0.28917 0.911281
0 0.800804 0.246299 0.256643 0.303923 0.783696
0 0.598374 0.275574 0.261886 0.310169 0.865305
0 0.803176 0.24 0.277911 0.326252 0.768472
0 0.580994 0.281638 0.254347 0.30196 0.73403
0 0.801669 0.245025 0.279428 0.325579 0.701937
0 0.586305 0.280569 0.263043 0.306211 0.710501
0 0.793158 0.245049 0.28191 0.330738 0.634779
0 0.592755 0.27432 0.269259 0.316565 0.833497
0 0.795718 0.244634 0.270085 0.314155 0.749164
0 0.589754 0.279584 0.250894 0.300912 0.867163
0 0.798403 0.252792 0.243776 0.287427 0.766071
0 0.587566 0.283585 0.26345 0.313889 0.858189
0 0.796781 0.254374 0.27254 0.325649 0.795
0 0.584445 0.276813 0.261128 0.299214 0.893736
0 0.789879 0.249709 0.272849 0.308408 0.852934
0 0.592059 0.275358 0.266744 0.316255 0.941435
0 0.798792 0.244673 0.270652 0.318971 0.852659
0 0.588635 0.279537 0.268401 0.314555 0.927175
0 0.798003 0.251276 0.283619 0.326785 0.80419
0 0.584687 0.280492 0.268989 0.320686 0.925298
0 0.796383 0.253476 0.265179 0.313818 0.803951
0 0.589042 0.280841 0.256872 0.3026 0.805974
0 0.799276 0.248138 0.273411 0.316856 0.747878
0 0.591616 0.27521 0.262023 0.307426 0.819743
0 0.798794 0.248105 0.259985 0.301742 0.7702
0 0.596632 0.272663 0.274207 0.320222 0.836014
0 0.796886 0.244608 0.278586 0.322038 0.80753
0 0.591561 0.276171 0.265473 0.31557 0.899781
0 0.794766 0.239892 0.287615 0.33278 0.821898
0 0.595563 0.274693 0.273389 0.319875 0.833891
0 0.80329 0.240986 0.279914 0.324379 0.732445
0 0.590026 0.282198 0.256729 0.305095 0.906369
0 0.794333 0.254612 0.270388 0.312444 0.843351
0 0.588422 0.280887 0.270576 0.312174 0.820141
0 0.791933 0.246154 0.288048 0.325333 0.705522
0 0.596428 0.28087 0.264206 0.311812 0.793624
0 0.805779 0.247196 0.275873 0.32179 0.747929
0 0.597169 0.274123 0.273024 0.318408 0.761186
0 0.803035 0.232484 0.285581 0.326932 0.648823
0 0.587169 0.279491 0.251851 0.291635 0.882156
0 0.803078 0.24183 0.260068 0.299785 0.81508
0 0.596256 0.276838 0.256702 0.305474 0.878809
0 0.812417 0.240699 0.25717 0.30813 0.837506
0 0.592302 0.276599 0.263178 0.308007 0.858962
0 0.798453 0.246248 0.263208 0.303412 0.807374
0 0.59475 0.278495 0.260798 0.31159 0.783282
0 0.799429 0.246101 0.271057 0.322432 0.743439
0 0.588218 0.271741 0.259063 0.310269 0.903906
0 0.78894 0.240439 0.269196 0.323573 0.84694
0 0.593364 0.282688 0.256409 0.301783 0.853751
0 0.805871 0.239318 0.277129 0.32403 0.81388
0 0.796704 0.248247 0.266796 0.312307 0.829168
0 0.594539 0.277506 0.267565 0.314786 0.826005
0 0.794862 0.248603 0.268688 0.307619 0.829583
0 0.594702 0.27948 0.262045 0.308856 0.801004
0 0.796959 0.239998 0.266136 0.30314 0.804345
0 0.592313 0.274733 0.267188 0.311762 0.767611
0 0.799005 0.249356 0.248085 0.296757 0.858149
0 0.592219 0.2771 0.251574 0.296274 0.845542
0 0.586934 0.277802 0.262272 0.309885 0.856267
0 0.79323 0.244337 0.265556 0.310661 0.83195
0 0.591007 0.284104 0.259474 0.303755 0.821541
0 0.803787 0.252593 0.269928 0.317282 0.749124
0 0.589559 0.281503 0.258386 0.300145 0.875761
0 0.80163 0.250945 0.268908 0.310752 0.824684
0 0.595678 0.277067 0.256116 0.300417 0.816278
0 0.80034 0.245981 0.262782 0.304656 0.76213
0 0.593281 0.281654 0.259038 0.304278 0.839196
0 0.797108 0.248273 0.268116 0.31005 0.820156
0 0.591611 0.277661 0.273746 0.317119 0.8294
0 0.79911 0.248713 0.268622 0.315158 0.810496
0 0.59214 0.278775 0.259245 0.301247 0.860154
0 0.79921 0.24958 0.266728 0.307256 0.828688
0 0.593198 0.282419 0.257719 0.303784 0.808586
0 0.799962 0.252342 0.265279 0.307076 0.768028
0 0.587506 0.277151 0.264105 0.309749 0.838026
0 0.799317 0.247516 0.258568 0.309797 0.812614
0 0.597434 0.278618 0.266691 0.31438 0.813911
0 0.80224 0.249877 0.255343 0.306551 0.798778
0 0.592593 0.274774 0.253512 0.301219 0.812087
0 0.800797 0.249401 0.245673 0.301802 0.802113
0 0.591729 0.282596 0.257096 0.300686 0.855436
0 0.799203 0.252097 0.250542 0.301498 0.821221
0 0.598594 0.278791 0.260867 0.303306 0.803027
0 0.80505 0.235618 0.263471 0.310609 0.758209
0 0.596581 0.276654 0.271327 0.314516 0.835716
0 0.805067 0.233596 0.280472 0.327826 0.788493
0 0.799157 0.240693 0.262548 0.314733 0.849605
0 0.597316 0.28062 0.271366 0.313054 0.830712
0 0.590113 0.284374 0.257088 0.302546 0.863184
0 0.803447 0.25141 0.253797 0.303074 0.843023
0 0.58655 0.274551 0.26811 0.310677 0.83032
0 0.800446 0.246956 0.259866 0.310623 0.777395
0 0.59121 0.280693 0.266347 0.308252 0.847634
0 0.800538 0.250244 0.262622 0.310153 0.8175
0 0.591228 0.279874 0.262151 0.307049 0.853034
0 0.798841 0.248548 0.259854 0.310992 0.830201
0 0.590578 0.278578 0.260903 0.307765 0.841631
0 0.801785 0.24965 0.258155 0.311052 0.820661
0 0.601569 0.279122 0.265861 0.308334 0.828484
0 0.803425 0.247225 0.257157 0.309853 0.804017
0 0.59051 0.279365 0.261938 0.312639 0.819637
0 0.800079 0.242965 0.267068 0.321031 0.791631
0 0.593919 0.280569 0.258995 0.306324 0.846359
0 0.803497 0.243546 0.259416 0.309461 0.824836
0 0.598942 0.27939 0.265226 0.311894 0.821324
0 0.803046 0.240261 0.270246 0.322513 0.797444
0 0.599716 0.275389 0.266358 0.313552 0.849876
0 0.806387 0.235201 0.278763 0.329282 0.809214
0 0.593187 0.281128 0.26297 0.310624 0.873139
0 0.803417 0.251181 0.256472 0.307391 0.840245
0 0.59262 0.281213 0.262365 0.306975 0.833136
0 0.803944 0.242559 0.264504 0.315537 0.79989
0 0.803163 0.250842 0.252469 0.302808 0.814425
0 0.592269 0.279918 0.26055 0.305658 0.81402
0 0.595014 0.279531 0.265488 0.311044 0.867864
0 0.806505 0.241831 0.267876 0.31781 0.834183
0 0.592813 0.278384 0.262615 0.308211 0.843494
0 0.807155 0.239679 0.266163 0.318207 0.808415
0 0.592736 0.27919 0.259771 0.306845 0.829675
0 0.802674 0.232778 0.274993 0.326026 0.786989
0 0.594788 0.276121 0.26428 0.308712 0.856341
0 0.803791 0.232992 0.27552 0.325385 0.829159
0 0.590477 0.276196 0.262919 0.306087 0.862606
0 0.80537 0.239379 0.267729 0.318088 0.82613
0 0.588562 0.276194 0.26038 0.302408 0.829671
0 0.804289 0.24178 0.26443 0.312497 0.790576
0 0.590668 0.279806 0.260764 0.305811 0.838705
0 0.802673 0.239759 0.272193 0.32306 0.817331
0 0.591967 0.278057 0.260421 0.304744 0.845947
0 0.802818 0.236182 0.269162 0.316904 0.808046
0 0.595787 0.279926 0.261099 0.303415 0.85123
0 0.805876 0.235266 0.276246 0.324562 0.816331
0 0.592701 0.279256 0.263223 0.304087 0.847663
0 0.802704 0.2379 0.273913 0.320704 0.804173
0 0.589514 0.278066 0.256127 0.300328 0.872367
0 0.80395 0.23675 0.270984 0.320317 0.829434
0 0.592655 0.280633 0.256198 0.300639 0.862007
0 0.801444 0.238969 0.269408 0.317322 0.825062
0 0.58949 0.276496 0.262396 0.309538 0.874571
0 0.801068 0.246676 0.259147 0.311663 0.822735
0 0.593779 0.282638 0.25858 0.303664 0.845559
0 0.803757 0.239876 0.270317 0.321976 0.821205
0 0.593447 0.280113 0.260039 0.301298 0.886792
0 0.803972 0.238803 0.272487 0.316055 0.842165
0 0.587388 0.27969 0.260603 0.302178 0.876394
0 0.802045 0.249319 0.256455 0.306239 0.833167
0 0.590266 0.278855 0.259763 0.303252 0.863125
0 0.802064 0.241528 0.266735 0.314879 0.831618
0 0.588058 0.279202 0.259978 0.30264 0.871298
0 0.800541 0.242638 0.26512 0.31211 0.818614
0 0.592165 0.278584 0.259614 0.30377 0.852983
0 0.802462 0.239242 0.269369 0.319855 0.81722
0 0.58969 0.279751 0.259158 0.300074 0.87697
0 0.802305 0.243525 0.264144 0.311007 0.847874
0 0.589389 0.278985 0.262496 0.305506 0.86272
0 0.80143 0.240934 0.27055 0.319879 0.834633
0 0.589438 0.278928 0.261812 0.305255 0.874367
0 0.801736 0.241825 0.268037 0.316347 0.844812
0 0.589897 0.278987 0.261381 0.305018 0.863936
0 0.802813 0.241835 0.266555 0.314881 0.839569
0 0.590157 0.278641 0.261468 0.305258 0.869924
0 0.802934 0.241369 0.267718 0.316517 0.842461
0 0.58943 0.278919 0.261803 0.30526 0.874142
0 0.801737 0.241823 0.268033 0.316333 0.844518
