0 0.321536 0.292925 0.405901 0.437633 0.913876
0 0.416578 0.287658 0.260915 0.301605 0.604909
0 0.367539 0.288222 0.348673 0.341887 0.827384
0 0.379202 0.28749 0.3049 0.379779 0.806606
0 0.371904 0.291847 0.268698 0.311513 0.687224
0 0.38994 0.284304 0.265771 0.311161 0.637359
0 0.390709 0.285004 0.267692 0.304205 0.738574
0 0.371569 0.281768 0.285288 0.311421 0.635691
0 0.391465 0.291292 0.29044 0.341528 0.678094
0 0.39219 0.293236 0.281808 0.325722 0.769128
0 0.379391 0.290165 0.278576 0.329449 0.73736
0 0.379215 0.288663 0.265364 0.312466 0.783865
0 0.385971 0.284438 0.275036 0.3245 0.804022
0 0.383851 0.286535 0.277129 0.332733 0.724087
0 0.368361 0.290682 0.270125 0.315655 0.661234
0 0.382425 0.291681 0.280236 0.32702 0.809813
0 0.384997 0.28866 0.261681 0.311635 0.76219
0 0.373903 0.297064 0.254818 0.317125 0.826047
0 0.377142 0.283909 0.291601 0.32207 0.717998
0 0.36782 0.289678 0.260039 0.337824 0.907221
0 0.377095 0.296714 0.29449 0.331159 0.81082
0 0.379692 0.286193 0.274007 0.338563 0.80382
0 0.377302 0.287957 0.267384 0.31722 0.787508
0 0.385614 0.280715 0.273298 0.32213 0.695419
0 0.374615 0.286572 0.285863 0.327666 0.818788
0 0.373941 0.285384 0.303465 0.348294 0.777386
0 0.382717 0.288679 0.283153 0.326272 0.747092
0 0.367323 0.294482 0.292442 0.341931 0.800141
0 0.383178 0.291671 0.273716 0.317463 0.770294
0 0.379538 0.292988 0.293409 0.344826 0.776814
0 0.378973 0.281679 0.289787 0.321635 0.714412
0 0.383124 0.286431 0.264495 0.305294 0.855725
0 0.391382 0.285721 0.262507 0.311743 0.868989
0 0.385561 0.281816 0.271777 0.3148 0.831419
0 0.385819 0.288292 0.283805 0.322049 0.791901
0 0.371384 0.28467 0.286879 0.329068 0.86277
0 0.379798 0.287782 0.278394 0.325363 0.833291
0 0.380803 0.287831 0.270273 0.317963 0.787331
0 0.3833 0.289094 0.283667 0.326957 0.819146
0 0.385056 0.280817 0.279151 0.315629 0.812978
0 0.38151 0.287106 0.267423 0.312678 0.820138
0 0.379287 0.283262 0.274889 0.331242 0.777548
0 0.375332 0.286965 0.281663 0.332555 0.777879
0 0.382244 0.284929 0.272521 0.316087 0.845856
0 0.385576 0.285086 0.277459 0.317816 0.835763
0 0.376657 0.285013 0.271687 0.321303 0.861643
0 0.381718 0.289859 0.281345 0.32543 0.838434
0 0.383379 0.288483 0.277535 0.319177 0.845061
0 0.384056 0.291921 0.26787 0.316921 0.819638
0 0.381358 0.282534 0.288084 0.332622 0.767191
0 0.377733 0.288383 0.281743 0.320174 0.826563
0 0.385597 0.285055 0.272649 0.31746 0.827472
0 0.382786 0.288504 0.270281 0.310435 0.818762
0 0.384707 0.283011 0.276393 0.317246 0.799116
0 0.374924 0.283221 0.282425 0.324811 0.835234
0 0.37719 0.289604 0.271361 0.317388 0.871609
0 0.376665 0.291807 0.277052 0.319494 0.854957
0 0.374839 0.284407 0.283138 0.321771 0.858889
0 0.377599 0.284956 0.2927 0.331832 0.838621
0 0.379677 0.288997 0.275999 0.318522 0.869281
0 0.383854 0.288107 0.27795 0.322717 0.846758
0 0.380647 0.284026 0.284094 0.323672 0.840474
0 0.378061 0.28842 0.273666 0.318249 0.815526
0 0.378262 0.288761 0.271164 0.316112 0.860548
0 0.375263 0.287029 0.273542 0.318776 0.849002
0 0.378431 0.285932 0.280342 0.323424 0.856341
0 0.381422 0.288642 0.2704 0.314986 0.873125
0 0.38031 0.289674 0.278054 0.319574 0.830056
0 0.379521 0.287439 0.273843 0.313031 0.822599
0 0.378774 0.287818 0.275612 0.314737 0.872518
0 0.38379 0.288933 0.26898 0.309815 0.86161
0 0.381277 0.284896 0.274196 0.311973 0.847884
0 0.382846 0.285852 0.280863 0.319256 0.855356
0 0.382844 0.290103 0.268428 0.308578 0.865565
0 0.380033 0.290129 0.272698 0.309884 0.834802
0 0.379125 0.289974 0.270767 0.310654 0.858107
0 0.37821 0.287798 0.273359 0.316045 0.861351
0 0.382006 0.289303 0.269227 0.30897 0.860685
0 0.377742 0.286113 0.271466 0.309278 0.858774
0 0.379725 0.287087 0.267086 0.305644 0.865164
0 0.381576 0.290272 0.266019 0.308875 0.879914
0 0.380123 0.287705 0.269403 0.311031 0.87184
0 0.381535 0.289301 0.263395 0.306312 0.87197
0 0.382341 0.290278 0.265234 0.306774 0.904417
0 0.383681 0.291747 0.26045 0.304776 0.900318
0 0.381096 0.291287 0.267645 0.307063 0.89442
0 0.381283 0.292079 0.268251 0.308715 0.895282
0 0.381772 0.2892 0.272462 0.313109 0.875156
0 0.381921 0.292995 0.266822 0.306319 0.897974
0 0.381077 0.290111 0.265927 0.309456 0.88349
0 0.382403 0.290284 0.263042 0.30659 0.894175
0 0.381891 0.289867 0.261356 0.305412 0.893476
0 0.382582 0.289984 0.26215 0.306387 0.89521
0 0.382398 0.290275 0.263053 0.306588 0.894066
