0 0.382967 0.232453 0.119277 0.13439 0.663031
0 0.381841 0.235509 0.128804 0.142883 0.736719
0 0.381518 0.231663 0.134196 0.143977 0.643317
0 0.378663 0.237211 0.12312 0.139417 0.687298
0 0.388305 0.234655 0.119282 0.132259 0.667679
0 0.383866 0.231662 0.123143 0.141171 0.681382
0 0.382283 0.23108 0.120537 0.145642 0.728318
0 0.382291 0.237515 0.132714 0.149017 0.727648
0 0.382428 0.239771 0.116785 0.13302 0.734726
0 0.387577 0.234895 0.118973 0.136269 0.713997
0 0.385864 0.232978 0.11487 0.134036 0.617494
0 0.385096 0.23642 0.122055 0.135566 0.751085
0 0.383649 0.237632 0.124417 0.138881 0.673007
0 0.387649 0.234365 0.113306 0.12881 0.668113
0 0.379877 0.235684 0.130591 0.143206 0.605938
0 0.383384 0.233428 0.124476 0.148239 0.61761
0 0.382692 0.234994 0.127567 0.141407 0.756612
0 0.383642 0.235989 0.119105 0.137782 0.748599
0 0.385232 0.234798 0.120905 0.139731 0.743514
0 0.386345 0.232977 0.117369 0.135447 0.777629
0 0.394026 0.235731 0.111357 0.129069 0.706188
0 0.384306 0.23437 0.124831 0.145322 0.791639
0 0.384345 0.233034 0.122643 0.14185 0.769597
0 0.383008 0.23548 0.125037 0.140827 0.76903
0 0.382849 0.233088 0.119157 0.132137 0.729396
0 0.386144 0.231947 0.12301 0.136894 0.774414
0 0.392183 0.23255 0.117655 0.132671 0.708954
0 0.385273 0.232635 0.115561 0.133074 0.769313
0 0.385278 0.234543 0.118056 0.136715 0.666802
0 0.38631 0.2317 0.122374 0.139344 0.677774
0 0.385773 0.236314 0.121297 0.143936 0.754173
0 0.388056 0.235077 0.118121 0.137969 0.739987
0 0.386835 0.232826 0.119444 0.134206 0.679084
0 0.389534 0.236132 0.115471 0.128023 0.707318
0 0.387126 0.234333 0.116807 0.133978 0.755575
0 0.3862 0.23432 0.12183 0.140209 0.757431
0 0.385683 0.235182 0.120448 0.140325 0.682021
0 0.386839 0.232555 0.119533 0.13825 0.719531
0 0.386111 0.234213 0.120195 0.13713 0.733055
0 0.387374 0.234179 0.121413 0.139047 0.793292
0 0.387404 0.233134 0.121451 0.138206 0.77306
0 0.389235 0.23127 0.12163 0.139893 0.779494
0 0.388401 0.232767 0.119503 0.13629 0.803394
0 0.387884 0.234296 0.117773 0.13595 0.783299
0 0.387834 0.233075 0.121163 0.137565 0.809521
0 0.388771 0.23339 0.120001 0.137808 0.747574
0 0.388886 0.234375 0.119251 0.136506 0.786708
0 0.387441 0.233102 0.118199 0.136142 0.756992
0 0.38701 0.233897 0.121047 0.13926 0.809761
0 0.387126 0.234141 0.120498 0.140977 0.794248
0 0.387129 0.233967 0.116845 0.135677 0.80547
0 0.388049 0.232481 0.122339 0.1429 0.76613
0 0.386792 0.232915 0.122739 0.143331 0.825681
0 0.386583 0.231668 0.123452 0.143066 0.733073
0 0.388703 0.232064 0.120114 0.138907 0.82442
0 0.388249 0.231213 0.119512 0.137621 0.787758
0 0.388383 0.23479 0.119499 0.1381 0.794758
0 0.38909 0.233728 0.120699 0.139352 0.785039
0 0.387696 0.232296 0.119614 0.138491 0.836247
0 0.387586 0.232667 0.120279 0.140148 0.819241
0 0.387876 0.233016 0.122572 0.142207 0.823586
0 0.387644 0.232687 0.12007 0.140432 0.771156
0 0.390304 0.233215 0.122166 0.142742 0.733612
0 0.388322 0.23259 0.126006 0.149105 0.76907
0 0.388668 0.233191 0.120416 0.136081 0.803178
0 0.388223 0.234274 0.118521 0.133893 0.819365
0 0.388736 0.232197 0.117441 0.133739 0.798675
0 0.387812 0.232937 0.117984 0.133167 0.83313
0 0.388109 0.232711 0.11855 0.136481 0.827448
0 0.388488 0.232503 0.117788 0.134056 0.834104
0 0.38809 0.232004 0.117519 0.133152 0.817476
0 0.388695 0.232366 0.118346 0.134509 0.824635
0 0.388488 0.232495 0.117783 0.134058 0.833684
