0 0.463921 0.277347 0.23673 0.279021 0.99135
0 0.513518 0.269354 0.230334 0.288671 0.953126
0 0.544215 0.257183 0.218009 0.250579 0.730759
0 0.504503 0.270361 0.280554 0.32973 0.793769
0 0.477591 0.273746 0.253282 0.289858 0.805018
0 0.519273 0.273278 0.279128 0.319868 0.708879
0 0.499364 0.275395 0.284515 0.316341 0.689952
0 0.486782 0.269749 0.274815 0.316043 0.864909
0 0.490192 0.267292 0.268405 0.304954 0.739125
0 0.5093 0.267435 0.252513 0.289203 0.786774
0 0.483912 0.268701 0.253827 0.28283 0.735769
0 0.481996 0.267036 0.261755 0.290556 0.776339
0 0.49231 0.266196 0.249759 0.286385 0.879393
0 0.501063 0.266984 0.251568 0.282486 0.75357
0 0.488186 0.269175 0.269334 0.297269 0.777581
0 0.496799 0.263894 0.252952 0.290878 0.749504
0 0.503532 0.266839 0.268245 0.300622 0.768232
0 0.493553 0.269027 0.249661 0.287737 0.850873
0 0.483866 0.264392 0.246534 0.281392 0.773075
0 0.493682 0.261926 0.265994 0.3034 0.838678
0 0.481856 0.267627 0.259864 0.299377 0.853709
0 0.487328 0.263461 0.256588 0.288823 0.757382
0 0.503509 0.262579 0.262203 0.304493 0.827927
0 0.494662 0.263636 0.245223 0.283352 0.876194
0 0.492602 0.270355 0.24939 0.293943 0.906238
0 0.48707 0.264278 0.256055 0.273697 0.881602
0 0.490446 0.263222 0.261783 0.303833 0.93509
0 0.494452 0.26811 0.26404 0.293956 0.873299
0 0.486398 0.267632 0.250195 0.290171 0.916403
0 0.492467 0.261635 0.255861 0.293968 0.80633
0 0.485333 0.266501 0.258352 0.290392 0.840165
0 0.491531 0.262543 0.259005 0.295233 0.871179
0 0.488899 0.26371 0.25957 0.297801 0.890956
0 0.488541 0.269491 0.255231 0.291364 0.85855
0 0.489306 0.265954 0.261901 0.302919 0.884176
0 0.491585 0.272929 0.256109 0.289417 0.847643
0 0.492002 0.265417 0.264301 0.297764 0.792605
0 0.493924 0.257262 0.259426 0.291769 0.76588
0 0.492807 0.26632 0.257208 0.289693 0.856934
0 0.50458 0.263129 0.259162 0.296944 0.879055
0 0.495684 0.256822 0.254957 0.29069 0.833154
0 0.492831 0.267315 0.256567 0.292974 0.810282
0 0.485236 0.259842 0.253247 0.288059 0.911046
0 0.48448 0.26577 0.257541 0.299718 0.871119
0 0.485403 0.265436 0.252229 0.287352 0.888575
0 0.488529 0.270068 0.255005 0.286177 0.880612
0 0.487659 0.263899 0.25728 0.277108 0.852684
0 0.490761 0.263007 0.24931 0.284359 0.889444
0 0.482756 0.26343 0.259418 0.30549 0.859296
0 0.491874 0.273009 0.263217 0.298937 0.868268
0 0.4914 0.261899 0.256717 0.293195 0.870034
0 0.492782 0.262179 0.24537 0.28545 0.849283
0 0.487728 0.262745 0.25579 0.29093 0.887349
0 0.49033 0.265469 0.269306 0.302671 0.905503
0 0.494775 0.261584 0.269326 0.296815 0.867406
0 0.490311 0.272075 0.256038 0.287871 0.871445
0 0.485499 0.26407 0.260071 0.287772 0.840729
0 0.493063 0.262253 0.256938 0.296404 0.885507
0 0.493134 0.264637 0.258339 0.293016 0.861742
0 0.492452 0.265759 0.251772 0.290418 0.887376
0 0.492269 0.260659 0.258165 0.295271 0.839804
0 0.494833 0.262382 0.26505 0.301532 0.853118
0 0.485146 0.267409 0.256767 0.294117 0.868505
0 0.489891 0.268493 0.263002 0.296597 0.871963
0 0.49191 0.264946 0.26634 0.296868 0.82015
0 0.491175 0.261411 0.268902 0.30721 0.859596
0 0.484798 0.262732 0.260194 0.296198 0.856654
0 0.492471 0.265602 0.258072 0.293944 0.871677
0 0.493507 0.26329 0.2621 0.288788 0.861009
0 0.484964 0.271132 0.253806 0.289664 0.860588
0 0.487849 0.270108 0.260096 0.292006 0.878333
0 0.487241 0.266535 0.261513 0.297244 0.862391
0 0.489881 0.260161 0.262579 0.297994 0.874269
0 0.492437 0.266268 0.259257 0.297124 0.886793
0 0.488804 0.268579 0.263615 0.29694 0.86343
0 0.491784 0.261254 0.258431 0.292509 0.85761
0 0.488228 0.26562 0.265174 0.297336 0.899723
0 0.494339 0.258307 0.261142 0.300471 0.871721
0 0.491552 0.26024 0.2748 0.311744 0.86268
0 0.492049 0.262187 0.27059 0.307159 0.874157
0 0.493216 0.264824 0.266853 0.301264 0.885857
0 0.492461 0.265317 0.261846 0.290473 0.871157
0 0.489047 0.264801 0.264807 0.299756 0.874221
0 0.490405 0.261492 0.27286 0.30675 0.877283
0 0.491347 0.26286 0.268363 0.301779 0.875995
0 0.490641 0.266501 0.26661 0.29767 0.868071
0 0.490778 0.259781 0.259184 0.294389 0.875234
0 0.491086 0.26695 0.264754 0.294964 0.874849
0 0.492175 0.262795 0.262452 0.298064 0.880363
0 0.490503 0.264917 0.264432 0.30058 0.879808
0 0.491655 0.264012 0.269981 0.30294 0.900788
0 0.492862 0.267247 0.264692 0.29999 0.901497
0 0.491829 0.265034 0.264924 0.299122 0.895233
0 0.49104 0.26429 0.261127 0.297574 0.899748
0 0.49058 0.262191 0.264334 0.300751 0.865195
0 0.492706 0.265112 0.263284 0.296412 0.898359
0 0.489704 0.262918 0.266079 0.30123 0.887728
0 0.489955 0.263037 0.265269 0.300595 0.899027
0 0.489858 0.262763 0.264954 0.300817 0.896184
0 0.490838 0.262769 0.267192 0.303359 0.899211
0 0.489965 0.263024 0.265311 0.300621 0.898858
