0 0.519998 0.441141 0.241398 0.287809 0.970447
0 0.520098 0.412352 0.201277 0.232894 0.892391
0 0.185469 0.219286 0.196582 0.244418 0.85795
0 0.282782 0.327945 0.225757 0.261831 0.823342
0 0.302046 0.294245 0.181008 0.193439 0.726543
0 0.417157 0.245702 0.144155 0.171369 0.655267
0 0.540756 0.438677 0.277507 0.322459 0.812312
0 0.301382 0.30883 0.21304 0.234038 0.732677
0 0.409561 0.247676 0.125588 0.134856 0.71001
0 0.298947 0.318633 0.169249 0.194003 0.64762
0 0.289899 0.315523 0.183689 0.225033 0.795557
0 0.630949 0.205883 0.211081 0.253402 0.786141
0 0.402766 0.241037 0.127558 0.150145 0.608558
0 0.295665 0.311327 0.184224 0.219316 0.781972
0 0.536643 0.449757 0.246551 0.300019 0.693537
0 0.646168 0.199548 0.204908 0.252877 0.668094
0 0.409313 0.235232 0.140702 0.170558 0.625153
0 0.283993 0.321314 0.209925 0.247699 0.935291
0 0.528708 0.450529 0.244408 0.297749 0.833842
0 0.769068 0.460412 0.25526 0.318932 0.816672
0 0.651429 0.207272 0.191572 0.244099 0.765239
0 0.409305 0.244937 0.137122 0.159734 0.685422
0 0.651747 0.199688 0.210831 0.249551 0.738994
0 0.296083 0.311776 0.201161 0.23466 0.714451
0 0.411002 0.23831 0.146361 0.173629 0.659414
0 0.288058 0.312644 0.214619 0.254145 0.694319
0 0.406053 0.243568 0.147838 0.174715 0.648559
0 0.533213 0.438004 0.292503 0.372191 0.606445
0 0.404329 0.247605 0.147182 0.166255 0.755872
0 0.288317 0.318168 0.202257 0.241117 0.736664
0 0.649304 0.202461 0.200772 0.235683 0.626825
0 0.285811 0.3156 0.206799 0.243771 0.854411
0 0.529027 0.444278 0.277602 0.3243 0.734741
0 0.645699 0.202667 0.197866 0.237957 0.727778
0 0.779662 0.458527 0.265909 0.326129 0.695967
0 0.401602 0.242088 0.138718 0.163319 0.604476
0 0.28746 0.316501 0.209023 0.239979 0.890353
0 0.649193 0.200564 0.200821 0.2352 0.799752
0 0.532833 0.442477 0.267992 0.310327 0.794463
0 0.777235 0.452105 0.257346 0.306802 0.652052
0 0.400392 0.240733 0.166889 0.187715 0.619655
0 0.284861 0.315872 0.211017 0.249098 0.799114
0 0.647709 0.202628 0.187757 0.217582 0.698325
0 0.529172 0.437835 0.280562 0.318105 0.692651
0 0.401469 0.242745 0.124171 0.147718 0.688407
0 0.7654 0.451083 0.258917 0.303738 0.674319
0 0.28424 0.321509 0.21777 0.235995 0.755612
0 0.640358 0.205006 0.21404 0.242503 0.729403
0 0.405141 0.2397 0.160133 0.183965 0.671204
0 0.651309 0.20357 0.196512 0.234863 0.722537
0 0.28844 0.317216 0.209017 0.239751 0.716345
0 0.404815 0.240453 0.144661 0.16403 0.687071
0 0.779155 0.453039 0.263873 0.319837 0.657108
0 0.540181 0.438269 0.275969 0.314537 0.654854
0 0.645603 0.198678 0.208543 0.245401 0.825008
0 0.286269 0.31696 0.209722 0.241511 0.74624
0 0.404849 0.238923 0.148468 0.172591 0.731708
0 0.78079 0.453638 0.265563 0.315442 0.616193
0 0.284645 0.3158 0.213945 0.245401 0.815747
0 0.65383 0.205 0.193278 0.224389 0.812397
0 0.533681 0.44267 0.280509 0.324724 0.801644
0 0.784466 0.452314 0.28036 0.33439 0.783297
0 0.404383 0.238802 0.143506 0.166596 0.763303
0 0.284066 0.319905 0.206343 0.242668 0.786027
0 0.777398 0.454076 0.255889 0.304233 0.776516
0 0.649826 0.204671 0.198258 0.230278 0.709562
0 0.536413 0.441401 0.276476 0.316177 0.705318
0 0.401752 0.240434 0.144841 0.164567 0.657835
0 0.289285 0.319131 0.223141 0.257328 0.858543
0 0.650834 0.206661 0.205262 0.234843 0.803853
0 0.540239 0.429154 0.283611 0.320218 0.791466
0 0.407302 0.242189 0.166911 0.18952 0.752441
0 0.778984 0.44675 0.287246 0.344519 0.743843
0 0.643653 0.209281 0.193108 0.240246 0.755894
0 0.28716 0.323005 0.206035 0.244042 0.7349
0 0.399126 0.244368 0.160387 0.198454 0.625146
0 0.644707 0.199961 0.21064 0.246116 0.728877
0 0.278491 0.316264 0.22883 0.263058 0.707161
0 0.534046 0.434173 0.287847 0.329878 0.649135
0 0.407404 0.24296 0.167642 0.191956 0.609347
0 0.777583 0.45126 0.267862 0.311088 0.802547
0 0.281653 0.314282 0.224155 0.263369 0.776552
0 0.650192 0.201849 0.196468 0.228506 0.733907
0 0.543273 0.429384 0.280314 0.321808 0.722813
0 0.404775 0.239824 0.16736 0.188895 0.688515
0 0.645632 0.205968 0.194628 0.22023 0.83274
0 0.280648 0.319915 0.210982 0.239367 0.814177
0 0.406001 0.244053 0.163138 0.187727 0.795596
0 0.533578 0.434104 0.267194 0.308401 0.756329
0 0.773432 0.452574 0.251202 0.300117 0.709613
0 0.650075 0.209063 0.208149 0.24583 0.864203
0 0.283715 0.320568 0.211008 0.253007 0.808213
0 0.534549 0.441626 0.273191 0.326638 0.743169
0 0.775156 0.456055 0.267555 0.318254 0.740069
0 0.404621 0.246152 0.169163 0.186317 0.734477
0 0.279991 0.318669 0.21619 0.24616 0.811478
0 0.647469 0.200625 0.19744 0.231649 0.805988
0 0.767455 0.449202 0.298934 0.345509 0.77788
0 0.403212 0.240335 0.164145 0.185026 0.767878
0 0.534393 0.427829 0.280774 0.30792 0.694694
0 0.284025 0.314851 0.213074 0.249422 0.895894
0 0.648289 0.204282 0.20015 0.233381 0.858395
0 0.533209 0.435914 0.291242 0.328579 0.833894
0 0.773032 0.450043 0.272138 0.319551 0.833138
0 0.40389 0.236794 0.174299 0.194421 0.787843
0 0.281745 0.317909 0.225128 0.25518 0.861299
0 0.550668 0.438989 0.286189 0.33309 0.854042
0 0.64673 0.205834 0.201198 0.232693 0.848387
0 0.774921 0.445555 0.272247 0.317327 0.808044
0 0.402993 0.243747 0.17831 0.18923 0.770131
0 0.281662 0.32013 0.214919 0.246169 0.860244
0 0.64909 0.205123 0.210863 0.239864 0.848983
0 0.534074 0.437757 0.288015 0.331865 0.799162
0 0.777154 0.450651 0.274868 0.332526 0.768708
0 0.39997 0.24254 0.176188 0.192701 0.768338
0 0.64905 0.20439 0.198524 0.238119 0.823321
0 0.281338 0.317414 0.214309 0.254545 0.7951
0 0.407042 0.24879 0.165627 0.182878 0.749493
0 0.648979 0.202551 0.19358 0.229033 0.762726
0 0.281112 0.31751 0.216785 0.249062 0.757049
0 0.784153 0.452343 0.274155 0.317659 0.69747
0 0.406111 0.239694 0.16253 0.178774 0.64475
0 0.532314 0.427041 0.276893 0.313928 0.629201
0 0.647224 0.202076 0.204112 0.237895 0.811098
0 0.283566 0.313886 0.219544 0.255681 0.778854
0 0.542202 0.428882 0.299152 0.32926 0.723208
0 0.767389 0.447386 0.288616 0.325279 0.701331
0 0.404993 0.240759 0.168858 0.188437 0.667151
0 0.649272 0.201724 0.203561 0.237558 0.845991
0 0.284262 0.31163 0.221655 0.254429 0.81952
0 0.777421 0.451013 0.287622 0.329675 0.813339
0 0.541965 0.435081 0.292097 0.331938 0.804645
0 0.405205 0.240238 0.167792 0.19045 0.769815
0 0.64514 0.201227 0.217755 0.254111 0.807578
0 0.282451 0.315872 0.224094 0.264239 0.787923
0 0.544384 0.434824 0.284792 0.320241 0.762311
0 0.402568 0.237176 0.173516 0.197401 0.759552
0 0.787513 0.448884 0.292216 0.3342 0.669221
0 0.648 0.20479 0.204188 0.239943 0.851783
0 0.282551 0.318063 0.216466 0.251937 0.80842
0 0.53721 0.437537 0.2751 0.314801 0.804815
0 0.774408 0.458087 0.262304 0.311334 0.802897
0 0.402846 0.23858 0.168294 0.192613 0.779592
0 0.647241 0.205747 0.212962 0.253176 0.815325
0 0.275701 0.316571 0.225782 0.262071 0.797085
0 0.401585 0.250549 0.174115 0.189466 0.77838
0 0.536743 0.438102 0.267718 0.311087 0.73156
0 0.772435 0.451807 0.270921 0.309186 0.670356
0 0.285695 0.316226 0.231046 0.260343 0.811069
0 0.784065 0.455029 0.279286 0.32837 0.766187
0 0.541342 0.437358 0.274927 0.320009 0.762024
0 0.4055 0.2363 0.17578 0.202812 0.755907
0 0.648569 0.203967 0.209998 0.244553 0.755328
0 0.282377 0.31127 0.237376 0.270549 0.700155
0 0.402762 0.237945 0.171192 0.193134 0.686403
0 0.648556 0.199939 0.200915 0.236585 0.669145
0 0.539398 0.428461 0.263216 0.302609 0.633928
0 0.645547 0.201552 0.200243 0.233061 0.809556
0 0.283144 0.316811 0.214609 0.246259 0.808049
0 0.403632 0.242444 0.168998 0.19484 0.773407
0 0.779848 0.447996 0.275173 0.317531 0.747466
0 0.533823 0.426396 0.27627 0.311077 0.742985
0 0.2854 0.313244 0.215754 0.253771 0.839187
0 0.540418 0.430626 0.265143 0.30989 0.833935
0 0.787809 0.450201 0.264003 0.311782 0.821286
0 0.653225 0.201481 0.198988 0.234118 0.807842
0 0.404337 0.239723 0.172671 0.190955 0.762755
0 0.279681 0.316667 0.226085 0.262968 0.81191
0 0.644148 0.202518 0.20725 0.241243 0.779832
0 0.779109 0.445792 0.261451 0.304673 0.751304
0 0.40267 0.236947 0.17711 0.201995 0.726444
0 0.536488 0.42694 0.279393 0.316004 0.717319
0 0.280307 0.316865 0.2274 0.265138 0.77376
0 0.648694 0.205773 0.215051 0.253617 0.761231
0 0.539076 0.435346 0.275364 0.317704 0.745101
0 0.784366 0.454896 0.268917 0.315991 0.726634
0 0.403405 0.241391 0.176386 0.200465 0.71214
0 0.647534 0.201518 0.202078 0.236352 0.870042
0 0.53327 0.422868 0.27463 0.317312 0.84805
0 0.280647 0.31164 0.222514 0.260257 0.843731
0 0.773007 0.437376 0.260412 0.316478 0.796139
0 0.403049 0.235327 0.176943 0.207907 0.795525
0 0.532595 0.428836 0.272884 0.321469 0.846868
0 0.779763 0.44926 0.278235 0.323581 0.840164
0 0.277939 0.314449 0.225602 0.261511 0.81578
0 0.644728 0.203634 0.20886 0.243453 0.814731
0 0.401252 0.237375 0.17724 0.203752 0.776286
0 0.280998 0.315257 0.21994 0.255589 0.839256
0 0.781689 0.447977 0.278906 0.324218 0.830226
0 0.648276 0.207517 0.203402 0.236706 0.825838
0 0.540823 0.430355 0.292337 0.328518 0.803141
0 0.401002 0.239037 0.178465 0.203847 0.751727
0 0.287143 0.317064 0.20883 0.24373 0.859755
0 0.540125 0.431685 0.285388 0.324221 0.845673
0 0.779647 0.456185 0.268588 0.315402 0.807984
0 0.650978 0.210371 0.202676 0.238636 0.805076
0 0.404665 0.237815 0.162284 0.188524 0.773454
0 0.532612 0.425643 0.271474 0.310268 0.809563
0 0.283142 0.30954 0.216511 0.252551 0.809238
0 0.776869 0.449057 0.270289 0.313592 0.784106
0 0.649828 0.201214 0.200178 0.231529 0.776786
0 0.402667 0.236017 0.168725 0.189966 0.762094
0 0.53143 0.432007 0.26501 0.307227 0.849529
0 0.279223 0.315659 0.219981 0.253736 0.838074
0 0.780045 0.45242 0.259278 0.306178 0.836299
0 0.648107 0.203039 0.205659 0.238163 0.831026
0 0.403045 0.23628 0.171144 0.192088 0.777076
0 0.2841 0.318525 0.212343 0.253612 0.830913
0 0.651244 0.20832 0.201976 0.236936 0.810916
0 0.404941 0.246608 0.164546 0.18428 0.805035
0 0.77738 0.443008 0.264803 0.311603 0.795589
0 0.53241 0.429987 0.274755 0.319343 0.773403
0 0.283627 0.320974 0.221241 0.253925 0.821414
0 0.537376 0.436379 0.285503 0.329531 0.806386
0 0.651828 0.209776 0.207904 0.236098 0.802802
0 0.404557 0.243612 0.170857 0.188849 0.797438
0 0.782774 0.458117 0.275592 0.323974 0.783598
0 0.537234 0.431157 0.28215 0.32436 0.837459
0 0.282126 0.320557 0.223209 0.256633 0.824818
0 0.78223 0.457135 0.268434 0.310908 0.822033
0 0.645905 0.211087 0.208441 0.240278 0.802996
0 0.402766 0.238714 0.170451 0.198298 0.783365
0 0.283349 0.314033 0.222553 0.257768 0.80251
0 0.407425 0.242405 0.168524 0.194785 0.764642
0 0.540517 0.428712 0.282826 0.333796 0.75923
0 0.646883 0.207263 0.20458 0.23649 0.75532
0 0.782417 0.44236 0.269043 0.316454 0.72716
0 0.279426 0.317898 0.220241 0.258388 0.838949
0 0.537349 0.43436 0.28406 0.326516 0.818121
0 0.650645 0.206516 0.205041 0.237821 0.815161
0 0.775081 0.446158 0.26047 0.308538 0.793357
0 0.403879 0.242406 0.16641 0.187941 0.78112
0 0.282747 0.316312 0.222903 0.253992 0.87015
0 0.532815 0.435116 0.286378 0.33285 0.846045
0 0.649472 0.204183 0.200324 0.232198 0.840613
0 0.403644 0.239915 0.169786 0.191115 0.812331
0 0.774047 0.448226 0.266184 0.3139 0.802577
0 0.282591 0.312932 0.22002 0.252669 0.871656
0 0.651714 0.207471 0.200077 0.234185 0.842721
0 0.776606 0.448388 0.261151 0.297022 0.82031
0 0.534575 0.430266 0.282025 0.31978 0.804804
0 0.40384 0.237922 0.174114 0.198708 0.790801
0 0.284433 0.31583 0.213676 0.251475 0.855111
0 0.64718 0.209488 0.209273 0.247656 0.82237
0 0.538134 0.436937 0.26949 0.312922 0.817078
0 0.401186 0.236997 0.176691 0.203067 0.790471
0 0.77699 0.457721 0.259303 0.304439 0.788384
0 0.287508 0.312656 0.222237 0.252119 0.835897
0 0.652742 0.206042 0.203147 0.233334 0.827414
0 0.402905 0.237892 0.17724 0.200936 0.800537
0 0.775337 0.453819 0.262643 0.308421 0.792248
0 0.533632 0.429183 0.27151 0.314368 0.784545
0 0.539236 0.429799 0.278807 0.319696 0.809886
0 0.779415 0.450427 0.266944 0.314052 0.80209
0 0.64769 0.20412 0.204183 0.241057 0.793294
0 0.28535 0.312749 0.226482 0.264892 0.784896
0 0.401605 0.234554 0.181733 0.209379 0.724233
0 0.777671 0.454239 0.257599 0.308539 0.80757
0 0.281418 0.317739 0.215836 0.252454 0.806196
0 0.646254 0.207139 0.20195 0.235962 0.796575
0 0.543655 0.42967 0.262956 0.304462 0.789772
0 0.402214 0.236088 0.171355 0.198337 0.788479
0 0.281645 0.317585 0.221603 0.255434 0.85505
0 0.647944 0.206787 0.200763 0.237777 0.835961
0 0.535073 0.432639 0.272648 0.312549 0.823844
0 0.776231 0.454024 0.250011 0.29529 0.813998
0 0.405097 0.238488 0.184068 0.211643 0.803572
0 0.281768 0.315046 0.219396 0.253535 0.800678
0 0.650377 0.201278 0.203956 0.238417 0.760728
0 0.779773 0.450075 0.263597 0.309051 0.758341
0 0.537302 0.426747 0.26257 0.304242 0.756039
0 0.403663 0.234408 0.176719 0.202002 0.737585
0 0.280463 0.313537 0.223215 0.259721 0.821191
0 0.777735 0.448766 0.274157 0.31998 0.81184
0 0.540159 0.428927 0.277589 0.31776 0.808508
0 0.649025 0.202683 0.202577 0.235751 0.799325
0 0.40271 0.236779 0.173462 0.193763 0.757028
0 0.536422 0.435092 0.27005 0.316029 0.852986
0 0.776969 0.453754 0.262355 0.308858 0.849439
0 0.280533 0.320941 0.227638 0.267017 0.828779
0 0.401868 0.238035 0.177728 0.20468 0.809607
0 0.648045 0.208942 0.206291 0.242242 0.808614
0 0.778598 0.458611 0.260076 0.303634 0.85333
0 0.284973 0.317152 0.215753 0.250468 0.85138
0 0.537228 0.435273 0.270981 0.31131 0.838593
0 0.65271 0.208162 0.206551 0.241332 0.822978
0 0.404529 0.235519 0.178296 0.203461 0.81742
0 0.281741 0.315549 0.222481 0.258419 0.81215
0 0.650115 0.206083 0.2081 0.241845 0.78795
0 0.780226 0.450112 0.27425 0.319322 0.785852
0 0.537724 0.42992 0.286771 0.327511 0.773696
0 0.403699 0.236334 0.171678 0.194766 0.75836
0 0.276183 0.319439 0.230221 0.270644 0.844876
0 0.402361 0.234733 0.176709 0.202195 0.842784
0 0.537655 0.432121 0.28468 0.327863 0.826628
0 0.782198 0.454023 0.273889 0.317816 0.81916
0 0.649589 0.207777 0.203712 0.235792 0.81603
0 0.280813 0.316939 0.220602 0.253732 0.853891
0 0.781182 0.452903 0.268044 0.31397 0.843561
0 0.537671 0.431913 0.278811 0.321143 0.8405
0 0.402764 0.23355 0.178647 0.205787 0.829215
0 0.650214 0.206027 0.20961 0.245194 0.817088
0 0.284692 0.318931 0.218878 0.253236 0.858749
0 0.402233 0.236478 0.179253 0.205355 0.84244
0 0.539694 0.436216 0.272723 0.310422 0.840957
0 0.653621 0.205333 0.199684 0.234589 0.817068
0 0.777635 0.453291 0.26004 0.312749 0.811795
0 0.283484 0.316382 0.218093 0.252791 0.867873
0 0.404538 0.235495 0.171897 0.196781 0.828891
0 0.539702 0.43367 0.276599 0.313355 0.827136
0 0.653734 0.206026 0.198529 0.233306 0.818684
0 0.783822 0.453333 0.26913 0.312677 0.793059
0 0.534066 0.437333 0.276609 0.322209 0.829927
0 0.402479 0.237021 0.177172 0.203027 0.8287
0 0.280972 0.318353 0.220912 0.263445 0.827073
0 0.649852 0.207168 0.204484 0.240999 0.804051
0 0.776605 0.455037 0.269711 0.318734 0.78153
0 0.280153 0.318448 0.221873 0.257832 0.873963
0 0.540136 0.436535 0.272262 0.313275 0.873141
0 0.781067 0.45466 0.262109 0.309648 0.845426
0 0.652015 0.208109 0.206392 0.242741 0.84279
0 0.40399 0.238467 0.179777 0.207158 0.839857
0 0.538521 0.436632 0.271311 0.313262 0.857514
0 0.279523 0.320045 0.224229 0.259396 0.843116
0 0.401486 0.23569 0.182964 0.209211 0.826489
0 0.783745 0.454219 0.271482 0.316441 0.811082
0 0.652642 0.207829 0.207017 0.241092 0.802523
0 0.280775 0.314244 0.231218 0.269891 0.874035
0 0.538782 0.431016 0.278469 0.319322 0.844468
0 0.40499 0.231349 0.181302 0.205889 0.843358
0 0.652396 0.202974 0.207897 0.243283 0.838981
0 0.783222 0.452237 0.272144 0.317742 0.820579
0 0.535073 0.435285 0.27374 0.316449 0.848076
0 0.279096 0.31745 0.225204 0.264029 0.836199
0 0.778045 0.457586 0.260263 0.304854 0.820225
0 0.649204 0.2063 0.20661 0.241859 0.816186
0 0.402295 0.235118 0.179167 0.205255 0.811839
0 0.27686 0.318999 0.225391 0.264364 0.831867
0 0.535539 0.434209 0.274866 0.317589 0.831615
0 0.403179 0.234693 0.177961 0.203138 0.831492
0 0.650016 0.205541 0.206099 0.241745 0.808722
0 0.780903 0.457118 0.266457 0.310754 0.783184
0 0.282067 0.316389 0.222938 0.256926 0.860711
0 0.536859 0.433772 0.273758 0.310201 0.831185
0 0.649884 0.204694 0.204224 0.238737 0.827858
0 0.402928 0.234655 0.176766 0.201252 0.822459
0 0.778649 0.452877 0.262493 0.307181 0.800567
0 0.286452 0.313553 0.219897 0.255839 0.889368
0 0.536995 0.430129 0.279744 0.321125 0.884152
0 0.405316 0.234718 0.177234 0.202626 0.859379
0 0.650216 0.204863 0.206963 0.240084 0.855651
0 0.782476 0.454192 0.27305 0.31558 0.846492
0 0.283881 0.315117 0.223352 0.257352 0.885819
0 0.537353 0.43111 0.271441 0.313109 0.860705
0 0.403352 0.235103 0.176617 0.203965 0.83762
0 0.652445 0.205667 0.205146 0.236158 0.835901
0 0.782597 0.453176 0.265663 0.311095 0.833019
0 0.275196 0.31348 0.226856 0.262685 0.849995
0 0.400465 0.233401 0.180052 0.204886 0.829812
0 0.537863 0.428026 0.29128 0.334376 0.822827
0 0.650426 0.204448 0.206333 0.237916 0.81006
0 0.781909 0.448569 0.276477 0.31918 0.797876
0 0.282365 0.312699 0.224685 0.260577 0.847029
0 0.540164 0.426578 0.281109 0.323751 0.839478
0 0.402061 0.233389 0.177196 0.202474 0.809764
0 0.654455 0.201676 0.207168 0.239819 0.803724
0 0.788019 0.44585 0.275969 0.325443 0.799727
0 0.280922 0.314453 0.224437 0.259756 0.86976
0 0.537526 0.433947 0.270824 0.313262 0.855416
0 0.401518 0.23474 0.184079 0.209676 0.843666
0 0.783134 0.453382 0.266889 0.311798 0.82636
0 0.652017 0.203825 0.212306 0.245269 0.823909
0 0.537643 0.429933 0.269867 0.307616 0.855553
0 0.281234 0.314472 0.219427 0.252912 0.844752
0 0.400246 0.231957 0.182332 0.207656 0.835387
0 0.650123 0.204368 0.206891 0.237671 0.814395
0 0.780355 0.454219 0.264697 0.307526 0.811124
0 0.535716 0.433941 0.27534 0.319746 0.852182
0 0.281449 0.314069 0.224393 0.263038 0.84954
0 0.401133 0.234932 0.179783 0.207114 0.849521
0 0.651074 0.204753 0.209373 0.244 0.822174
0 0.77652 0.455244 0.271148 0.318341 0.821903
0 0.53568 0.431486 0.273221 0.31493 0.863347
0 0.281983 0.314272 0.223481 0.260264 0.850516
0 0.400776 0.234702 0.177855 0.204314 0.847214
0 0.778861 0.451356 0.266152 0.313316 0.83817
0 0.650818 0.204753 0.20399 0.237042 0.816921
0 0.539133 0.430886 0.272114 0.316271 0.853884
0 0.282009 0.317343 0.229333 0.26622 0.846525
0 0.783393 0.453708 0.270867 0.316443 0.815282
0 0.402305 0.235036 0.176737 0.200807 0.811839
0 0.651199 0.203859 0.203206 0.234005 0.80956
0 0.535824 0.432189 0.278341 0.315974 0.84658
0 0.278927 0.313216 0.227368 0.263075 0.844072
0 0.651946 0.204368 0.203724 0.237105 0.816625
0 0.7818 0.454587 0.269296 0.312191 0.815654
0 0.403 0.235645 0.176186 0.20057 0.815644
0 0.280177 0.311439 0.223691 0.260649 0.872758
0 0.536223 0.430853 0.273419 0.315634 0.864673
0 0.402806 0.234569 0.173863 0.198192 0.858387
0 0.650779 0.203672 0.201174 0.233504 0.832536
0 0.781209 0.45311 0.266469 0.312891 0.824284
0 0.281803 0.313488 0.22422 0.259444 0.867044
0 0.540034 0.431065 0.274476 0.313193 0.860567
0 0.401308 0.233674 0.17699 0.202075 0.854911
0 0.651097 0.204474 0.205043 0.23627 0.836017
0 0.780299 0.45582 0.261402 0.306663 0.809328
0 0.279296 0.314657 0.228872 0.266917 0.876808
0 0.536266 0.429087 0.27722 0.317714 0.875012
0 0.402004 0.235184 0.179221 0.205607 0.85482
0 0.650341 0.205798 0.207622 0.241103 0.842854
0 0.776565 0.453521 0.26702 0.312666 0.842286
0 0.536512 0.434416 0.272643 0.316567 0.872216
0 0.278505 0.315649 0.225482 0.262497 0.851255
0 0.402579 0.234735 0.177141 0.203582 0.843985
0 0.781283 0.456528 0.265035 0.314413 0.825008
0 0.651483 0.207598 0.203467 0.236015 0.810303
0 0.537407 0.431797 0.275677 0.313428 0.875939
0 0.279841 0.314002 0.232073 0.267377 0.866919
0 0.780869 0.455686 0.264319 0.306155 0.852471
0 0.402349 0.234168 0.179878 0.206313 0.847124
0 0.65081 0.205882 0.20747 0.24156 0.844626
0 0.279672 0.315669 0.228832 0.264493 0.87198
0 0.536493 0.434415 0.27084 0.310627 0.87125
0 0.402417 0.235435 0.17813 0.203386 0.852023
0 0.779059 0.458833 0.263714 0.308009 0.844879
0 0.649518 0.20659 0.206751 0.239878 0.832645
0 0.278858 0.314191 0.228027 0.264025 0.871237
0 0.536668 0.432715 0.275659 0.315457 0.864326
0 0.402675 0.233934 0.17824 0.20523 0.863406
0 0.782535 0.454447 0.269382 0.313333 0.841253
0 0.649851 0.20545 0.207049 0.239938 0.837213
0 0.535249 0.4328 0.273126 0.315399 0.877569
0 0.280963 0.314786 0.227114 0.262325 0.87621
0 0.402748 0.233606 0.177461 0.20243 0.86781
0 0.649233 0.204535 0.205976 0.239581 0.848891
0 0.778406 0.45499 0.263904 0.308699 0.847611
0 0.280568 0.313318 0.227898 0.263749 0.859041
0 0.538635 0.431808 0.278818 0.31985 0.856975
0 0.404222 0.234053 0.175717 0.200748 0.847142
0 0.781723 0.452082 0.271006 0.316272 0.832478
0 0.651768 0.204816 0.203794 0.236125 0.818635
0 0.536316 0.434844 0.274142 0.313121 0.878778
0 0.279149 0.315558 0.22674 0.260318 0.876923
0 0.402812 0.234038 0.1776 0.203063 0.868882
0 0.651254 0.205388 0.205264 0.237523 0.847126
0 0.7801 0.456837 0.263147 0.306002 0.84621
0 0.27859 0.31486 0.22813 0.262924 0.865857
0 0.536585 0.433544 0.278479 0.318382 0.86446
0 0.403201 0.234305 0.175866 0.201294 0.861688
0 0.781195 0.45542 0.268424 0.311971 0.830208
0 0.650788 0.204814 0.204638 0.236983 0.829854
0 0.279258 0.315498 0.227169 0.262285 0.886718
0 0.537108 0.433998 0.275841 0.314901 0.881089
0 0.403153 0.234731 0.177601 0.203084 0.876063
0 0.650887 0.206227 0.206077 0.238736 0.850879
0 0.780143 0.455115 0.264498 0.308301 0.846579
0 0.279122 0.315503 0.226204 0.261272 0.87949
0 0.536955 0.433431 0.274894 0.31417 0.877881
0 0.402966 0.234434 0.177203 0.202446 0.86677
0 0.7803 0.454845 0.263518 0.307438 0.842303
0 0.650854 0.206068 0.205025 0.237622 0.838072
0 0.279777 0.314791 0.226817 0.262554 0.879162
0 0.536734 0.433524 0.275104 0.314888 0.87738
0 0.403601 0.234031 0.177274 0.20277 0.867271
0 0.781001 0.455087 0.264571 0.308854 0.837444
0 0.651414 0.205312 0.205739 0.238166 0.836295
0 0.279248 0.315499 0.227173 0.262288 0.88644
0 0.537098 0.434007 0.275819 0.314874 0.880898
0 0.403158 0.234731 0.177586 0.203079 0.875828
0 0.650883 0.206213 0.206058 0.238733 0.85061
0 0.780137 0.455116 0.264496 0.308298 0.846313
