0 0.543207 0.21625 0.26417 0.31134 0.976458
0 0.545194 0.215175 0.199718 0.232343 0.841497
0 0.537412 0.2282 0.231075 0.287967 0.989408
0 0.547539 0.241068 0.292828 0.328093 0.836642
0 0.551871 0.197636 0.19664 0.224339 0.799803
0 0.545019 0.228853 0.283206 0.323051 0.900537
0 0.548602 0.23059 0.280487 0.342982 0.902751
0 0.541736 0.22884 0.27926 0.317586 0.79345
0 0.546744 0.233852 0.279874 0.331622 0.81309
0 0.547782 0.235456 0.286636 0.324394 0.89356
0 0.554495 0.230724 0.257094 0.309135 0.827037
0 0.557158 0.236411 0.279518 0.328768 0.856042
0 0.548936 0.236364 0.260715 0.297449 0.841962
0 0.554896 0.237451 0.276994 0.325479 0.815952
0 0.55799 0.230269 0.263678 0.312915 0.884372
0 0.560919 0.229235 0.265415 0.313849 0.746016
0 0.549935 0.233034 0.28771 0.323566 0.761076
0 0.553531 0.238156 0.276681 0.31811 0.850733
0 0.562419 0.237921 0.270499 0.320046 0.863312
0 0.559482 0.239313 0.264816 0.313169 0.902265
0 0.556481 0.233467 0.259098 0.299799 0.853341
0 0.563257 0.232838 0.262644 0.30803 0.889338
0 0.553903 0.2382 0.268202 0.31589 0.803372
0 0.552298 0.234227 0.26787 0.305996 0.799397
0 0.564398 0.230676 0.272348 0.316002 0.854243
0 0.556887 0.236012 0.256768 0.293373 0.86142
0 0.560424 0.242242 0.275673 0.324642 0.883802
0 0.555879 0.227628 0.271844 0.300494 0.849485
0 0.560299 0.237608 0.273632 0.32028 0.902201
0 0.559728 0.240509 0.275206 0.318918 0.87359
0 0.553567 0.23883 0.270628 0.314572 0.889239
0 0.559824 0.235372 0.276207 0.322163 0.818736
0 0.559071 0.233836 0.261551 0.293245 0.779189
0 0.562545 0.229809 0.278768 0.325509 0.85138
0 0.557367 0.23351 0.287572 0.33173 0.879067
0 0.563573 0.23175 0.275663 0.315058 0.807342
0 0.556377 0.23677 0.25901 0.306404 0.86857
0 0.564382 0.231328 0.282339 0.318716 0.835491
0 0.560965 0.241172 0.27453 0.3209 0.799057
0 0.563776 0.232133 0.289547 0.318943 0.806137
0 0.560502 0.234671 0.255488 0.297986 0.810881
0 0.567107 0.235693 0.263909 0.311038 0.852983
0 0.560009 0.229008 0.267009 0.310905 0.845908
0 0.561791 0.23645 0.276116 0.321487 0.78698
0 0.560986 0.224624 0.270694 0.323158 0.883862
0 0.561156 0.232906 0.264732 0.311002 0.875902
0 0.566238 0.229334 0.278694 0.321731 0.80734
0 0.565785 0.232982 0.267667 0.313028 0.844148
0 0.556932 0.23091 0.263497 0.30345 0.824482
0 0.56054 0.231663 0.256424 0.302051 0.869971
0 0.55658 0.228871 0.274146 0.321259 0.849723
0 0.561366 0.240193 0.268428 0.316048 0.860051
0 0.558814 0.238424 0.26966 0.311452 0.878907
0 0.565222 0.228993 0.262299 0.310303 0.810432
0 0.558742 0.237491 0.278971 0.317887 0.867279
0 0.556612 0.238574 0.28226 0.323674 0.870215
0 0.560521 0.233474 0.270223 0.314725 0.867312
0 0.56492 0.237547 0.262973 0.30882 0.859954
0 0.557235 0.235925 0.27199 0.314915 0.831376
0 0.565672 0.231232 0.269605 0.316859 0.836244
0 0.563421 0.232434 0.257162 0.308116 0.845709
0 0.560247 0.232909 0.263038 0.311715 0.85546
0 0.565544 0.231627 0.259418 0.308807 0.796486
0 0.563011 0.230649 0.279595 0.3227 0.864205
0 0.562471 0.236957 0.272748 0.314586 0.876203
0 0.561448 0.236225 0.264328 0.307997 0.871374
0 0.56113 0.231867 0.268775 0.314519 0.82756
0 0.563489 0.233245 0.272726 0.316398 0.86942
0 0.561609 0.236103 0.273149 0.317023 0.873837
0 0.56379 0.231404 0.267677 0.311861 0.859828
0 0.566441 0.235268 0.271441 0.315063 0.863947
0 0.556886 0.235033 0.271903 0.319548 0.84389
0 0.561448 0.235395 0.265757 0.310589 0.887557
0 0.56406 0.23687 0.270817 0.314166 0.853072
0 0.565988 0.229123 0.271382 0.316988 0.863459
0 0.560392 0.234627 0.266344 0.312162 0.868842
0 0.559378 0.236425 0.271265 0.314436 0.851695
0 0.560691 0.232537 0.267995 0.312268 0.850411
0 0.564101 0.231976 0.270681 0.313049 0.901801
0 0.565217 0.230133 0.266164 0.313023 0.871368
0 0.560856 0.231111 0.274645 0.315861 0.861254
0 0.561938 0.227555 0.268597 0.313621 0.857606
0 0.563241 0.231015 0.269338 0.310975 0.85956
0 0.560982 0.23395 0.267615 0.309969 0.845086
0 0.561352 0.232278 0.268531 0.315999 0.855825
0 0.563506 0.231257 0.268955 0.313276 0.859544
0 0.565196 0.23352 0.273592 0.317321 0.852544
0 0.564386 0.230679 0.27095 0.313458 0.845629
0 0.562736 0.230156 0.265868 0.312091 0.864529
0 0.565613 0.230823 0.266582 0.309284 0.861541
0 0.560948 0.228133 0.268157 0.315354 0.876801
0 0.562785 0.23499 0.267916 0.31334 0.854127
0 0.564276 0.229229 0.265391 0.308705 0.89056
0 0.562271 0.231628 0.261617 0.307197 0.883213
0 0.563584 0.229799 0.266001 0.31115 0.885427
0 0.559885 0.230746 0.263193 0.308429 0.894456
0 0.56283 0.228443 0.268287 0.314721 0.873338
0 0.562788 0.231489 0.264752 0.30939 0.899539
0 0.562428 0.22994 0.267917 0.314058 0.883522
0 0.562201 0.229652 0.267322 0.313072 0.89535
0 0.562661 0.229323 0.266989 0.313154 0.893037
0 0.562467 0.229297 0.26638 0.312794 0.893066
0 0.562194 0.229648 0.267305 0.313071 0.895107
