0 0.233173 0.364903 0.213954 0.256891 0.890692
0 0.215777 0.388008 0.321016 0.392734 0.846657
0 0.249819 0.335849 0.194131 0.221626 0.79906
0 0.705299 0.318119 0.348235 0.412051 0.745947
0 0.741636 0.434919 0.201839 0.228985 0.701899
0 0.550363 0.645901 0.17686 0.209213 0.64804
0 0.737764 0.328106 0.350291 0.4548 0.848617
0 0.731093 0.342941 0.354718 0.429815 0.717419
0 0.747752 0.336253 0.402134 0.493586 0.673926
0 0.737848 0.341469 0.401164 0.526123 0.67399
0 0.713551 0.331199 0.369498 0.47925 0.781823
0 0.544795 0.482073 0.477709 0.557995 0.748886
0 0.201485 0.384411 0.349651 0.403056 0.713866
0 0.738021 0.31404 0.404529 0.524944 0.809101
0 0.223879 0.384918 0.361236 0.452655 0.693316
0 0.529058 0.489944 0.482002 0.580004 0.671311
0 0.744251 0.32788 0.367737 0.46361 0.780642
0 0.214324 0.389375 0.286612 0.373426 0.773113
0 0.560992 0.4763 0.440619 0.519314 0.600017
0 0.727417 0.327603 0.368155 0.46605 0.749171
0 0.211264 0.400535 0.318765 0.393373 0.713646
0 0.5259 0.47796 0.380672 0.460692 0.62498
0 0.723037 0.322241 0.358379 0.454144 0.855387
0 0.196169 0.393414 0.315978 0.370424 0.796543
0 0.392843 0.410326 0.299786 0.363326 0.741835
0 0.524042 0.477972 0.389698 0.484914 0.733634
0 0.740061 0.319063 0.373189 0.460443 0.769028
0 0.216909 0.390726 0.336501 0.393866 0.7302
0 0.554097 0.469379 0.435681 0.533619 0.652472
0 0.738607 0.319084 0.370252 0.465424 0.787572
0 0.217657 0.388742 0.336734 0.418589 0.721732
0 0.75017 0.314506 0.403128 0.470162 0.801153
0 0.208496 0.393258 0.336691 0.413941 0.767216
0 0.74843 0.317099 0.384636 0.455055 0.81899
0 0.208902 0.385096 0.333655 0.396149 0.716602
0 0.568779 0.467211 0.4793 0.551938 0.646368
0 0.728948 0.325445 0.384776 0.473204 0.837972
0 0.209001 0.399338 0.323586 0.390876 0.792167
0 0.540463 0.472262 0.440661 0.549061 0.711679
0 0.745391 0.318488 0.362167 0.438367 0.855922
0 0.219278 0.39485 0.315776 0.369534 0.836134
0 0.414266 0.408399 0.293916 0.341992 0.640101
0 0.551221 0.475171 0.41203 0.510136 0.635469
0 0.221541 0.383481 0.325538 0.384567 0.791277
0 0.741385 0.315607 0.374704 0.451332 0.773424
0 0.416224 0.407062 0.312055 0.372326 0.665923
0 0.741333 0.3231 0.401557 0.466747 0.781633
0 0.218672 0.386918 0.329195 0.396998 0.770344
0 0.526492 0.473047 0.493129 0.551246 0.688233
0 0.722572 0.315581 0.376572 0.458333 0.812361
0 0.207593 0.387283 0.350996 0.388886 0.778603
0 0.53908 0.460602 0.426532 0.497849 0.719197
0 0.206348 0.392478 0.321303 0.383382 0.786597
0 0.726042 0.318647 0.395328 0.465916 0.752675
0 0.532495 0.463127 0.494145 0.567655 0.706013
0 0.208619 0.394616 0.310734 0.366074 0.804803
0 0.727114 0.326995 0.359542 0.433873 0.799177
0 0.535991 0.461938 0.41461 0.4997 0.742629
0 0.705804 0.327306 0.442785 0.505587 0.777471
0 0.526223 0.471331 0.548557 0.613159 0.774788
0 0.210329 0.38855 0.348106 0.408515 0.712944
0 0.205839 0.386549 0.335126 0.399093 0.810497
0 0.728746 0.323711 0.361884 0.413303 0.80047
0 0.404327 0.411022 0.33114 0.379027 0.752661
0 0.536883 0.471972 0.388611 0.440542 0.620002
0 0.209457 0.38836 0.313257 0.376508 0.781616
0 0.541003 0.472677 0.364523 0.439959 0.774798
0 0.73419 0.321381 0.336935 0.40911 0.774313
0 0.397282 0.401248 0.292418 0.35691 0.672503
0 0.215752 0.395645 0.347575 0.398524 0.86774
0 0.733366 0.319685 0.377331 0.451415 0.825065
0 0.404191 0.412226 0.304591 0.359765 0.823318
0 0.549218 0.468943 0.404529 0.449265 0.741253
0 0.744146 0.317649 0.362841 0.433593 0.887652
0 0.223992 0.389046 0.320788 0.372772 0.856622
0 0.552924 0.466509 0.384879 0.462441 0.756949
0 0.404908 0.408588 0.28521 0.349742 0.746477
0 0.724374 0.323177 0.383474 0.461816 0.784608
0 0.21556 0.393501 0.322102 0.378074 0.776391
0 0.533721 0.47557 0.421353 0.482723 0.681129
0 0.218202 0.389996 0.324605 0.385049 0.849591
0 0.732259 0.317625 0.354234 0.424825 0.794003
0 0.531312 0.460707 0.397216 0.464276 0.732889
0 0.218899 0.387725 0.332153 0.401305 0.771334
0 0.729777 0.318075 0.376737 0.475828 0.754497
0 0.532112 0.469629 0.422651 0.495074 0.643729
0 0.422055 0.408809 0.304706 0.368043 0.630438
0 0.21752 0.385047 0.335516 0.39275 0.780336
0 0.726269 0.312122 0.377201 0.451122 0.773737
0 0.542158 0.459788 0.420339 0.480217 0.684877
0 0.405402 0.401966 0.305621 0.364637 0.645393
0 0.220162 0.391236 0.32789 0.385696 0.779557
0 0.726195 0.316 0.361652 0.435212 0.769331
0 0.401557 0.410427 0.291607 0.36378 0.642401
0 0.541859 0.467836 0.385017 0.453287 0.640755
0 0.211644 0.39316 0.330865 0.385844 0.882057
0 0.735949 0.317047 0.379707 0.452166 0.877623
0 0.538987 0.474021 0.421206 0.506169 0.739751
0 0.394452 0.412689 0.317506 0.380554 0.716442
0 0.197171 0.387566 0.331857 0.39172 0.710157
0 0.708396 0.309605 0.382229 0.466335 0.669694
0 0.385071 0.404793 0.313757 0.385606 0.636999
0 0.527209 0.4639 0.418445 0.495878 0.613887
0 0.213542 0.393665 0.312512 0.375449 0.793846
0 0.739632 0.3143 0.362918 0.445518 0.731379
0 0.408364 0.416731 0.298676 0.345928 0.699683
0 0.554446 0.454896 0.410467 0.502475 0.673515
0 0.215364 0.389089 0.334995 0.401414 0.820919
0 0.725329 0.318719 0.40122 0.471112 0.778783
0 0.524174 0.481171 0.460794 0.511839 0.677672
0 0.215132 0.39057 0.327254 0.370744 0.790914
0 0.72601 0.311432 0.368137 0.427776 0.78312
0 0.53496 0.455065 0.407186 0.469228 0.727546
0 0.405082 0.409579 0.304685 0.344935 0.712604
0 0.731812 0.322184 0.355528 0.437316 0.792044
0 0.21615 0.390628 0.30556 0.377523 0.763363
0 0.411604 0.410222 0.285959 0.335695 0.755029
0 0.550927 0.465437 0.367917 0.445208 0.718866
0 0.21067 0.390932 0.318553 0.371631 0.78982
0 0.729251 0.324068 0.352217 0.417119 0.760241
0 0.403655 0.415386 0.295918 0.347442 0.736973
0 0.538472 0.460595 0.396941 0.469348 0.706456
0 0.218436 0.386399 0.329343 0.384219 0.797777
0 0.734216 0.317473 0.383978 0.454137 0.792742
0 0.541811 0.463932 0.395836 0.467965 0.74343
0 0.211764 0.38526 0.321152 0.386257 0.836312
0 0.719846 0.312032 0.373013 0.440372 0.827739
0 0.52694 0.461818 0.417586 0.506306 0.747288
0 0.386496 0.406484 0.315869 0.368118 0.715792
0 0.735203 0.322332 0.358833 0.423137 0.871655
0 0.21879 0.390113 0.319125 0.371719 0.856751
0 0.547112 0.467756 0.410237 0.49947 0.807832
0 0.409705 0.411298 0.29997 0.347845 0.740329
0 0.220594 0.391018 0.334809 0.390237 0.82773
0 0.401795 0.411265 0.298465 0.342904 0.808235
0 0.741637 0.320769 0.38342 0.454743 0.803016
0 0.526152 0.468938 0.436756 0.486002 0.655675
0 0.73392 0.314447 0.38137 0.454821 0.868085
0 0.222711 0.392519 0.334388 0.394305 0.84675
0 0.541229 0.464182 0.408807 0.487424 0.828712
0 0.401687 0.409976 0.302962 0.348151 0.782175
0 0.224166 0.387739 0.333493 0.388149 0.832806
0 0.731473 0.312796 0.373265 0.439247 0.829329
0 0.541793 0.474889 0.406478 0.477482 0.763346
0 0.400729 0.408544 0.288226 0.33368 0.755716
0 0.399388 0.407925 0.297573 0.341409 0.802225
0 0.210564 0.395734 0.321486 0.382532 0.774894
0 0.723511 0.316339 0.345802 0.415058 0.742965
0 0.527695 0.464377 0.396354 0.487383 0.703142
0 0.214323 0.392724 0.326655 0.387607 0.83534
0 0.735138 0.318636 0.375186 0.44114 0.813205
0 0.541417 0.470799 0.420833 0.490626 0.786757
0 0.413724 0.413519 0.316738 0.370914 0.692116
0 0.219064 0.392004 0.32201 0.383223 0.821806
0 0.734202 0.318025 0.372584 0.432268 0.787479
0 0.543789 0.46949 0.423216 0.504096 0.776507
0 0.218833 0.392603 0.332045 0.388153 0.817175
0 0.739536 0.316021 0.37245 0.443001 0.803015
0 0.541625 0.468648 0.398029 0.461252 0.759225
0 0.404337 0.412134 0.295151 0.341236 0.758099
0 0.222771 0.386438 0.328148 0.385397 0.786255
0 0.725702 0.313232 0.366497 0.439851 0.781653
0 0.551768 0.468177 0.3993 0.470461 0.768851
0 0.41476 0.412157 0.305541 0.356441 0.69522
0 0.215639 0.386362 0.318926 0.378588 0.81524
0 0.725454 0.317008 0.381845 0.441848 0.798153
0 0.399079 0.409786 0.308347 0.357866 0.764248
0 0.539526 0.466031 0.418904 0.498049 0.758892
0 0.221322 0.391039 0.33957 0.389517 0.790266
0 0.727737 0.309101 0.376181 0.427346 0.785486
0 0.543532 0.471206 0.396948 0.453437 0.766484
0 0.406783 0.412978 0.306207 0.35437 0.757565
0 0.729291 0.310186 0.381466 0.433768 0.832572
0 0.220672 0.383506 0.314009 0.372713 0.812232
0 0.411491 0.41442 0.295206 0.339216 0.77779
0 0.546714 0.469585 0.397873 0.460229 0.774567
0 0.730602 0.316952 0.3579 0.417067 0.8582
0 0.540256 0.473445 0.382292 0.448487 0.796878
0 0.217546 0.388247 0.314396 0.369926 0.785144
0 0.413288 0.417754 0.294939 0.34334 0.721678
0 0.732491 0.312441 0.376432 0.441529 0.841251
0 0.216706 0.385672 0.325186 0.384627 0.801413
0 0.545869 0.468093 0.390898 0.459664 0.778999
0 0.40865 0.411875 0.316413 0.376039 0.697418
0 0.724227 0.315915 0.374115 0.439802 0.849079
0 0.216679 0.390807 0.322235 0.385976 0.833104
0 0.531277 0.470687 0.408372 0.470804 0.782362
0 0.406517 0.412383 0.300994 0.34909 0.70967
0 0.216884 0.391832 0.328823 0.388557 0.867392
0 0.729764 0.317451 0.376116 0.440202 0.86217
0 0.528761 0.48135 0.415172 0.480878 0.789043
0 0.414335 0.415106 0.306994 0.37206 0.740402
0 0.719306 0.315619 0.395655 0.441583 0.799466
0 0.208331 0.389509 0.331504 0.385259 0.797119
0 0.532453 0.466025 0.443359 0.494336 0.710967
0 0.408262 0.408138 0.317853 0.371554 0.695384
0 0.732707 0.311683 0.384398 0.444029 0.82667
0 0.219394 0.388995 0.317929 0.380061 0.819063
0 0.543166 0.476737 0.376477 0.451695 0.763253
0 0.408858 0.413849 0.300828 0.356558 0.685089
0 0.214558 0.380473 0.319772 0.376536 0.828421
0 0.722672 0.306351 0.384447 0.441232 0.795618
0 0.538402 0.464132 0.396044 0.45725 0.745279
0 0.406784 0.406141 0.287321 0.360274 0.727638
0 0.214984 0.387794 0.323276 0.377481 0.821288
0 0.726797 0.312712 0.364742 0.439618 0.787824
0 0.545851 0.473276 0.397119 0.462364 0.746133
0 0.405791 0.412209 0.296285 0.357306 0.713689
0 0.221818 0.388709 0.318024 0.374583 0.815954
0 0.731643 0.317809 0.363515 0.437809 0.808213
0 0.546149 0.471546 0.386016 0.453255 0.759489
0 0.431197 0.419041 0.320079 0.3703 0.610225
0 0.728924 0.310034 0.379122 0.436762 0.828135
0 0.21471 0.380829 0.328375 0.37664 0.825535
0 0.537073 0.468515 0.40899 0.476914 0.80187
0 0.421129 0.406752 0.325393 0.372642 0.689772
0 0.718577 0.313605 0.378721 0.452877 0.819714
0 0.214182 0.387124 0.324063 0.379893 0.816534
0 0.536037 0.464668 0.418829 0.485327 0.800073
0 0.417408 0.412783 0.313078 0.365872 0.722249
0 0.731654 0.311919 0.379033 0.445 0.870281
0 0.221845 0.387473 0.328259 0.377738 0.848808
0 0.539654 0.469688 0.408879 0.477654 0.817252
0 0.417572 0.413617 0.296198 0.361255 0.719149
0 0.219607 0.389206 0.321703 0.36945 0.833186
0 0.728016 0.30966 0.370128 0.438042 0.819488
0 0.545446 0.468236 0.392124 0.461934 0.783134
0 0.408801 0.415518 0.296499 0.347842 0.739656
0 0.223424 0.387574 0.333241 0.383062 0.835707
0 0.733174 0.307973 0.372374 0.441763 0.82993
0 0.548147 0.467845 0.401461 0.466636 0.813389
0 0.412934 0.414358 0.290662 0.355058 0.720822
0 0.227521 0.392488 0.327623 0.38238 0.815966
0 0.732718 0.320716 0.380839 0.440109 0.807892
0 0.546811 0.476902 0.393021 0.460931 0.776308
0 0.412772 0.415897 0.29414 0.362847 0.640654
0 0.221996 0.394238 0.317998 0.375649 0.839981
0 0.729551 0.312122 0.372329 0.43509 0.816068
0 0.540316 0.47318 0.38945 0.458855 0.79242
0 0.425221 0.418808 0.299335 0.360907 0.698167
0 0.218381 0.392095 0.31596 0.375873 0.82962
0 0.72953 0.311911 0.375567 0.445492 0.815274
0 0.529962 0.471322 0.409541 0.467823 0.760401
0 0.417871 0.416075 0.294641 0.360461 0.700853
0 0.72718 0.314746 0.38438 0.449599 0.842845
0 0.2166 0.385354 0.333665 0.392137 0.829162
0 0.547178 0.475542 0.404786 0.478155 0.817663
0 0.409515 0.409693 0.293765 0.346017 0.748744
0 0.218511 0.388973 0.328276 0.385654 0.811536
0 0.72582 0.312505 0.367429 0.45238 0.778826
0 0.528637 0.477986 0.411449 0.487467 0.745429
0 0.40861 0.412587 0.305429 0.365194 0.70896
0 0.222133 0.392732 0.320508 0.375294 0.814864
0 0.73416 0.315244 0.382502 0.451462 0.801405
0 0.538978 0.48002 0.411623 0.470492 0.76118
0 0.42031 0.414887 0.296853 0.359068 0.658747
0 0.22058 0.386104 0.324778 0.370163 0.841308
0 0.72387 0.31055 0.379921 0.439053 0.815899
0 0.535074 0.472626 0.405948 0.468553 0.797975
0 0.408189 0.407247 0.297452 0.356149 0.695006
0 0.536451 0.473382 0.393115 0.460111 0.819853
0 0.221617 0.385529 0.32476 0.372907 0.817089
0 0.726639 0.308445 0.379633 0.447975 0.81534
0 0.410149 0.40748 0.300339 0.356459 0.726046
0 0.213267 0.389456 0.335837 0.384825 0.828671
0 0.530122 0.471593 0.421365 0.488406 0.818718
0 0.721629 0.312061 0.379795 0.447101 0.814251
0 0.410015 0.411975 0.308329 0.360561 0.737812
0 0.71769 0.310959 0.384464 0.447584 0.825207
0 0.212832 0.386054 0.327208 0.384595 0.822483
0 0.533486 0.468403 0.403888 0.463926 0.814818
0 0.402018 0.404778 0.299901 0.360498 0.743765
0 0.217061 0.392046 0.319491 0.379203 0.804473
0 0.53683 0.469117 0.413461 0.473438 0.801016
0 0.723615 0.309474 0.378099 0.456635 0.797821
0 0.41997 0.418251 0.303231 0.349438 0.71781
0 0.720433 0.311614 0.372899 0.44443 0.844317
0 0.219549 0.390066 0.321881 0.371366 0.839387
0 0.53444 0.471537 0.397635 0.457463 0.828755
0 0.419417 0.414697 0.297284 0.355569 0.657554
0 0.221472 0.393563 0.323481 0.367207 0.85887
0 0.726559 0.31614 0.370886 0.440822 0.842886
0 0.537783 0.480155 0.392329 0.457125 0.819528
0 0.418197 0.422 0.297977 0.35994 0.716915
0 0.215423 0.391844 0.317875 0.375674 0.840446
0 0.718662 0.310332 0.373318 0.453851 0.831829
0 0.536261 0.470648 0.402541 0.466725 0.804886
0 0.41428 0.413729 0.30405 0.364889 0.738647
0 0.221217 0.390826 0.323638 0.378162 0.850034
0 0.725729 0.305177 0.382043 0.451167 0.810927
0 0.541058 0.468656 0.402597 0.464153 0.810743
0 0.418781 0.416728 0.296522 0.359784 0.733439
0 0.219669 0.390345 0.319441 0.374358 0.840524
0 0.722614 0.306797 0.391762 0.447129 0.821699
0 0.544626 0.469904 0.412299 0.467957 0.800389
0 0.418326 0.413928 0.287769 0.351949 0.707712
0 0.215875 0.390558 0.326974 0.383921 0.846107
0 0.717847 0.309639 0.387272 0.442747 0.83856
0 0.536405 0.471477 0.412924 0.471905 0.786553
0 0.417311 0.414217 0.294435 0.35948 0.677096
0 0.218244 0.392215 0.322923 0.379697 0.844472
0 0.721284 0.314245 0.373203 0.444766 0.834674
0 0.541152 0.477754 0.39838 0.462998 0.79726
0 0.412241 0.417765 0.296972 0.34715 0.717186
0 0.22045 0.390172 0.320827 0.375117 0.842976
0 0.722663 0.308869 0.371322 0.44023 0.819678
0 0.540548 0.476944 0.391528 0.457206 0.806067
0 0.419538 0.420135 0.299649 0.344781 0.754466
0 0.217328 0.39111 0.323408 0.377264 0.860205
0 0.715961 0.311141 0.375251 0.444124 0.839452
0 0.541694 0.473479 0.403644 0.468903 0.796441
0 0.414327 0.415592 0.297973 0.35676 0.762538
0 0.216453 0.394457 0.323355 0.377098 0.850535
0 0.718937 0.317465 0.376072 0.442483 0.836927
0 0.543372 0.480843 0.404596 0.462684 0.805834
0 0.417529 0.418261 0.299585 0.359443 0.766942
0 0.217121 0.388981 0.323172 0.37696 0.844436
0 0.725456 0.310454 0.389873 0.443855 0.828188
0 0.545486 0.47191 0.407581 0.469258 0.810936
0 0.413781 0.418688 0.299093 0.344988 0.752015
0 0.215179 0.389293 0.321673 0.378202 0.855376
0 0.722103 0.309834 0.386499 0.446708 0.835899
0 0.539956 0.477393 0.398243 0.465756 0.822613
0 0.412536 0.41578 0.303719 0.357375 0.763893
0 0.215769 0.387798 0.324064 0.382648 0.851648
0 0.720514 0.311116 0.381929 0.453849 0.826443
0 0.541835 0.475593 0.408638 0.476055 0.818853
0 0.409707 0.412702 0.306241 0.35863 0.757785
0 0.216803 0.388611 0.319174 0.37774 0.854169
0 0.721062 0.31115 0.376722 0.448537 0.830366
0 0.541867 0.474949 0.397494 0.465407 0.813975
0 0.413631 0.415535 0.303637 0.356993 0.768213
0 0.22094 0.387889 0.329278 0.382934 0.851848
0 0.725844 0.30924 0.383999 0.449994 0.820166
0 0.541153 0.473376 0.412118 0.478944 0.811897
0 0.421386 0.41766 0.299439 0.359257 0.767957
0 0.218949 0.39056 0.324548 0.377203 0.861586
0 0.718792 0.308124 0.380784 0.447287 0.832795
0 0.538918 0.474027 0.412081 0.479308 0.826011
0 0.4151 0.416 0.303708 0.357488 0.776152
0 0.219648 0.389592 0.327709 0.380323 0.860615
0 0.72259 0.309483 0.378815 0.447376 0.830524
0 0.539452 0.474652 0.411619 0.475924 0.821656
0 0.416456 0.414804 0.307774 0.362205 0.763447
0 0.217059 0.39022 0.320474 0.374984 0.86568
0 0.719189 0.310567 0.378984 0.44448 0.835632
0 0.537788 0.476216 0.409754 0.474684 0.830383
0 0.41262 0.414145 0.304142 0.357369 0.779153
0 0.218862 0.389935 0.320672 0.375706 0.867185
0 0.542761 0.476948 0.407481 0.472547 0.841809
0 0.720443 0.309135 0.38091 0.44764 0.834898
0 0.412913 0.413913 0.302708 0.355274 0.774295
0 0.217628 0.389896 0.319957 0.375092 0.859866
0 0.540615 0.475121 0.406408 0.470445 0.836038
0 0.719063 0.309197 0.381036 0.44809 0.830575
0 0.412603 0.413495 0.302386 0.356229 0.76892
0 0.21704 0.390221 0.320467 0.374988 0.865751
0 0.719175 0.31057 0.378982 0.444458 0.835833
0 0.537802 0.4762 0.409719 0.474658 0.830686
0 0.412592 0.414139 0.304125 0.357341 0.779381
