0 0.634283 0.759371 0.2123 0.230282 0.742229
0 0.656915 0.755471 0.185148 0.18906 0.614179
0 0.575664 0.303403 0.151871 0.183494 0.679627
0 0.561695 0.302193 0.173888 0.198502 0.710295
0 0.567473 0.299788 0.159714 0.186751 0.692898
0 0.564738 0.301677 0.169734 0.196249 0.624196
0 0.576898 0.303676 0.148312 0.177252 0.631597
0 0.565698 0.301726 0.160234 0.188878 0.623467
0 0.565719 0.2985 0.163555 0.194995 0.642817
0 0.566797 0.301215 0.18069 0.203584 0.73554
0 0.557273 0.301359 0.169988 0.203608 0.616149
0 0.561502 0.299501 0.170826 0.199952 0.627886
0 0.571207 0.305293 0.165269 0.192267 0.75742
0 0.557715 0.298812 0.167715 0.198384 0.690442
0 0.569266 0.293453 0.179401 0.208158 0.626219
0 0.563331 0.300083 0.163432 0.193252 0.743719
0 0.563328 0.300673 0.169942 0.194189 0.727218
0 0.563989 0.300571 0.17104 0.196304 0.716549
0 0.560751 0.298476 0.165953 0.189605 0.604106
0 0.56782 0.300037 0.164871 0.18753 0.72751
0 0.562001 0.300451 0.175367 0.200802 0.673782
0 0.565816 0.3042 0.163682 0.191373 0.73184
0 0.560995 0.306024 0.158555 0.183276 0.724062
0 0.572106 0.300185 0.168388 0.198003 0.66802
0 0.56217 0.300484 0.162067 0.187368 0.646113
0 0.561916 0.301915 0.166291 0.190523 0.774998
0 0.562904 0.302196 0.159568 0.184674 0.63754
0 0.560134 0.299179 0.167489 0.195019 0.699702
0 0.559091 0.297036 0.16263 0.185604 0.796249
0 0.560373 0.299479 0.171772 0.194507 0.696292
0 0.565745 0.300336 0.167562 0.192502 0.678398
0 0.565432 0.30158 0.154586 0.178946 0.755836
0 0.56367 0.300967 0.165157 0.185931 0.749127
0 0.563106 0.300792 0.164406 0.189065 0.771765
0 0.562006 0.302116 0.163392 0.186545 0.765461
0 0.560237 0.300607 0.164397 0.187623 0.748712
0 0.561659 0.300783 0.162684 0.188007 0.766717
0 0.560792 0.300946 0.170267 0.194969 0.751339
0 0.553962 0.29711 0.16366 0.193715 0.755822
0 0.563131 0.29848 0.162506 0.18702 0.768348
0 0.561231 0.297292 0.164551 0.187446 0.781666
0 0.562419 0.301589 0.157327 0.183394 0.739596
0 0.565099 0.301614 0.156231 0.181976 0.688215
0 0.560216 0.29998 0.16173 0.188233 0.75078
0 0.564974 0.302767 0.160608 0.18659 0.723991
0 0.563481 0.300657 0.158335 0.18824 0.792515
0 0.561014 0.301011 0.164695 0.189389 0.720767
0 0.563506 0.301847 0.162904 0.188819 0.748846
0 0.562714 0.301826 0.168941 0.196537 0.784882
0 0.562423 0.302173 0.165361 0.186715 0.769732
0 0.563316 0.298438 0.159009 0.185202 0.677826
0 0.560988 0.299771 0.163643 0.188205 0.75854
0 0.558165 0.300892 0.160021 0.187157 0.747141
0 0.562787 0.301399 0.157684 0.185667 0.752785
0 0.559629 0.299068 0.161671 0.183524 0.755751
0 0.561516 0.303043 0.158046 0.181607 0.742241
0 0.566193 0.301932 0.158614 0.185232 0.765331
0 0.559427 0.302234 0.164032 0.188247 0.783864
0 0.560658 0.298815 0.167353 0.191975 0.824803
0 0.557013 0.300913 0.163726 0.188206 0.78463
0 0.561251 0.29991 0.163874 0.188974 0.788803
0 0.56095 0.300375 0.157836 0.181836 0.784281
0 0.560041 0.299543 0.164881 0.189464 0.819145
0 0.561636 0.300056 0.161098 0.19104 0.786584
0 0.558665 0.299351 0.158499 0.18259 0.813025
0 0.561398 0.299018 0.161096 0.187213 0.748066
0 0.562427 0.30264 0.162175 0.185898 0.832274
0 0.560884 0.300302 0.166694 0.190086 0.772868
0 0.559585 0.301324 0.160318 0.187603 0.816417
0 0.557582 0.301361 0.162895 0.188408 0.799095
0 0.561101 0.302136 0.160554 0.187208 0.800117
0 0.563165 0.30068 0.163428 0.187945 0.774979
0 0.562415 0.300323 0.161722 0.185238 0.810594
0 0.561255 0.302023 0.164128 0.188487 0.791348
0 0.561012 0.300319 0.165047 0.187753 0.807426
0 0.55952 0.300094 0.165806 0.189826 0.775294
0 0.561726 0.300326 0.167798 0.192842 0.805054
0 0.563447 0.302486 0.165792 0.191451 0.791526
0 0.561024 0.30038 0.166576 0.191474 0.791179
0 0.560588 0.300223 0.166897 0.1928 0.808061
0 0.562244 0.299282 0.167548 0.192966 0.757516
0 0.559382 0.300879 0.167028 0.19203 0.808213
0 0.557844 0.300997 0.16524 0.191861 0.797765
0 0.559526 0.301194 0.166267 0.19123 0.818258
0 0.55774 0.300898 0.16536 0.19162 0.795643
0 0.558924 0.300862 0.167007 0.193224 0.79727
0 0.559535 0.301186 0.166257 0.191239 0.817928
