0 0.505372 0.405167 0.60832 0.583482 0.605255
0 0.49171 0.42586 0.502833 0.613292 0.66135
0 0.50868 0.416548 0.538116 0.602877 0.713668
0 0.736525 0.355047 0.526949 0.710093 0.668975
0 0.736301 0.343541 0.527397 0.687082 0.64849
0 0.512502 0.400678 0.549314 0.630538 0.626438
0 0.498849 0.39805 0.553497 0.641192 0.817894
0 0.243788 0.366059 0.487575 0.714033 0.792317
0 0.746239 0.364101 0.507521 0.725293 0.724407
0 0.485892 0.403407 0.597343 0.640884 0.706637
0 0.744754 0.359027 0.510492 0.718054 0.686642
0 0.496956 0.399908 0.490769 0.611619 0.766356
0 0.754509 0.350125 0.490983 0.700249 0.681433
0 0.230077 0.341929 0.460154 0.683858 0.663799
0 0.509304 0.410852 0.580606 0.634556 0.71778
0 0.261921 0.348682 0.523843 0.676049 0.651263
0 0.520447 0.419026 0.555614 0.649963 0.791799
0 0.754413 0.35567 0.491173 0.711341 0.738221
0 0.263782 0.36623 0.527564 0.715526 0.735389
0 0.520397 0.423641 0.580549 0.670846 0.615097
0 0.249611 0.34686 0.499221 0.683641 0.694101
0 0.507155 0.392979 0.540126 0.642322 0.661006
0 0.748259 0.372683 0.503482 0.729482 0.62655
0 0.514514 0.421764 0.568083 0.62838 0.727032
0 0.269607 0.388452 0.539214 0.729534 0.634662
0 0.741057 0.397783 0.517886 0.760969 0.630608
0 0.50266 0.406596 0.569192 0.659658 0.710876
0 0.263776 0.372944 0.527553 0.745887 0.6606
0 0.498571 0.402115 0.58818 0.661761 0.773054
0 0.266223 0.363161 0.532447 0.724486 0.734049
0 0.746158 0.370687 0.507685 0.741374 0.631385
0 0.534154 0.384067 0.563104 0.651626 0.621424
0 0.525194 0.390867 0.520685 0.617407 0.723267
0 0.255956 0.338993 0.511912 0.661098 0.696131
0 0.514515 0.4086 0.590676 0.64656 0.760315
0 0.730936 0.403416 0.538127 0.806832 0.674247
0 0.266905 0.370809 0.53381 0.741617 0.654497
0 0.516262 0.407992 0.512856 0.593916 0.685692
0 0.248563 0.357633 0.497126 0.696252 0.678313
0 0.724084 0.359608 0.551833 0.719216 0.624469
0 0.503125 0.415942 0.528904 0.615553 0.733691
0 0.239085 0.35236 0.47817 0.666418 0.716838
0 0.511781 0.419587 0.551052 0.609 0.753226
0 0.737855 0.395347 0.524289 0.759406 0.611347
0 0.245686 0.341014 0.491372 0.661295 0.739763
0 0.499367 0.402773 0.552096 0.629094 0.732657
0 0.51463 0.396223 0.563208 0.675442 0.619523
0 0.519023 0.392751 0.5421 0.640975 0.860729
0 0.256642 0.339939 0.513283 0.679878 0.838598
0 0.746977 0.365221 0.506046 0.730442 0.65875
0 0.510376 0.379636 0.578659 0.66307 0.636698
0 0.249793 0.347255 0.499585 0.69451 0.790563
0 0.500675 0.385612 0.559709 0.662246 0.78434
0 0.728693 0.362808 0.542614 0.725617 0.640253
0 0.25227 0.34351 0.504541 0.655282 0.77251
0 0.524772 0.400191 0.537593 0.618988 0.751968
0 0.755847 0.362711 0.488306 0.68699 0.644202
0 0.252017 0.346843 0.504035 0.668438 0.74428
0 0.511218 0.381838 0.569038 0.657359 0.714326
0 0.735371 0.37605 0.529259 0.724637 0.670152
0 0.26096 0.344835 0.521919 0.689669 0.739075
0 0.510908 0.389573 0.541838 0.67131 0.720291
0 0.251935 0.347677 0.50387 0.695355 0.769086
0 0.513927 0.395401 0.561816 0.666269 0.724436
0 0.749251 0.365466 0.501498 0.730932 0.672985
0 0.511011 0.393125 0.568997 0.672591 0.657306
0 0.268913 0.36444 0.537826 0.72888 0.656817
0 0.747708 0.372337 0.504583 0.744674 0.61726
0 0.25082 0.352485 0.50164 0.670605 0.732098
0 0.506204 0.398655 0.54566 0.665157 0.730009
0 0.747729 0.365562 0.504542 0.70614 0.677125
0 0.498215 0.385968 0.691853 0.761939 0.675086
0 0.507402 0.386126 0.561922 0.656095 0.750786
0 0.255701 0.34486 0.511401 0.689721 0.737465
0 0.738927 0.378115 0.522146 0.75623 0.613672
0 0.568485 0.386931 0.75729 0.721911 0.611057
0 0.250952 0.330092 0.501904 0.660185 0.812577
0 0.525563 0.391681 0.545632 0.63521 0.746001
0 0.749673 0.377175 0.500653 0.708849 0.7127
0 0.597346 0.417615 0.805308 0.755314 0.634242
0 0.50532 0.401742 0.533903 0.632756 0.876042
0 0.24602 0.352171 0.492041 0.667526 0.858147
0 0.739995 0.374378 0.520009 0.700131 0.792616
0 0.51566 0.3929 0.537405 0.631591 0.815801
0 0.250914 0.339612 0.501828 0.679223 0.788467
0 0.739189 0.371901 0.521622 0.717523 0.714329
0 0.501365 0.398954 0.555536 0.657084 0.833378
0 0.248269 0.35 0.496538 0.688582 0.833318
0 0.745568 0.369802 0.508864 0.714451 0.736741
0 0.496118 0.3945 0.551176 0.671205 0.84518
0 0.247981 0.344158 0.495961 0.688316 0.835787
0 0.745646 0.362753 0.508708 0.706287 0.730215
0 0.2658 0.33884 0.5316 0.677679 0.739339
0 0.51324 0.389145 0.567228 0.653137 0.738208
0 0.528554 0.408615 0.742125 0.748363 0.721656
0 0.667259 0.409158 0.665483 0.756859 0.607904
0 0.255207 0.351984 0.510415 0.675012 0.814827
0 0.516303 0.398391 0.544137 0.660165 0.807289
0 0.742371 0.361176 0.515257 0.722351 0.710864
0 0.256091 0.335835 0.512182 0.67167 0.804405
0 0.508888 0.392493 0.55177 0.651795 0.756752
0 0.715224 0.363323 0.569553 0.726647 0.679656
0 0.254096 0.337693 0.508191 0.675387 0.757088
0 0.511793 0.39574 0.563502 0.654708 0.721243
0 0.717958 0.3712 0.539359 0.730615 0.676496
0 0.261807 0.341268 0.523614 0.682536 0.829992
0 0.512053 0.385486 0.570346 0.673964 0.815711
0 0.730078 0.363195 0.539844 0.72639 0.737069
0 0.50593 0.390667 0.539376 0.649211 0.837801
0 0.250185 0.335961 0.50037 0.671922 0.823719
0 0.747967 0.357576 0.504066 0.715152 0.749715
0 0.256654 0.346724 0.513309 0.693449 0.836733
0 0.494929 0.384251 0.585105 0.67538 0.819465
0 0.734685 0.365062 0.53063 0.730124 0.75419
0 0.257867 0.3394 0.515734 0.673843 0.794462
0 0.750667 0.372517 0.498666 0.735585 0.783858
0 0.524731 0.386856 0.584431 0.654885 0.76075
0 0.506205 0.380025 0.566067 0.671731 0.736594
0 0.247771 0.33823 0.495542 0.67646 0.731897
0 0.652605 0.356521 0.660247 0.713043 0.668164
0 0.265114 0.341682 0.530228 0.683364 0.752292
0 0.526423 0.391142 0.577802 0.672626 0.735184
0 0.74955 0.363821 0.500901 0.727643 0.73121
0 0.258367 0.366061 0.516735 0.662638 0.770882
0 0.739582 0.374344 0.520837 0.717484 0.762441
0 0.516594 0.408037 0.541569 0.657306 0.755872
0 0.255292 0.343347 0.510584 0.686694 0.759454
0 0.742316 0.363344 0.515368 0.726688 0.756156
0 0.510956 0.382547 0.558326 0.688351 0.744903
0 0.247777 0.336946 0.495555 0.673892 0.770143
0 0.514744 0.384391 0.531746 0.664071 0.75566
0 0.741481 0.362829 0.517038 0.725658 0.755015
0 0.256731 0.345296 0.513462 0.690592 0.786185
0 0.518364 0.400079 0.563191 0.674225 0.774125
0 0.743818 0.368952 0.512364 0.737905 0.728363
0 0.566471 0.39993 0.76629 0.710106 0.624578
0 0.477442 0.398985 0.714745 0.723412 0.753788
0 0.26279 0.355072 0.52558 0.710144 0.715585
0 0.729916 0.367331 0.540168 0.734662 0.712074
0 0.515071 0.395216 0.564337 0.671305 0.765925
0 0.268445 0.352802 0.536891 0.693444 0.758063
0 0.73864 0.366962 0.52272 0.716249 0.726196
0 0.558122 0.364522 0.814607 0.729043 0.605132
0 0.266621 0.349938 0.533242 0.699876 0.751771
0 0.735624 0.361687 0.528751 0.711679 0.732604
0 0.516586 0.386415 0.574074 0.680304 0.72755
0 0.258712 0.342481 0.517424 0.684963 0.749976
0 0.517971 0.387537 0.531335 0.656971 0.745759
0 0.739311 0.358705 0.521378 0.712235 0.708713
0 0.260749 0.347144 0.521497 0.694288 0.770315
0 0.513171 0.392421 0.55263 0.670164 0.747887
0 0.733903 0.35913 0.532193 0.703931 0.672032
0 0.503364 0.391685 0.552009 0.663414 0.765662
0 0.733426 0.373115 0.533147 0.729399 0.75165
0 0.260642 0.359625 0.521284 0.702799 0.73766
0 0.484846 0.362809 0.838341 0.725617 0.602333
0 0.500853 0.396433 0.572997 0.684027 0.744393
0 0.264942 0.35023 0.529884 0.700459 0.74237
0 0.748806 0.359165 0.502387 0.695724 0.675096
0 0.484535 0.378737 0.815173 0.757475 0.627904
0 0.508956 0.406842 0.568789 0.653831 0.795503
0 0.26788 0.363899 0.53576 0.679267 0.772438
0 0.721385 0.373258 0.549099 0.716659 0.723076
0 0.512804 0.407257 0.549081 0.650088 0.793862
0 0.255454 0.36411 0.510908 0.667533 0.781285
0 0.733082 0.378186 0.533837 0.709497 0.727582
0 0.257397 0.346256 0.514794 0.692513 0.780836
0 0.511588 0.386129 0.554579 0.67425 0.761573
0 0.727444 0.355401 0.545112 0.710802 0.677425
0 0.558831 0.367111 0.840829 0.719627 0.652685
0 0.253229 0.342325 0.506458 0.68465 0.756353
0 0.509111 0.389207 0.55202 0.663246 0.747667
0 0.739233 0.359991 0.521535 0.719983 0.747384
0 0.557851 0.375402 0.847358 0.731616 0.640678
0 0.260984 0.344883 0.521969 0.689766 0.745538
0 0.513672 0.389274 0.567252 0.662748 0.730941
0 0.726619 0.370413 0.546761 0.740825 0.671765
0 0.559603 0.392692 0.845907 0.739411 0.616222
0 0.265652 0.352375 0.531304 0.704751 0.764859
0 0.514108 0.402305 0.56711 0.653533 0.759052
0 0.730341 0.370359 0.539318 0.740718 0.735019
0 0.58996 0.383322 0.82008 0.737807 0.695951
0 0.360444 0.356821 0.720888 0.69736 0.654843
0 0.501294 0.410768 0.553045 0.648877 0.771919
0 0.261193 0.365878 0.522385 0.680923 0.767036
0 0.721323 0.371101 0.557353 0.723534 0.730882
0 0.567951 0.381515 0.848704 0.75 0.667679
0 0.509344 0.395807 0.549098 0.651882 0.781625
0 0.259491 0.34933 0.518981 0.6812 0.772767
0 0.728224 0.360336 0.543552 0.720671 0.732101
0 0.566398 0.375479 0.846568 0.734854 0.650407
0 0.509452 0.408946 0.558376 0.643671 0.796163
0 0.264723 0.353201 0.529447 0.694555 0.783036
0 0.721162 0.369477 0.556542 0.738955 0.733323
0 0.50579 0.401919 0.558879 0.652849 0.782306
0 0.267709 0.359031 0.535418 0.695338 0.762628
0 0.720524 0.369069 0.558952 0.738137 0.706865
0 0.559491 0.375697 0.844325 0.744377 0.605722
0 0.356735 0.350533 0.71347 0.701067 0.601849
0 0.501656 0.403532 0.553275 0.638523 0.78056
0 0.260686 0.359941 0.521373 0.675406 0.772491
0 0.728327 0.370474 0.543347 0.716021 0.749795
0 0.502798 0.394063 0.559765 0.668272 0.810624
0 0.261497 0.351185 0.522994 0.702369 0.80325
0 0.729549 0.365561 0.540902 0.731123 0.781457
0 0.505123 0.398789 0.572765 0.666201 0.799031
0 0.266579 0.351198 0.533159 0.701641 0.778287
0 0.731949 0.36745 0.536103 0.728598 0.759113
0 0.500194 0.40374 0.568927 0.666642 0.805882
0 0.268485 0.356748 0.536971 0.706834 0.779531
0 0.7216 0.374862 0.556801 0.740171 0.757145
0 0.504868 0.394146 0.592287 0.673216 0.775523
0 0.271204 0.350209 0.542408 0.700418 0.771326
0 0.72582 0.367509 0.54836 0.735019 0.733514
0 0.498503 0.395107 0.576972 0.671976 0.811943
0 0.260412 0.349378 0.520824 0.698755 0.787319
0 0.729679 0.366411 0.540642 0.732823 0.762681
0 0.500547 0.395107 0.575433 0.675388 0.797151
0 0.262407 0.352269 0.524815 0.704537 0.764697
0 0.7201 0.368693 0.559799 0.737386 0.756797
0 0.500482 0.394813 0.568148 0.665485 0.823528
0 0.25677 0.347739 0.513541 0.695477 0.798885
0 0.720619 0.364719 0.558762 0.729438 0.770151
0 0.502004 0.397674 0.577672 0.673184 0.823808
0 0.26105 0.350622 0.5221 0.701244 0.80492
0 0.729856 0.366761 0.540287 0.733522 0.775557
0 0.501051 0.394205 0.576216 0.672249 0.815423
0 0.260114 0.349998 0.520229 0.699995 0.799627
0 0.730718 0.365902 0.538563 0.731803 0.776367
0 0.50045 0.394842 0.568053 0.665405 0.823761
0 0.256723 0.34772 0.513445 0.695441 0.798988
0 0.72063 0.364701 0.558741 0.729402 0.770351
