0 0.252145 0.318144 0.11498 0.146591 0.676754
0 0.579928 0.32688 0.199032 0.233642 0.668011
0 0.594041 0.326564 0.195471 0.217764 0.84575
0 0.569321 0.107548 0.0926852 0.109443 0.630543
0 0.577127 0.335066 0.161881 0.198967 0.722179
0 0.257024 0.31809 0.107421 0.135867 0.690098
0 0.588832 0.327249 0.1768 0.203283 0.823665
0 0.254647 0.312191 0.125466 0.161333 0.757214
0 0.564546 0.105116 0.0985576 0.116586 0.680906
0 0.438826 0.320326 0.103828 0.130248 0.618512
0 0.587656 0.336321 0.170028 0.19721 0.947944
0 0.254557 0.317744 0.119263 0.14477 0.810472
0 0.566957 0.110161 0.0872107 0.105748 0.776067
0 0.439223 0.334379 0.0952011 0.107402 0.692341
0 0.36863 0.232312 0.105445 0.12458 0.666595
0 0.480661 0.148322 0.0883607 0.106374 0.622257
0 0.589574 0.328989 0.181678 0.213366 0.734213
0 0.257986 0.31589 0.103073 0.132826 0.697883
0 0.568559 0.105008 0.0815909 0.101264 0.636863
0 0.586024 0.332196 0.18821 0.218722 0.698671
0 0.568112 0.105984 0.0933566 0.115419 0.655324
0 0.255471 0.313888 0.117192 0.143938 0.638027
0 0.589905 0.331277 0.175093 0.210824 0.825131
0 0.256549 0.312249 0.122934 0.145907 0.736763
0 0.567895 0.104377 0.0860853 0.0937108 0.680506
0 0.586737 0.332233 0.185497 0.221831 0.842049
0 0.260918 0.315702 0.118492 0.139124 0.683125
0 0.441621 0.323606 0.104172 0.124192 0.636304
0 0.58379 0.334033 0.188133 0.218489 0.879778
0 0.253878 0.317315 0.122139 0.138771 0.795406
0 0.566178 0.107328 0.0900247 0.105822 0.6679
0 0.366582 0.230792 0.102723 0.119055 0.630941
0 0.587374 0.332492 0.17297 0.199998 0.739851
0 0.251715 0.317108 0.113924 0.135787 0.637019
0 0.562835 0.106904 0.0861991 0.100732 0.617148
0 0.585172 0.328456 0.189766 0.225993 0.746567
0 0.255971 0.315077 0.12437 0.147204 0.646815
0 0.591306 0.334383 0.181752 0.209954 0.849296
0 0.258986 0.313006 0.126703 0.149713 0.691573
0 0.478841 0.142477 0.100835 0.117128 0.610777
0 0.587957 0.331885 0.184834 0.218454 0.833064
0 0.564547 0.107611 0.0773089 0.0947225 0.743148
0 0.371385 0.228171 0.0990438 0.114582 0.739472
0 0.25893 0.313601 0.122026 0.145632 0.735928
0 0.480096 0.145596 0.0857799 0.0945944 0.729847
0 0.439025 0.327078 0.110192 0.12892 0.672453
0 0.589669 0.332943 0.176851 0.210098 0.856206
0 0.437684 0.327964 0.116234 0.134926 0.703618
0 0.569031 0.107106 0.0935559 0.111403 0.678725
0 0.258386 0.313975 0.127941 0.146835 0.647724
0 0.483343 0.143624 0.091518 0.104296 0.638423
0 0.37031 0.228478 0.107938 0.118739 0.624275
0 0.584104 0.332644 0.181991 0.213189 0.764847
0 0.256399 0.3175 0.121722 0.143154 0.681762
0 0.479428 0.144979 0.0864371 0.105674 0.663936
0 0.567684 0.105418 0.0888562 0.107121 0.654589
0 0.371261 0.229656 0.10912 0.123509 0.631567
0 0.438351 0.326285 0.104828 0.120984 0.627531
0 0.587319 0.330526 0.189588 0.220018 0.911059
0 0.25917 0.315526 0.121937 0.144648 0.748992
0 0.482273 0.14324 0.0919223 0.104222 0.696801
0 0.443194 0.328011 0.120318 0.138513 0.689991
0 0.372897 0.229347 0.099582 0.117521 0.663602
0 0.568777 0.10799 0.0935286 0.108996 0.662331
0 0.582691 0.337505 0.179361 0.213267 0.79017
0 0.37018 0.228782 0.108937 0.126319 0.738758
0 0.480431 0.144572 0.0910617 0.10747 0.681402
0 0.567846 0.105549 0.0911692 0.111 0.667035
0 0.259034 0.313923 0.119996 0.142382 0.659926
0 0.439969 0.327364 0.115033 0.137206 0.623159
0 0.585487 0.330363 0.181082 0.214154 0.762511
0 0.256006 0.316367 0.128026 0.146214 0.631561
0 0.481377 0.143109 0.0914617 0.103178 0.629955
0 0.586221 0.332292 0.178579 0.209948 0.803422
0 0.255598 0.314459 0.125699 0.1542 0.635272
0 0.479982 0.145292 0.0940465 0.107421 0.626348
0 0.584158 0.335892 0.181094 0.20708 0.877547
0 0.482754 0.147673 0.090489 0.108769 0.80589
0 0.259906 0.317113 0.122935 0.141732 0.776747
0 0.369697 0.231045 0.111943 0.128458 0.765062
0 0.566711 0.1114 0.0953563 0.108805 0.729339
0 0.440997 0.330844 0.117673 0.136033 0.701639
0 0.586941 0.33868 0.190307 0.226537 0.78643
0 0.481077 0.144607 0.0890202 0.104147 0.704802
0 0.258769 0.314684 0.121194 0.140825 0.703731
0 0.369455 0.229654 0.107168 0.123329 0.665065
0 0.569384 0.108757 0.0925371 0.10743 0.640733
0 0.581916 0.331004 0.179769 0.210961 0.833294
0 0.481877 0.143859 0.0918826 0.109285 0.789147
0 0.436994 0.328134 0.109806 0.128559 0.699158
0 0.252951 0.314459 0.11876 0.140333 0.658657
0 0.370731 0.22961 0.108001 0.118083 0.650121
0 0.568447 0.107453 0.0870834 0.101549 0.636027
0 0.587282 0.332915 0.184935 0.216244 0.880395
0 0.369969 0.22739 0.109714 0.127155 0.735278
0 0.482289 0.142209 0.0940975 0.113009 0.718821
0 0.256702 0.311119 0.128057 0.149549 0.697487
0 0.566519 0.105783 0.0915172 0.106824 0.674941
0 0.440236 0.327703 0.11652 0.135867 0.623951
0 0.588242 0.331446 0.190267 0.221326 0.883513
0 0.481692 0.143675 0.0883577 0.103574 0.694769
0 0.253417 0.312828 0.126534 0.144606 0.694284
0 0.369055 0.228696 0.105131 0.123653 0.685608
0 0.568727 0.107751 0.0918361 0.108196 0.673164
0 0.43671 0.330672 0.119436 0.140874 0.615828
0 0.585098 0.332539 0.1834 0.213894 0.876199
0 0.368818 0.230754 0.105375 0.121718 0.76176
0 0.480523 0.144458 0.0926741 0.107635 0.75689
0 0.256983 0.314843 0.123046 0.142284 0.723776
0 0.43633 0.332991 0.117235 0.138217 0.657853
0 0.565423 0.110119 0.0932174 0.107486 0.653425
0 0.585794 0.333037 0.185992 0.218363 0.771177
0 0.481385 0.146676 0.0922177 0.108802 0.74012
0 0.257866 0.316891 0.119921 0.139103 0.727476
0 0.371088 0.232571 0.108631 0.122024 0.7067
0 0.566401 0.110065 0.0976945 0.109851 0.689613
0 0.437634 0.332572 0.114262 0.13188 0.685844
0 0.585722 0.33298 0.18564 0.215125 0.799141
0 0.482418 0.143721 0.0951373 0.110842 0.743225
0 0.567768 0.10846 0.0926917 0.103456 0.672086
0 0.255488 0.314647 0.122086 0.147743 0.667146
0 0.37084 0.229439 0.108351 0.123619 0.653146
0 0.588229 0.330392 0.191205 0.218624 0.784769
0 0.48133 0.143051 0.0940915 0.1117 0.702724
0 0.370345 0.227333 0.111748 0.124439 0.651598
0 0.257221 0.313007 0.120888 0.144023 0.628094
0 0.568585 0.108711 0.0935575 0.110908 0.605492
0 0.587136 0.330897 0.191148 0.22045 0.857851
0 0.48141 0.142601 0.099059 0.115075 0.756557
0 0.568383 0.107147 0.0980358 0.111946 0.731041
0 0.370334 0.228477 0.110566 0.126504 0.697262
0 0.253639 0.310979 0.124763 0.14549 0.664826
0 0.43974 0.331459 0.119273 0.139105 0.642337
0 0.586252 0.329902 0.190551 0.220896 0.831737
0 0.481896 0.142609 0.0933725 0.110387 0.803524
0 0.567628 0.109375 0.093821 0.10667 0.791306
0 0.369381 0.228655 0.106012 0.12694 0.77462
0 0.257886 0.311643 0.12373 0.147656 0.709578
0 0.439325 0.329973 0.114861 0.139323 0.70393
0 0.586536 0.331285 0.189073 0.220707 0.878028
0 0.482151 0.143333 0.0945986 0.11311 0.788326
0 0.370257 0.230724 0.113134 0.127024 0.716718
0 0.568674 0.10635 0.0981849 0.113335 0.714941
0 0.256246 0.31513 0.123078 0.145275 0.69494
0 0.437597 0.332563 0.120195 0.139671 0.672332
0 0.589008 0.33986 0.181698 0.211143 0.843926
0 0.482727 0.145371 0.0939847 0.110375 0.763391
0 0.564672 0.109666 0.0976076 0.11308 0.739519
0 0.257904 0.317806 0.122224 0.141968 0.723469
0 0.369935 0.23099 0.105736 0.119484 0.653864
0 0.591268 0.332705 0.191263 0.222055 0.805885
0 0.482838 0.142832 0.0892867 0.107006 0.714459
0 0.370703 0.227573 0.106508 0.126672 0.695177
0 0.25782 0.312503 0.12102 0.142724 0.663393
0 0.569078 0.108933 0.0904982 0.109309 0.649719
0 0.587769 0.330796 0.187114 0.217365 0.767589
0 0.479795 0.142925 0.0946736 0.115061 0.642751
0 0.587144 0.332119 0.184896 0.21571 0.857264
0 0.481026 0.144599 0.09419 0.108469 0.734261
0 0.43683 0.331059 0.125338 0.143915 0.67804
0 0.567294 0.110089 0.0925224 0.108301 0.666597
0 0.253478 0.313563 0.122157 0.141975 0.662557
0 0.366371 0.230466 0.107559 0.12229 0.642826
0 0.588532 0.331338 0.187116 0.216852 0.873059
0 0.258116 0.312502 0.12786 0.146451 0.740091
0 0.368403 0.229276 0.110957 0.124904 0.732919
0 0.482152 0.143533 0.0928835 0.107959 0.730656
0 0.566824 0.106972 0.10017 0.111145 0.69333
0 0.439654 0.331956 0.119177 0.137125 0.646567
0 0.586512 0.331862 0.185107 0.215026 0.827165
0 0.483443 0.145857 0.0982722 0.114326 0.645151
0 0.25706 0.3147 0.12649 0.149718 0.634786
0 0.369435 0.231678 0.111629 0.12971 0.621905
0 0.58713 0.339122 0.189484 0.218427 0.849011
0 0.483121 0.143266 0.0907529 0.106362 0.746998
0 0.568988 0.10877 0.0924486 0.105069 0.720985
0 0.367638 0.227801 0.106853 0.12227 0.713086
0 0.257733 0.31188 0.124059 0.144948 0.694382
0 0.439805 0.330959 0.116896 0.136099 0.635346
0 0.585655 0.331536 0.186355 0.219918 0.894722
0 0.369533 0.227815 0.107796 0.124592 0.68686
0 0.482785 0.143213 0.0929527 0.113265 0.670882
0 0.568172 0.109548 0.0899476 0.110751 0.640381
0 0.440095 0.329526 0.1161 0.135559 0.628771
0 0.25471 0.309292 0.12191 0.146742 0.607247
0 0.5827 0.332092 0.189524 0.219785 0.845665
0 0.48188 0.144566 0.0943978 0.111793 0.755475
0 0.566319 0.108902 0.0931341 0.107345 0.691269
0 0.369959 0.226382 0.115883 0.134988 0.676749
0 0.253247 0.307344 0.13031 0.154078 0.656054
0 0.440657 0.330307 0.123376 0.142271 0.641754
0 0.586209 0.335424 0.187586 0.214468 0.881731
0 0.482846 0.143818 0.0935496 0.108878 0.777322
0 0.368659 0.228063 0.111598 0.127663 0.759857
0 0.566901 0.109072 0.0987076 0.111707 0.740918
0 0.257151 0.312605 0.122297 0.142087 0.703156
0 0.439872 0.330339 0.117611 0.137182 0.612237
0 0.586632 0.335198 0.181068 0.214098 0.858327
0 0.483636 0.142773 0.0926005 0.109748 0.775191
0 0.570004 0.109014 0.0922797 0.110439 0.709413
0 0.372448 0.226847 0.105479 0.123922 0.703925
0 0.255857 0.310372 0.12378 0.145107 0.646851
0 0.441302 0.331432 0.116665 0.136867 0.610176
0 0.583904 0.332534 0.181924 0.211502 0.836841
0 0.483723 0.143362 0.0963053 0.112149 0.820791
0 0.568335 0.108282 0.0944756 0.107101 0.786899
0 0.369475 0.228103 0.11008 0.124724 0.771972
0 0.439812 0.329037 0.119171 0.13932 0.702587
0 0.256222 0.311951 0.123099 0.143457 0.680608
0 0.583806 0.333034 0.185795 0.216734 0.857641
0 0.480375 0.141709 0.0930222 0.107491 0.763907
0 0.565992 0.107521 0.0907808 0.105439 0.708521
0 0.366934 0.225974 0.108105 0.124063 0.694583
0 0.438213 0.328866 0.11866 0.141992 0.680174
0 0.252711 0.310116 0.124062 0.146513 0.636662
0 0.582269 0.336606 0.180103 0.21044 0.861001
0 0.481419 0.14411 0.0946754 0.112487 0.775224
0 0.369559 0.230262 0.108971 0.125101 0.766601
0 0.56803 0.109073 0.0901309 0.10734 0.706013
0 0.44047 0.330658 0.116973 0.136362 0.686477
0 0.255048 0.313408 0.121443 0.140983 0.656037
0 0.586167 0.338917 0.186931 0.213943 0.858825
0 0.482644 0.143009 0.0946069 0.11218 0.830243
0 0.370156 0.228596 0.111163 0.127557 0.815307
0 0.567627 0.106612 0.0956059 0.110143 0.772163
0 0.254616 0.312304 0.126946 0.146029 0.741899
0 0.439039 0.330272 0.124038 0.141132 0.674768
0 0.583068 0.334281 0.187798 0.217751 0.843264
0 0.369571 0.229815 0.111049 0.126222 0.699025
0 0.567348 0.10969 0.0936748 0.112211 0.696499
0 0.481441 0.144878 0.0921104 0.109749 0.695529
0 0.253025 0.312154 0.126984 0.150325 0.650308
0 0.583845 0.334544 0.188212 0.215821 0.822164
0 0.48333 0.144719 0.098657 0.114183 0.752853
0 0.371495 0.228119 0.113386 0.131137 0.719304
0 0.441508 0.330934 0.121916 0.142653 0.708035
0 0.566928 0.10879 0.0963508 0.111816 0.695791
0 0.253773 0.31187 0.130173 0.150956 0.619902
0 0.584054 0.333477 0.185856 0.219117 0.858184
0 0.482021 0.144874 0.0964627 0.109 0.833859
0 0.368841 0.228984 0.111694 0.125481 0.768297
0 0.566517 0.109419 0.0951666 0.109083 0.753602
0 0.439765 0.33012 0.120764 0.141599 0.717315
0 0.251529 0.312081 0.125811 0.145359 0.606355
0 0.583445 0.331063 0.187843 0.220473 0.876585
0 0.48123 0.143006 0.0932929 0.109058 0.794203
0 0.3685 0.226475 0.110308 0.126967 0.786696
0 0.439999 0.328753 0.122296 0.143014 0.779185
0 0.566494 0.106042 0.0996945 0.114748 0.766657
0 0.252256 0.311762 0.125313 0.145884 0.696347
0 0.584313 0.329922 0.186148 0.217649 0.869267
0 0.48226 0.14471 0.0940238 0.108164 0.775166
0 0.368342 0.227563 0.11083 0.126027 0.765341
0 0.564709 0.108197 0.0988421 0.111424 0.734766
0 0.253545 0.31068 0.121362 0.141081 0.666626
0 0.440678 0.328761 0.11813 0.139465 0.661309
0 0.582443 0.334836 0.183864 0.215724 0.885255
0 0.48214 0.146044 0.0935019 0.109251 0.817151
0 0.567604 0.110272 0.0993565 0.113378 0.774454
0 0.368912 0.229828 0.110537 0.126595 0.765583
0 0.441792 0.332246 0.119412 0.140156 0.727871
0 0.252047 0.312021 0.122674 0.143552 0.698822
0 0.584124 0.330523 0.18651 0.215754 0.864427
0 0.482165 0.145051 0.0943873 0.107512 0.814059
0 0.56732 0.108464 0.0975555 0.108494 0.755327
0 0.440302 0.329656 0.119919 0.140021 0.752525
0 0.370478 0.227734 0.107049 0.122218 0.714062
0 0.255982 0.311337 0.125783 0.141978 0.669994
0 0.586649 0.33004 0.193605 0.226196 0.826637
0 0.482559 0.144734 0.0986674 0.112677 0.732644
0 0.565504 0.107843 0.0992705 0.112023 0.683753
0 0.441158 0.329641 0.122808 0.144958 0.618237
0 0.254279 0.308934 0.129127 0.151706 0.603679
0 0.36858 0.226986 0.108255 0.125076 0.602726
0 0.584608 0.333399 0.182579 0.212928 0.858974
0 0.484546 0.143885 0.0962607 0.111829 0.740885
0 0.567709 0.109004 0.0951856 0.109695 0.717811
0 0.370406 0.228884 0.111399 0.123948 0.700152
0 0.255298 0.31227 0.124644 0.142445 0.670283
0 0.441615 0.331011 0.120303 0.143035 0.643403
0 0.583858 0.33413 0.184346 0.215129 0.879189
0 0.371164 0.227714 0.110347 0.127322 0.703486
0 0.567941 0.108043 0.0971721 0.115373 0.692969
0 0.48234 0.143494 0.0968276 0.114343 0.682498
0 0.255773 0.312169 0.12488 0.143621 0.652005
0 0.440214 0.330281 0.123176 0.145315 0.628639
0 0.586086 0.329521 0.19018 0.219106 0.828175
0 0.48162 0.14323 0.0984411 0.115213 0.650014
0 0.567025 0.109116 0.100776 0.115921 0.617779
0 0.371036 0.22778 0.112493 0.12722 0.60796
0 0.58623 0.330568 0.18511 0.215247 0.826607
0 0.567064 0.108059 0.0985116 0.112882 0.716176
0 0.482829 0.143113 0.0961899 0.112013 0.715314
0 0.370463 0.226589 0.105222 0.119577 0.681301
0 0.252586 0.311153 0.12582 0.143692 0.666316
0 0.440418 0.329691 0.12074 0.141187 0.607472
0 0.584276 0.335624 0.186762 0.217304 0.854824
0 0.482594 0.14467 0.0942618 0.110284 0.822757
0 0.369177 0.228652 0.108804 0.125046 0.763982
0 0.566081 0.109089 0.094699 0.109059 0.762935
0 0.439018 0.330731 0.118682 0.140868 0.729292
0 0.254894 0.313666 0.120234 0.142121 0.64354
0 0.589683 0.334175 0.184629 0.213926 0.858728
0 0.566452 0.107582 0.0992488 0.11263 0.733297
0 0.482671 0.142637 0.0974169 0.111399 0.723198
0 0.36981 0.224936 0.106347 0.120967 0.602536
0 0.587411 0.331535 0.177748 0.210435 0.812307
0 0.566884 0.108456 0.0947445 0.109766 0.700444
0 0.482157 0.143028 0.0928068 0.109498 0.662631
0 0.370359 0.226385 0.108509 0.123406 0.630588
0 0.585871 0.334621 0.187632 0.21831 0.884024
0 0.566647 0.10905 0.0969797 0.111683 0.841077
0 0.482034 0.143449 0.0962601 0.112363 0.813495
0 0.369458 0.227086 0.108747 0.124233 0.757063
0 0.255724 0.31245 0.124877 0.144076 0.6586
0 0.585301 0.333274 0.184235 0.216692 0.861845
0 0.56688 0.109579 0.0933489 0.107326 0.709561
0 0.481837 0.144669 0.092039 0.106875 0.700804
0 0.370263 0.227672 0.105825 0.118712 0.629595
0 0.586145 0.333034 0.185325 0.213864 0.8697
0 0.565792 0.108546 0.0948294 0.1089 0.770221
0 0.482487 0.143502 0.095596 0.110869 0.725548
0 0.369051 0.227302 0.106552 0.122407 0.687112
0 0.255903 0.312082 0.12416 0.142973 0.645297
0 0.586687 0.3326 0.183819 0.211698 0.871492
0 0.565482 0.110645 0.0992829 0.112309 0.7364
0 0.482731 0.147228 0.0962203 0.113564 0.714688
0 0.369889 0.228817 0.107363 0.122881 0.698943
0 0.442689 0.331696 0.119728 0.140627 0.638525
0 0.255793 0.312224 0.126892 0.144162 0.634347
0 0.586928 0.334437 0.184991 0.214828 0.854303
0 0.565896 0.109685 0.0961326 0.107694 0.807352
0 0.482696 0.144365 0.0945247 0.109434 0.750431
0 0.37013 0.226162 0.107542 0.123583 0.70973
0 0.255537 0.312631 0.126003 0.1431 0.707193
0 0.440507 0.331056 0.117766 0.141083 0.655412
0 0.591143 0.333281 0.189496 0.220128 0.89774
0 0.564636 0.108671 0.0960004 0.107297 0.806021
0 0.25792 0.312196 0.126014 0.143573 0.760305
0 0.482137 0.144081 0.0956016 0.112913 0.745282
0 0.369737 0.227334 0.111389 0.127314 0.727466
0 0.443152 0.332266 0.121928 0.14273 0.641889
0 0.586638 0.335878 0.187928 0.216561 0.86976
0 0.565049 0.109095 0.0980267 0.110761 0.77247
0 0.48219 0.144016 0.0971131 0.112989 0.755808
0 0.370083 0.227177 0.109013 0.125945 0.73457
0 0.25506 0.312609 0.126004 0.144024 0.720658
0 0.440878 0.331957 0.124428 0.146123 0.67322
0 0.587399 0.331215 0.188912 0.216194 0.908093
0 0.37056 0.226671 0.109042 0.123824 0.784054
0 0.565976 0.108073 0.0938307 0.105 0.753398
0 0.257671 0.309551 0.128126 0.14652 0.747359
0 0.482814 0.143738 0.0930303 0.107675 0.74696
0 0.441122 0.331003 0.121003 0.141219 0.738398
0 0.583148 0.333332 0.182445 0.213523 0.865478
0 0.37004 0.228336 0.10692 0.119975 0.692037
0 0.565253 0.108043 0.097221 0.110043 0.681709
0 0.441351 0.331389 0.120956 0.141661 0.67873
0 0.482361 0.14448 0.0964531 0.111907 0.667636
0 0.58532 0.331915 0.185195 0.216232 0.865545
0 0.56593 0.107677 0.0934349 0.105423 0.736487
0 0.368838 0.227718 0.106955 0.120232 0.730519
0 0.440889 0.331661 0.117888 0.138459 0.686471
0 0.482256 0.143461 0.0939516 0.108315 0.68217
0 0.255138 0.311666 0.125447 0.143403 0.658381
0 0.584991 0.330987 0.182482 0.214066 0.86635
0 0.482749 0.143485 0.0960177 0.112045 0.716552
0 0.565651 0.107281 0.0959336 0.109038 0.708704
0 0.36924 0.227762 0.110021 0.125304 0.675744
0 0.251765 0.311622 0.124834 0.141997 0.674671
0 0.441153 0.330234 0.120238 0.141498 0.608552
0 0.586903 0.330115 0.182194 0.211661 0.881528
0 0.565557 0.107734 0.0968925 0.109758 0.763717
0 0.48215 0.144006 0.09513 0.11234 0.756403
0 0.369514 0.226147 0.108213 0.121767 0.729193
0 0.440715 0.330359 0.121766 0.142295 0.661435
0 0.586368 0.330152 0.183246 0.214174 0.863704
0 0.481376 0.143642 0.0949383 0.110754 0.673212
0 0.367988 0.226236 0.108611 0.123979 0.669839
0 0.564388 0.107683 0.096283 0.108721 0.650927
0 0.254443 0.311937 0.122004 0.143335 0.629211
0 0.584283 0.329829 0.184639 0.214171 0.868734
0 0.565822 0.108362 0.0958074 0.107221 0.767592
0 0.368924 0.22627 0.107163 0.123452 0.755696
0 0.481944 0.143777 0.0949219 0.110366 0.727341
0 0.252645 0.308971 0.126309 0.14746 0.68845
0 0.441599 0.330322 0.120643 0.14119 0.662848
0 0.586404 0.331104 0.179905 0.210819 0.852219
0 0.565579 0.107467 0.094014 0.10626 0.713794
0 0.368873 0.225639 0.104918 0.119734 0.685825
0 0.481568 0.142915 0.0943563 0.111338 0.652596
0 0.440039 0.329904 0.11882 0.140184 0.619363
0 0.587242 0.331272 0.186328 0.21604 0.886728
0 0.565685 0.108579 0.0961632 0.110329 0.716208
0 0.369575 0.227282 0.106849 0.12387 0.692501
0 0.442561 0.33222 0.123711 0.141383 0.679242
0 0.256281 0.311658 0.125782 0.146893 0.676273
0 0.482543 0.144476 0.0949865 0.110921 0.671492
0 0.586141 0.330564 0.182851 0.212412 0.854922
0 0.585844 0.331822 0.182888 0.214025 0.874145
0 0.565689 0.107908 0.0947132 0.108679 0.746166
0 0.48228 0.1439 0.0927075 0.109051 0.688767
0 0.369403 0.227702 0.107174 0.12223 0.681373
0 0.257795 0.311805 0.11931 0.143928 0.627658
0 0.44126 0.331166 0.118245 0.140494 0.619846
0 0.58543 0.331258 0.183781 0.214487 0.860533
0 0.564989 0.107522 0.094422 0.106327 0.644179
0 0.368739 0.224695 0.106903 0.123218 0.620997
0 0.58676 0.333222 0.186482 0.215259 0.874097
0 0.56581 0.109209 0.0941865 0.106602 0.704585
0 0.369589 0.227875 0.107387 0.123896 0.682158
0 0.482479 0.14355 0.0926043 0.107653 0.654195
0 0.255781 0.309941 0.128771 0.147016 0.613906
0 0.587414 0.332468 0.185038 0.215344 0.864117
0 0.369954 0.227472 0.107197 0.12441 0.717174
0 0.566124 0.10904 0.0945379 0.108387 0.713012
0 0.482226 0.144047 0.0931129 0.109062 0.702667
0 0.255578 0.310963 0.125922 0.147673 0.641984
0 0.442774 0.331789 0.123797 0.142422 0.633859
0 0.583059 0.32971 0.185754 0.216055 0.884067
0 0.566032 0.108371 0.093332 0.105658 0.76137
0 0.482452 0.144618 0.0921979 0.108425 0.711865
0 0.369622 0.226157 0.106349 0.122797 0.704411
0 0.256823 0.308742 0.126657 0.146603 0.653293
0 0.440218 0.33051 0.121543 0.142716 0.646242
0 0.583479 0.332016 0.18273 0.212765 0.885693
0 0.369412 0.226512 0.106124 0.121902 0.709921
0 0.482458 0.144237 0.0922842 0.108343 0.708586
0 0.565542 0.108399 0.0934723 0.106695 0.70774
0 0.254462 0.310619 0.12627 0.144278 0.687036
0 0.442196 0.331853 0.122004 0.141067 0.670311
0 0.58497 0.332125 0.18607 0.216253 0.889581
0 0.369109 0.227067 0.107 0.124098 0.753739
0 0.56735 0.10843 0.0946707 0.110666 0.749556
0 0.253569 0.310669 0.125221 0.146043 0.726959
0 0.442749 0.33184 0.121494 0.141249 0.716021
0 0.482029 0.143952 0.0928845 0.109918 0.714272
0 0.584744 0.332824 0.184153 0.214806 0.875044
0 0.369606 0.227504 0.106516 0.121456 0.69172
0 0.566778 0.107843 0.0935026 0.105921 0.685
0 0.254694 0.311875 0.124245 0.146929 0.659178
0 0.482185 0.143151 0.091251 0.105978 0.645241
0 0.441725 0.330477 0.120514 0.141123 0.631785
0 0.584835 0.331056 0.185318 0.216928 0.88775
0 0.370474 0.227054 0.106396 0.12168 0.67259
0 0.56682 0.108058 0.0941486 0.106865 0.671132
0 0.482644 0.143537 0.0914266 0.107945 0.655439
0 0.254252 0.309552 0.125655 0.146584 0.636815
0 0.584251 0.33275 0.184255 0.213964 0.886027
0 0.369148 0.22802 0.107536 0.123599 0.653895
0 0.254918 0.311216 0.125906 0.1457 0.643458
0 0.565589 0.108518 0.095215 0.109196 0.632672
0 0.481703 0.144375 0.092058 0.10846 0.607872
0 0.583634 0.331038 0.183334 0.213109 0.888557
0 0.565651 0.108587 0.0960996 0.108457 0.703746
0 0.369639 0.227675 0.109307 0.124663 0.696355
0 0.482664 0.142779 0.0931544 0.109294 0.669396
0 0.254964 0.308918 0.125672 0.146889 0.637827
0 0.442321 0.3309 0.122074 0.140634 0.608919
0 0.583551 0.330157 0.184107 0.21478 0.888895
0 0.565912 0.107921 0.0948271 0.108347 0.720413
0 0.369637 0.227537 0.108269 0.124563 0.704931
0 0.482269 0.143573 0.0924264 0.109716 0.671157
0 0.254119 0.309081 0.125031 0.146308 0.667137
0 0.442561 0.330962 0.122405 0.141109 0.655031
0 0.585641 0.331415 0.181327 0.211822 0.872871
0 0.370672 0.227198 0.107287 0.123057 0.615665
0 0.584198 0.331372 0.18429 0.214208 0.894462
0 0.369046 0.227245 0.106445 0.121717 0.654341
0 0.255915 0.309321 0.125648 0.146121 0.624468
0 0.583015 0.331189 0.182656 0.213454 0.88346
0 0.369124 0.227361 0.107457 0.124 0.681883
0 0.255267 0.312061 0.122788 0.144553 0.650664
0 0.481733 0.143257 0.091671 0.107824 0.618739
0 0.442421 0.331151 0.122423 0.141369 0.600608
0 0.584442 0.331806 0.185492 0.215015 0.903191
0 0.36941 0.227605 0.10759 0.124014 0.717763
0 0.255886 0.310433 0.125731 0.145525 0.707864
0 0.481903 0.143564 0.09185 0.108074 0.648464
0 0.442996 0.33134 0.123136 0.141709 0.644037
0 0.565244 0.108236 0.0946947 0.107193 0.631028
0 0.58384 0.331757 0.183687 0.213611 0.8878
0 0.369174 0.226981 0.106363 0.122361 0.631312
0 0.584069 0.331612 0.184155 0.214182 0.892627
0 0.369565 0.22751 0.106899 0.12281 0.666567
0 0.256157 0.311542 0.122668 0.14475 0.627713
0 0.58445 0.331797 0.185495 0.215018 0.902973
0 0.36941 0.227606 0.107586 0.124013 0.717512
0 0.255882 0.310429 0.125736 0.145541 0.70748
0 0.481903 0.143558 0.0918469 0.108084 0.648394
0 0.442992 0.331334 0.123138 0.14173 0.643604
0 0.565244 0.108228 0.0946762 0.107184 0.630526
