0 0.612535 0.429547 0.275107 0.315232 0.82713
0 0.576668 0.448981 0.258008 0.302434 0.821199
0 0.598335 0.427561 0.38648 0.408222 0.685539
0 0.579502 0.439967 0.238575 0.288343 0.979393
0 0.604054 0.418836 0.215681 0.253466 0.849431
0 0.570611 0.45639 0.322188 0.359598 0.865061
0 0.591501 0.464229 0.313755 0.360841 0.647797
0 0.577102 0.448937 0.337828 0.370683 0.794464
0 0.588731 0.440011 0.334296 0.401863 0.829073
0 0.582787 0.456725 0.279403 0.3399 0.763392
0 0.586006 0.45815 0.298168 0.352087 0.733422
0 0.579886 0.454272 0.298214 0.346337 0.800214
0 0.599426 0.450978 0.318871 0.348162 0.806061
0 0.595211 0.451871 0.313119 0.370269 0.670072
0 0.584033 0.447213 0.320203 0.355267 0.74556
0 0.590169 0.449025 0.309478 0.35152 0.766725
0 0.583292 0.463753 0.306421 0.349407 0.696641
0 0.589792 0.459212 0.292123 0.331756 0.846072
0 0.592305 0.449971 0.307773 0.355345 0.780139
0 0.585571 0.445708 0.317368 0.367868 0.775223
0 0.579754 0.449466 0.324329 0.358575 0.801433
0 0.576522 0.442754 0.305609 0.364354 0.708841
0 0.578315 0.45563 0.29452 0.336216 0.807172
0 0.586342 0.451184 0.328605 0.380709 0.730472
0 0.578421 0.445109 0.312474 0.359485 0.817556
0 0.593824 0.456186 0.295099 0.355015 0.82401
0 0.600463 0.451352 0.321578 0.359655 0.88162
0 0.594363 0.452099 0.293625 0.350674 0.828453
0 0.600589 0.451485 0.301303 0.34824 0.760004
0 0.588293 0.453921 0.287713 0.336102 0.770426
0 0.595963 0.451888 0.286126 0.340062 0.74217
0 0.589952 0.449818 0.296877 0.351936 0.81308
0 0.594329 0.451341 0.2865 0.333997 0.75897
0 0.590445 0.455367 0.290117 0.352965 0.849745
0 0.581379 0.453942 0.30371 0.355016 0.708498
0 0.591949 0.448 0.292403 0.354235 0.760045
0 0.589516 0.448451 0.295868 0.344074 0.773986
0 0.582452 0.460867 0.270758 0.319282 0.780429
0 0.59939 0.455876 0.280492 0.331571 0.795753
0 0.58791 0.458775 0.295041 0.348989 0.798163
0 0.599243 0.456036 0.292322 0.346011 0.775247
0 0.584014 0.452129 0.284929 0.347102 0.869669
0 0.593165 0.454557 0.280263 0.328056 0.81228
0 0.589231 0.458574 0.286742 0.331061 0.780465
0 0.594699 0.461466 0.287826 0.344001 0.81285
0 0.593591 0.451968 0.294882 0.35342 0.80725
0 0.587787 0.45994 0.274564 0.321207 0.842798
0 0.599054 0.460562 0.299713 0.347511 0.79594
0 0.593353 0.462844 0.276349 0.326174 0.799175
0 0.591352 0.465435 0.286864 0.341422 0.834762
0 0.597384 0.455475 0.28859 0.354419 0.806638
0 0.58493 0.460581 0.279812 0.340272 0.839475
0 0.587331 0.455607 0.294283 0.345359 0.814008
0 0.593544 0.455992 0.286056 0.336084 0.82914
0 0.592454 0.456105 0.284284 0.342048 0.824369
0 0.59728 0.457 0.296558 0.342643 0.839029
0 0.591023 0.461321 0.291384 0.346673 0.835894
0 0.591472 0.459757 0.287794 0.350901 0.835573
0 0.589787 0.465183 0.284382 0.330603 0.803225
0 0.597148 0.457145 0.289322 0.344337 0.814429
0 0.596707 0.452563 0.295155 0.34773 0.818461
0 0.593482 0.461734 0.299195 0.354342 0.835132
0 0.589111 0.461881 0.285531 0.336718 0.839492
0 0.588317 0.453643 0.285333 0.340109 0.84436
0 0.59589 0.454452 0.293981 0.344726 0.83273
0 0.597178 0.458276 0.285107 0.339525 0.848246
0 0.594459 0.457188 0.281888 0.332621 0.826412
0 0.597689 0.455344 0.294701 0.342694 0.83867
0 0.587908 0.464565 0.286075 0.340894 0.835572
0 0.591088 0.463064 0.285139 0.336137 0.834785
0 0.592347 0.458295 0.287191 0.340092 0.808528
0 0.592933 0.451768 0.292965 0.350613 0.821053
0 0.59092 0.46444 0.290708 0.344863 0.821949
0 0.595217 0.456714 0.289185 0.342834 0.823047
0 0.590881 0.455706 0.282558 0.335982 0.827196
0 0.592462 0.460592 0.287089 0.336495 0.860194
0 0.590744 0.458776 0.286104 0.339069 0.832229
0 0.591491 0.455108 0.291486 0.349499 0.820798
0 0.591158 0.461267 0.291476 0.341318 0.853232
0 0.593937 0.457381 0.291961 0.341546 0.854779
0 0.5922 0.462494 0.281369 0.332975 0.842372
0 0.589803 0.458644 0.286622 0.341573 0.85082
0 0.592097 0.458408 0.280801 0.339088 0.845568
0 0.590434 0.459639 0.285307 0.336122 0.835317
0 0.590258 0.457621 0.2906 0.338525 0.838066
0 0.590063 0.459075 0.284419 0.335213 0.848327
0 0.592983 0.457888 0.281839 0.336609 0.840209
0 0.591675 0.45743 0.287343 0.341622 0.866048
0 0.592379 0.459808 0.28418 0.340368 0.85523
0 0.591013 0.459589 0.28877 0.336705 0.880575
0 0.589084 0.462259 0.28518 0.33571 0.869345
0 0.590469 0.461549 0.28835 0.340854 0.866332
0 0.588149 0.462447 0.287002 0.339914 0.874825
0 0.590801 0.4581 0.289271 0.341062 0.855829
0 0.589338 0.466229 0.285258 0.334419 0.880888
0 0.589479 0.461308 0.286937 0.337915 0.86938
0 0.59008 0.461209 0.285552 0.335881 0.871287
0 0.590243 0.461492 0.285018 0.335405 0.870532
0 0.589224 0.465637 0.284119 0.334419 0.87341
0 0.590076 0.461204 0.285543 0.335871 0.871011
