0 0.530161 0.183024 0.210659 0.243207 0.989184
0 0.643266 0.275792 0.158757 0.186559 0.967623
0 0.301373 0.493309 0.214653 0.254958 0.917665
0 0.558917 0.693536 0.235228 0.281781 0.767856
0 0.531712 0.180785 0.254224 0.295527 0.735452
0 0.625187 0.276308 0.142409 0.166015 0.656531
0 0.637482 0.273665 0.133682 0.153807 0.928341
0 0.537979 0.175797 0.188223 0.233613 0.739179
0 0.584646 0.684196 0.245523 0.283205 0.688876
0 0.630802 0.273205 0.133467 0.163262 0.85579
0 0.563211 0.692382 0.231336 0.267498 0.702164
0 0.525906 0.184159 0.20494 0.253408 0.629843
0 0.631979 0.271658 0.142162 0.172045 0.909703
0 0.532731 0.179865 0.20163 0.249923 0.787342
0 0.566122 0.686886 0.228859 0.258126 0.724996
0 0.307609 0.489419 0.237325 0.270331 0.689094
0 0.663886 0.500552 0.250947 0.300306 0.68122
0 0.634964 0.274827 0.143775 0.172218 0.955013
0 0.302131 0.493884 0.250815 0.304948 0.845461
0 0.562421 0.695812 0.216495 0.258562 0.788147
0 0.522419 0.190794 0.207242 0.253647 0.768643
0 0.665455 0.495174 0.266955 0.318208 0.720891
0 0.489838 0.463484 0.222274 0.281631 0.636207
0 0.63749 0.270808 0.140056 0.169825 0.870382
0 0.528967 0.179688 0.214113 0.254357 0.730627
0 0.683136 0.498828 0.249747 0.292959 0.728628
0 0.582613 0.688497 0.211106 0.247385 0.698884
0 0.301134 0.491589 0.249786 0.291978 0.668601
0 0.635245 0.276323 0.15016 0.183179 0.805165
0 0.684525 0.505085 0.26911 0.309881 0.785717
0 0.578335 0.69341 0.213868 0.254991 0.76293
0 0.518884 0.18165 0.217213 0.266038 0.759836
0 0.304294 0.487608 0.275104 0.331174 0.736533
0 0.499337 0.467795 0.205142 0.242336 0.651607
0 0.682566 0.49617 0.250788 0.291005 0.829662
0 0.637205 0.271037 0.144432 0.178221 0.7978
0 0.576764 0.689506 0.213094 0.248487 0.712807
0 0.527291 0.179556 0.200237 0.246917 0.712778
0 0.496386 0.463075 0.203565 0.24597 0.700033
0 0.634836 0.273501 0.142277 0.169997 0.845616
0 0.295061 0.484312 0.241637 0.283388 0.826741
0 0.573977 0.688308 0.207036 0.248454 0.776445
0 0.521204 0.176106 0.202391 0.243717 0.77095
0 0.669894 0.497721 0.256327 0.313807 0.770232
0 0.490345 0.460241 0.217473 0.261077 0.622811
0 0.630792 0.27117 0.151295 0.17842 0.900745
0 0.520449 0.175911 0.212521 0.24867 0.854543
0 0.30304 0.486792 0.240258 0.281538 0.835348
0 0.577244 0.690388 0.216938 0.248754 0.832569
0 0.686517 0.49787 0.258274 0.303138 0.808154
0 0.493812 0.464932 0.213884 0.251004 0.716629
0 0.632129 0.271591 0.1419 0.164313 0.819885
0 0.523311 0.176592 0.204934 0.245219 0.769452
0 0.676026 0.496856 0.253338 0.294263 0.747752
0 0.296267 0.485023 0.247753 0.286912 0.687976
0 0.490225 0.461451 0.217163 0.261627 0.684143
0 0.578793 0.684959 0.212734 0.250757 0.659662
0 0.637544 0.272518 0.157565 0.184756 0.805992
0 0.522477 0.176421 0.220615 0.252183 0.78377
0 0.678299 0.498823 0.266221 0.29955 0.764639
0 0.294742 0.491692 0.26198 0.307161 0.709423
0 0.575512 0.68685 0.218855 0.249147 0.708293
0 0.493917 0.464764 0.215399 0.246043 0.675929
0 0.637396 0.273797 0.149966 0.174723 0.867957
0 0.686813 0.498553 0.259822 0.303274 0.751572
0 0.527208 0.178713 0.198659 0.230919 0.735717
0 0.306812 0.482818 0.230704 0.270683 0.708164
0 0.581096 0.68687 0.207623 0.241561 0.690082
0 0.638993 0.270682 0.153993 0.186215 0.845208
0 0.695223 0.500873 0.257329 0.297109 0.837951
0 0.524428 0.174819 0.197943 0.236229 0.777217
0 0.585403 0.683564 0.213318 0.248947 0.752811
0 0.297421 0.486546 0.256475 0.29756 0.745704
0 0.496712 0.466068 0.21361 0.247157 0.71053
0 0.68697 0.504495 0.243056 0.287043 0.85405
0 0.528573 0.17817 0.200231 0.23885 0.839069
0 0.634182 0.270048 0.148299 0.17674 0.817666
0 0.57887 0.685917 0.206496 0.24257 0.769169
0 0.303075 0.489921 0.231212 0.273643 0.765446
0 0.492839 0.4652 0.218647 0.252704 0.73104
0 0.682178 0.500354 0.227105 0.273504 0.824602
0 0.636179 0.268707 0.15246 0.174786 0.818457
0 0.295249 0.486068 0.232815 0.282236 0.766124
0 0.525527 0.175073 0.206109 0.245509 0.763499
0 0.579705 0.686326 0.204644 0.243777 0.696161
0 0.497914 0.46546 0.21144 0.24728 0.664044
0 0.638003 0.269416 0.150839 0.173404 0.902401
0 0.69476 0.49671 0.252564 0.298101 0.901476
0 0.525938 0.18118 0.207153 0.236909 0.840751
0 0.587022 0.68652 0.210198 0.245142 0.82311
0 0.305859 0.484503 0.239027 0.291723 0.790454
0 0.497969 0.468739 0.215375 0.245431 0.73809
0 0.636149 0.273372 0.148537 0.174179 0.856514
0 0.688056 0.503384 0.248535 0.293197 0.784294
0 0.525953 0.177276 0.210797 0.250891 0.767112
0 0.584427 0.690068 0.201729 0.241249 0.75977
0 0.49513 0.466891 0.211436 0.25172 0.743673
0 0.294274 0.488168 0.238393 0.275741 0.672821
0 0.635045 0.268908 0.151943 0.182122 0.812095
0 0.579521 0.679117 0.209731 0.243855 0.737957
0 0.693503 0.500524 0.258152 0.299561 0.729043
0 0.525996 0.175002 0.199656 0.244784 0.719527
0 0.294206 0.488399 0.247193 0.284752 0.691584
0 0.492453 0.469434 0.211244 0.247597 0.68934
0 0.636215 0.269491 0.151953 0.180312 0.822078
0 0.692379 0.495411 0.243714 0.286059 0.814904
0 0.583269 0.677802 0.218578 0.256608 0.798535
0 0.529052 0.172945 0.208077 0.245464 0.77914
0 0.498252 0.463902 0.218532 0.253994 0.745942
0 0.299062 0.484216 0.244909 0.285489 0.63023
0 0.636905 0.272296 0.148893 0.173125 0.901902
0 0.691602 0.498936 0.233938 0.274197 0.878734
0 0.580138 0.683174 0.207781 0.244023 0.791356
0 0.525863 0.178997 0.200789 0.233463 0.790318
0 0.495728 0.466252 0.201348 0.2317 0.769662
0 0.300136 0.485331 0.229049 0.276255 0.75844
0 0.636541 0.270766 0.146099 0.169981 0.862795
0 0.692795 0.504557 0.247838 0.2989 0.822988
0 0.52253 0.179509 0.20497 0.247375 0.802617
0 0.297049 0.488189 0.226938 0.283434 0.784478
0 0.588456 0.693298 0.208284 0.242369 0.767985
0 0.493145 0.471164 0.213824 0.255698 0.750955
0 0.637429 0.268655 0.147088 0.17622 0.843596
0 0.685052 0.496228 0.245678 0.277782 0.815827
0 0.520783 0.173654 0.203824 0.238577 0.793343
0 0.574837 0.678203 0.220073 0.249016 0.736177
0 0.488568 0.46072 0.218109 0.24705 0.734268
0 0.295226 0.480952 0.243435 0.28077 0.733252
0 0.695213 0.499644 0.252288 0.298205 0.899817
0 0.52295 0.176077 0.205258 0.24287 0.882309
0 0.294589 0.480925 0.236479 0.276818 0.871955
0 0.580189 0.682397 0.214724 0.254664 0.84255
0 0.638409 0.269755 0.152007 0.176797 0.841765
0 0.486874 0.460164 0.219023 0.254323 0.829844
0 0.522117 0.173889 0.208921 0.243877 0.877404
0 0.634542 0.269936 0.143587 0.171567 0.852084
0 0.684785 0.510542 0.246396 0.281921 0.819579
0 0.297209 0.478976 0.255811 0.298993 0.791691
0 0.577215 0.680616 0.22742 0.263794 0.784747
0 0.492985 0.464966 0.22563 0.260268 0.78418
0 0.634625 0.270287 0.150165 0.174677 0.898091
0 0.684842 0.505973 0.24747 0.288996 0.859429
0 0.524567 0.174949 0.203674 0.238552 0.841139
0 0.297619 0.486377 0.242307 0.294538 0.81616
0 0.573706 0.680071 0.223107 0.25672 0.794132
0 0.493427 0.465553 0.22051 0.257195 0.734878
0 0.637085 0.268272 0.146611 0.173537 0.822036
0 0.691932 0.497907 0.256353 0.296945 0.734184
0 0.522026 0.175205 0.212236 0.251312 0.723389
0 0.578937 0.682086 0.222187 0.262852 0.719807
0 0.488976 0.463704 0.21328 0.25213 0.705979
0 0.300058 0.485373 0.237302 0.285291 0.665017
0 0.637913 0.269467 0.146974 0.17376 0.838298
0 0.691108 0.502596 0.245471 0.277719 0.790243
0 0.524323 0.177849 0.20201 0.240077 0.779969
0 0.491114 0.46294 0.2145 0.250317 0.777586
0 0.58323 0.67533 0.223455 0.251947 0.702655
0 0.298252 0.483909 0.23964 0.282673 0.701832
0 0.524637 0.173077 0.203393 0.240267 0.795453
0 0.694855 0.490448 0.260901 0.303312 0.777637
0 0.637815 0.268441 0.1513 0.177052 0.763119
0 0.583831 0.669931 0.235799 0.268961 0.73546
0 0.492664 0.457841 0.224176 0.255958 0.733947
0 0.289919 0.475848 0.256701 0.296962 0.694124
0 0.635637 0.267835 0.144379 0.167964 0.909573
0 0.690067 0.49889 0.250877 0.294688 0.852727
0 0.527849 0.174123 0.207521 0.244173 0.825558
0 0.297031 0.477023 0.25169 0.285776 0.817174
0 0.495849 0.465859 0.220333 0.252544 0.809255
0 0.583237 0.676231 0.216914 0.254246 0.807086
0 0.63683 0.268055 0.149209 0.175329 0.834266
0 0.691045 0.494867 0.254559 0.297097 0.811391
0 0.489573 0.461543 0.233623 0.269804 0.808591
0 0.291238 0.482922 0.255179 0.289373 0.791902
0 0.525493 0.173966 0.208907 0.24699 0.791779
0 0.583946 0.67599 0.221967 0.260581 0.769471
0 0.638786 0.270701 0.150297 0.177958 0.886983
0 0.687663 0.502298 0.247675 0.287222 0.860013
0 0.489564 0.465433 0.219595 0.255386 0.816695
0 0.527214 0.173954 0.203917 0.245105 0.799586
0 0.301113 0.483066 0.232371 0.282492 0.798401
0 0.584771 0.686154 0.204735 0.239888 0.778973
0 0.639178 0.272885 0.15 0.177508 0.900036
0 0.523527 0.174561 0.212157 0.249468 0.816667
0 0.58088 0.682837 0.225489 0.258029 0.792152
0 0.695043 0.503132 0.267554 0.302238 0.785236
0 0.479658 0.465971 0.226256 0.261697 0.726193
0 0.297895 0.484482 0.247017 0.285207 0.713664
0 0.639872 0.268219 0.156322 0.179205 0.861625
0 0.693415 0.501282 0.247951 0.299338 0.766908
0 0.304778 0.478784 0.248914 0.284597 0.743425
0 0.529255 0.173882 0.20884 0.244118 0.736345
0 0.583928 0.679166 0.229727 0.264645 0.723539
0 0.498368 0.461712 0.228077 0.258811 0.697774
0 0.637049 0.267772 0.150974 0.173523 0.842845
0 0.527778 0.168689 0.210651 0.244405 0.687105
0 0.692448 0.487959 0.267175 0.310163 0.683908
0 0.492264 0.458527 0.224972 0.257632 0.682712
0 0.584377 0.674137 0.2373 0.266687 0.676229
0 0.290319 0.477414 0.261896 0.29682 0.674717
0 0.637735 0.268661 0.152875 0.17553 0.856393
0 0.689905 0.499802 0.240148 0.275912 0.827958
0 0.523089 0.174836 0.199816 0.239115 0.794601
0 0.29747 0.479922 0.239115 0.283073 0.787012
0 0.491469 0.458673 0.221434 0.255879 0.781845
0 0.580112 0.674154 0.226491 0.26378 0.77046
0 0.639701 0.269412 0.155308 0.178627 0.90535
0 0.698439 0.49592 0.233394 0.28127 0.836441
0 0.527413 0.171589 0.203973 0.244749 0.835457
0 0.305413 0.4802 0.236755 0.276426 0.823725
0 0.493784 0.461347 0.214223 0.253732 0.820891
0 0.581256 0.674774 0.227321 0.262955 0.790249
0 0.637391 0.270345 0.152509 0.179002 0.843209
0 0.297291 0.482868 0.250077 0.29952 0.838044
0 0.692671 0.494933 0.250354 0.289306 0.818538
0 0.524532 0.173162 0.208431 0.241681 0.794587
0 0.49368 0.461779 0.21963 0.255395 0.787751
0 0.581378 0.673627 0.22966 0.262621 0.780244
0 0.638338 0.269165 0.148973 0.173746 0.847423
0 0.525714 0.172013 0.204161 0.241757 0.76669
0 0.297466 0.480119 0.250444 0.295237 0.760115
0 0.490827 0.461393 0.227474 0.267508 0.752797
0 0.694215 0.498989 0.258339 0.298476 0.748976
0 0.584007 0.677003 0.229201 0.272444 0.708291
0 0.638398 0.267076 0.148591 0.172643 0.881393
0 0.688885 0.494557 0.24266 0.289985 0.860226
0 0.525272 0.172419 0.203566 0.242969 0.841714
0 0.29538 0.473371 0.247978 0.293359 0.789681
0 0.485327 0.454162 0.225508 0.263299 0.781149
0 0.582373 0.672982 0.228627 0.266787 0.779475
0 0.486997 0.460317 0.225954 0.266305 0.845719
0 0.639436 0.267257 0.154956 0.176855 0.825439
0 0.691283 0.494389 0.251863 0.292752 0.807223
0 0.522485 0.171526 0.206479 0.24655 0.805587
0 0.30098 0.480153 0.241054 0.291355 0.790575
0 0.582124 0.676403 0.22856 0.268698 0.764957
0 0.637407 0.270086 0.147296 0.17188 0.870446
0 0.689002 0.494182 0.260563 0.3003 0.841212
0 0.523422 0.172805 0.207843 0.242931 0.818829
0 0.492547 0.46206 0.224666 0.259421 0.793585
0 0.298033 0.478462 0.242815 0.284178 0.786442
0 0.586291 0.675891 0.228666 0.26798 0.749698
0 0.638234 0.268706 0.144571 0.168159 0.907401
0 0.691519 0.500992 0.251822 0.290584 0.834952
0 0.5265 0.174056 0.203679 0.241201 0.833074
0 0.305825 0.482407 0.232312 0.273387 0.799813
0 0.492514 0.464282 0.208387 0.246958 0.794541
0 0.587085 0.677575 0.221763 0.259812 0.764121
0 0.638229 0.267086 0.148649 0.172648 0.889398
0 0.689501 0.491236 0.255641 0.292165 0.820321
0 0.525876 0.168152 0.212479 0.242356 0.792129
0 0.301847 0.476004 0.248027 0.28763 0.782877
0 0.490843 0.4606 0.217498 0.251474 0.777837
0 0.582872 0.670261 0.23454 0.262879 0.763671
0 0.690492 0.498642 0.250047 0.287375 0.864915
0 0.491745 0.462001 0.213757 0.246585 0.823965
0 0.639953 0.265897 0.154696 0.176794 0.823461
0 0.29895 0.481715 0.237626 0.279694 0.819738
0 0.521006 0.172981 0.206933 0.244278 0.815945
0 0.583547 0.676963 0.225929 0.260904 0.783966
0 0.635972 0.269858 0.145285 0.168964 0.864284
0 0.685685 0.496288 0.251839 0.294575 0.850986
0 0.298882 0.477444 0.235459 0.287859 0.822389
0 0.525211 0.173648 0.200695 0.242822 0.82137
0 0.491175 0.463654 0.217124 0.250485 0.818929
0 0.581494 0.673626 0.223986 0.265823 0.776972
0 0.636937 0.268936 0.148777 0.171321 0.865362
0 0.69018 0.504531 0.254731 0.290482 0.846532
0 0.299531 0.483722 0.240104 0.285361 0.824457
0 0.488797 0.465546 0.220637 0.256993 0.822614
0 0.525807 0.173377 0.207802 0.2421 0.811197
0 0.587992 0.679853 0.226733 0.258895 0.78576
0 0.689983 0.499354 0.254005 0.291679 0.838561
0 0.635242 0.269136 0.15367 0.178416 0.824314
0 0.298941 0.482712 0.239011 0.282157 0.811545
0 0.490362 0.467443 0.212977 0.245224 0.799553
0 0.525781 0.171553 0.210106 0.245129 0.789463
0 0.587637 0.679405 0.214985 0.255434 0.735807
0 0.637631 0.269713 0.153321 0.17831 0.883833
0 0.296835 0.481168 0.242248 0.2898 0.80226
0 0.691245 0.496457 0.255002 0.288841 0.791033
0 0.527054 0.173206 0.207124 0.245506 0.785215
0 0.489957 0.46518 0.217263 0.248636 0.780898
0 0.585785 0.677298 0.223649 0.266114 0.736145
0 0.636681 0.267738 0.152248 0.178066 0.867482
0 0.690519 0.499088 0.255109 0.294895 0.854574
0 0.525013 0.17422 0.202728 0.239713 0.838322
0 0.484765 0.46423 0.215747 0.257607 0.816626
0 0.295238 0.481949 0.239488 0.288137 0.81249
0 0.587689 0.678027 0.218729 0.2623 0.779044
0 0.63646 0.269043 0.150941 0.176358 0.884049
0 0.525951 0.172909 0.206723 0.241896 0.849203
0 0.691055 0.497378 0.261496 0.297504 0.84794
0 0.48938 0.464306 0.225912 0.260761 0.843136
0 0.30044 0.478605 0.243484 0.284615 0.82632
0 0.582062 0.67623 0.22997 0.263816 0.791137
0 0.637863 0.265693 0.152047 0.176285 0.877057
0 0.524257 0.17064 0.202396 0.23803 0.844634
0 0.484985 0.462316 0.218071 0.251207 0.835732
0 0.6943 0.496815 0.255521 0.288591 0.833804
0 0.297892 0.479751 0.237317 0.271088 0.831881
0 0.580423 0.673042 0.225245 0.258852 0.789646
0 0.638003 0.268871 0.148033 0.171259 0.850401
0 0.487813 0.467641 0.212934 0.252425 0.813647
0 0.692745 0.501437 0.252903 0.291155 0.802113
0 0.29915 0.48138 0.236053 0.279969 0.794949
0 0.523593 0.17399 0.199284 0.2384 0.792291
0 0.582787 0.67627 0.222231 0.263412 0.733043
0 0.6369 0.268413 0.149326 0.172191 0.872555
0 0.687489 0.496395 0.251938 0.288904 0.826489
0 0.527288 0.171536 0.205109 0.238969 0.800647
0 0.492881 0.464432 0.221221 0.256665 0.78803
0 0.300711 0.477834 0.244088 0.27515 0.778606
0 0.581273 0.67369 0.225358 0.25897 0.746856
0 0.638266 0.268704 0.153876 0.181401 0.841859
0 0.693506 0.49737 0.25477 0.296445 0.821018
0 0.489197 0.461959 0.225957 0.263857 0.79546
0 0.300867 0.480898 0.246992 0.283384 0.77848
0 0.528232 0.169862 0.211696 0.248063 0.773395
0 0.584763 0.678241 0.215837 0.256528 0.729481
0 0.637504 0.269747 0.150946 0.175064 0.849986
0 0.489886 0.464291 0.215041 0.254483 0.792645
0 0.693067 0.497013 0.244978 0.290859 0.786547
0 0.524717 0.174232 0.202229 0.237411 0.777785
0 0.301893 0.480696 0.230533 0.281113 0.761682
0 0.585892 0.674904 0.217675 0.260265 0.737355
0 0.637471 0.268505 0.15299 0.177211 0.866961
0 0.688669 0.496505 0.248959 0.288665 0.862228
0 0.526804 0.173731 0.209727 0.242739 0.843326
0 0.300704 0.480375 0.248119 0.284057 0.810367
0 0.487972 0.465411 0.216596 0.254139 0.806431
0 0.581903 0.675627 0.225954 0.26443 0.801223
0 0.639262 0.268663 0.155356 0.177258 0.853598
0 0.692877 0.490626 0.252733 0.293555 0.796124
0 0.527069 0.169983 0.210515 0.248091 0.783183
0 0.488434 0.461345 0.219727 0.255987 0.766574
0 0.305458 0.475026 0.239435 0.290525 0.756424
0 0.582761 0.673692 0.225191 0.26256 0.753929
0 0.638314 0.267553 0.153236 0.175805 0.865649
0 0.69549 0.492356 0.25935 0.298227 0.817567
0 0.52519 0.169484 0.207818 0.243057 0.804914
0 0.303569 0.475167 0.246211 0.287946 0.782699
0 0.587766 0.67167 0.229793 0.265303 0.770076
0 0.481151 0.461883 0.224932 0.263103 0.763607
0 0.638423 0.269424 0.152282 0.177945 0.86533
0 0.69122 0.497606 0.25181 0.303561 0.843975
0 0.525561 0.172328 0.208203 0.247064 0.798626
0 0.485975 0.465185 0.219445 0.260245 0.796209
0 0.300283 0.480634 0.239121 0.284842 0.794081
0 0.587202 0.677101 0.222216 0.261862 0.783736
0 0.638792 0.26807 0.149659 0.170121 0.876791
0 0.692986 0.499554 0.2521 0.29231 0.846482
0 0.303712 0.48137 0.23939 0.287016 0.829113
0 0.526981 0.169867 0.207209 0.24393 0.815231
0 0.489968 0.461229 0.22114 0.25603 0.805785
0 0.582456 0.677082 0.215454 0.256723 0.783656
0 0.638038 0.26755 0.148817 0.171637 0.834281
0 0.69169 0.495441 0.255117 0.297571 0.784977
0 0.528472 0.16967 0.206152 0.242507 0.779062
0 0.301684 0.475423 0.239897 0.285394 0.754184
0 0.487682 0.458544 0.223781 0.258719 0.743465
0 0.587618 0.674185 0.224605 0.262088 0.736409
0 0.639229 0.269154 0.151103 0.175665 0.897211
0 0.693479 0.494921 0.263388 0.302658 0.853674
0 0.526193 0.171767 0.210865 0.248684 0.835972
0 0.479578 0.461001 0.228017 0.265211 0.8153
0 0.584456 0.676311 0.224802 0.264251 0.814163
0 0.297115 0.479964 0.244911 0.287573 0.810568
0 0.638457 0.268525 0.149517 0.175038 0.870107
0 0.523566 0.173481 0.203772 0.238568 0.835585
0 0.487639 0.461896 0.221517 0.258526 0.826946
0 0.29925 0.480897 0.237341 0.278339 0.822508
0 0.688805 0.495151 0.257798 0.298571 0.817696
0 0.584597 0.679788 0.220381 0.257551 0.786255
0 0.638997 0.268756 0.149613 0.174854 0.861093
0 0.527347 0.172052 0.206144 0.240073 0.835915
0 0.491485 0.461845 0.221871 0.260654 0.82762
0 0.304091 0.478184 0.23714 0.284238 0.825143
0 0.692593 0.495615 0.253355 0.297143 0.824691
0 0.588539 0.677503 0.223553 0.261308 0.795168
0 0.638589 0.267898 0.149257 0.171601 0.877624
0 0.302641 0.476244 0.242898 0.282708 0.833936
0 0.525764 0.170264 0.203399 0.236835 0.831993
0 0.697537 0.491524 0.256801 0.299676 0.830556
0 0.492807 0.457662 0.228305 0.266555 0.818838
0 0.587201 0.674906 0.22399 0.260392 0.792445
0 0.638681 0.269208 0.149849 0.171386 0.868786
0 0.528956 0.172406 0.201732 0.240473 0.823173
0 0.69246 0.495821 0.252014 0.298015 0.811851
0 0.490217 0.463118 0.221719 0.26144 0.795741
0 0.306448 0.478195 0.235728 0.290489 0.792141
0 0.585071 0.676318 0.21398 0.26205 0.777857
0 0.638471 0.268861 0.153206 0.178936 0.891443
0 0.527892 0.172246 0.207229 0.244035 0.857307
0 0.693438 0.494078 0.25081 0.290937 0.83476
0 0.490095 0.461491 0.223165 0.262223 0.831358
0 0.302395 0.475366 0.251127 0.288703 0.829572
0 0.587265 0.679264 0.218251 0.258352 0.811539
0 0.637914 0.269944 0.150706 0.175011 0.878333
0 0.302132 0.477428 0.238403 0.291534 0.819349
0 0.697834 0.495952 0.257847 0.30192 0.819327
0 0.526162 0.17148 0.207686 0.245267 0.817222
0 0.483191 0.462083 0.228265 0.267051 0.810933
0 0.587587 0.677583 0.227925 0.266703 0.786762
0 0.639635 0.267664 0.155458 0.179543 0.931159
0 0.697578 0.493288 0.257356 0.300647 0.864073
0 0.526877 0.168464 0.210171 0.247847 0.8596
0 0.303912 0.473747 0.246398 0.292352 0.855313
0 0.491895 0.459809 0.223944 0.2651 0.848144
0 0.58845 0.673251 0.225964 0.264042 0.820975
0 0.637935 0.269242 0.150099 0.173839 0.881306
0 0.691893 0.500276 0.251913 0.294161 0.859181
0 0.526465 0.170576 0.210432 0.246655 0.829413
0 0.306405 0.477872 0.23516 0.293192 0.822164
0 0.486103 0.459769 0.226305 0.264887 0.81426
0 0.584409 0.681286 0.216146 0.252414 0.811913
0 0.638573 0.268265 0.153378 0.179273 0.891849
0 0.695195 0.498082 0.25127 0.293365 0.844481
0 0.528882 0.173765 0.205084 0.241987 0.838901
0 0.303105 0.477762 0.243335 0.290934 0.801218
0 0.489808 0.460597 0.223586 0.262176 0.796293
0 0.585792 0.677603 0.223251 0.262897 0.785161
0 0.637684 0.267033 0.150669 0.172794 0.88708
0 0.694246 0.495126 0.256841 0.297665 0.831979
0 0.302981 0.473891 0.242576 0.28754 0.829498
0 0.525402 0.170574 0.206016 0.239258 0.82001
0 0.490083 0.460577 0.223827 0.258136 0.805441
0 0.587387 0.672243 0.228532 0.264208 0.784325
0 0.638264 0.266343 0.152676 0.175037 0.906784
0 0.694883 0.496994 0.253655 0.295033 0.863895
0 0.305404 0.474359 0.240518 0.289202 0.842652
0 0.490884 0.457176 0.224747 0.26137 0.834992
0 0.588474 0.67386 0.223395 0.263472 0.82353
0 0.528906 0.168553 0.206602 0.242379 0.82154
0 0.637101 0.267904 0.149605 0.172869 0.905186
0 0.69678 0.493486 0.249562 0.29308 0.862439
0 0.304338 0.47466 0.243502 0.291376 0.85531
0 0.528968 0.172109 0.203372 0.240588 0.845424
0 0.491094 0.459128 0.220577 0.259697 0.822295
0 0.587067 0.673665 0.228306 0.266324 0.806473
0 0.638422 0.265702 0.151977 0.173391 0.901247
0 0.694885 0.491676 0.257731 0.300822 0.8433
0 0.528355 0.168979 0.21125 0.244552 0.827021
0 0.301029 0.469648 0.239395 0.294399 0.812287
0 0.483063 0.455423 0.233114 0.26519 0.804784
0 0.58668 0.674551 0.227545 0.263392 0.784667
0 0.638066 0.264696 0.152145 0.176682 0.856272
0 0.698678 0.489685 0.253291 0.297647 0.848904
0 0.529453 0.170185 0.207221 0.241272 0.813211
0 0.304938 0.472526 0.242318 0.290279 0.808386
0 0.493122 0.451006 0.231528 0.269521 0.799785
0 0.587026 0.674176 0.223899 0.257857 0.794588
0 0.639365 0.269591 0.153127 0.176397 0.906415
0 0.697542 0.495594 0.252031 0.292569 0.860617
0 0.527507 0.170309 0.210952 0.246738 0.832525
0 0.486889 0.459962 0.225052 0.262945 0.832391
0 0.303586 0.478573 0.236601 0.283581 0.831999
0 0.584907 0.678168 0.222645 0.258875 0.810032
0 0.638772 0.267001 0.155889 0.180324 0.841733
0 0.696287 0.494396 0.255409 0.296893 0.839501
0 0.303574 0.478282 0.242158 0.282252 0.822572
0 0.526969 0.170565 0.208813 0.241096 0.81121
0 0.489781 0.460377 0.220931 0.255191 0.797015
0 0.583413 0.677066 0.220261 0.253946 0.794309
0 0.639191 0.268374 0.150808 0.176237 0.898361
0 0.694496 0.495179 0.257596 0.301697 0.842167
0 0.528039 0.17225 0.207502 0.242453 0.833777
0 0.303384 0.476309 0.238687 0.289918 0.830384
0 0.489033 0.460036 0.227233 0.266666 0.816873
0 0.585008 0.677195 0.22242 0.26092 0.794797
0 0.639336 0.266932 0.153583 0.176702 0.871051
0 0.301911 0.474648 0.24663 0.291384 0.847981
0 0.696637 0.492475 0.254502 0.299374 0.834358
0 0.526 0.171136 0.207529 0.244343 0.820276
0 0.488305 0.457952 0.226127 0.265083 0.819004
0 0.586599 0.676499 0.221364 0.261001 0.794867
0 0.639992 0.268354 0.153615 0.177968 0.87824
0 0.698458 0.493457 0.254895 0.299372 0.828291
0 0.304751 0.475759 0.234768 0.282029 0.82548
0 0.529623 0.172885 0.20583 0.241614 0.821501
0 0.488532 0.459088 0.226543 0.264741 0.806872
0 0.587681 0.677311 0.222503 0.26003 0.796531
0 0.640437 0.268318 0.153664 0.178651 0.874202
0 0.305444 0.474658 0.24502 0.290664 0.83479
0 0.698695 0.497168 0.255344 0.296493 0.832948
0 0.529466 0.171238 0.209125 0.243426 0.829694
0 0.589356 0.676479 0.223919 0.261592 0.808058
0 0.486111 0.458222 0.229168 0.265846 0.804902
0 0.638815 0.267125 0.152837 0.175918 0.903195
0 0.302845 0.475235 0.238625 0.285408 0.862813
0 0.695791 0.494802 0.249281 0.293194 0.856424
0 0.488368 0.45927 0.222193 0.259241 0.839299
0 0.525454 0.168576 0.206382 0.240288 0.837426
0 0.584851 0.674019 0.218773 0.258323 0.83739
0 0.638359 0.268391 0.150772 0.174231 0.880398
0 0.694771 0.497046 0.250838 0.291204 0.849945
0 0.307418 0.4759 0.233313 0.285809 0.845247
0 0.487243 0.460183 0.222755 0.260706 0.836269
0 0.525738 0.1698 0.207987 0.238491 0.830869
0 0.585446 0.676396 0.21935 0.25585 0.820883
0 0.639282 0.266614 0.153458 0.175912 0.897269
0 0.695571 0.496092 0.256082 0.301501 0.87068
0 0.306658 0.475737 0.242267 0.294361 0.863946
0 0.486114 0.460521 0.230876 0.266293 0.840081
0 0.526606 0.169012 0.212666 0.244918 0.839791
0 0.586316 0.676041 0.224374 0.261556 0.815333
0 0.639712 0.26674 0.152946 0.175878 0.876723
0 0.698012 0.498595 0.25375 0.296756 0.843471
0 0.30502 0.476529 0.239736 0.288777 0.840495
0 0.526289 0.170171 0.209452 0.242739 0.828435
0 0.485725 0.459703 0.225837 0.262158 0.823522
0 0.587753 0.677475 0.220625 0.257809 0.797901
0 0.639089 0.265857 0.152406 0.177098 0.877095
0 0.305621 0.477676 0.236525 0.283858 0.868068
0 0.697372 0.496747 0.255233 0.294751 0.866731
0 0.487946 0.460839 0.227568 0.264993 0.845522
0 0.525406 0.169259 0.210686 0.24479 0.83678
0 0.585852 0.677403 0.221778 0.259177 0.831042
0 0.639108 0.268433 0.152028 0.175259 0.883595
0 0.696526 0.49832 0.254456 0.296149 0.853541
0 0.305293 0.479087 0.233029 0.28065 0.851993
0 0.489017 0.460701 0.225084 0.262707 0.834723
0 0.525056 0.170566 0.208514 0.241114 0.834469
0 0.586069 0.677412 0.219749 0.25634 0.821519
0 0.639594 0.26639 0.153701 0.176533 0.893554
0 0.698742 0.495698 0.255533 0.29777 0.850902
0 0.305197 0.4762 0.237418 0.286125 0.847395
0 0.525606 0.169334 0.209033 0.240205 0.835786
0 0.486923 0.458943 0.226876 0.262196 0.831177
0 0.588955 0.676095 0.223126 0.258296 0.826214
0 0.639878 0.26547 0.15417 0.178785 0.901524
0 0.694543 0.4965 0.253519 0.294336 0.856278
0 0.303949 0.477215 0.237563 0.285303 0.855766
0 0.526609 0.16967 0.210578 0.242822 0.848397
0 0.586902 0.67708 0.223428 0.25894 0.840967
0 0.488114 0.458968 0.226012 0.261922 0.83608
0 0.640074 0.266447 0.152242 0.175219 0.884563
0 0.697311 0.494683 0.25786 0.301184 0.837276
0 0.30399 0.47575 0.243579 0.290953 0.834464
0 0.526918 0.168588 0.21069 0.242963 0.829644
0 0.58964 0.674317 0.22727 0.26217 0.818621
0 0.488027 0.456912 0.22814 0.264919 0.804947
0 0.638827 0.266543 0.152474 0.176164 0.90585
0 0.695918 0.497122 0.252739 0.29405 0.862404
0 0.303074 0.478319 0.239518 0.285307 0.855112
0 0.52563 0.17061 0.20956 0.241056 0.853413
0 0.488013 0.45968 0.22456 0.260613 0.837169
0 0.587585 0.676835 0.223852 0.259059 0.834423
0 0.638844 0.266781 0.152388 0.176019 0.898942
0 0.696343 0.495794 0.255968 0.29814 0.857135
0 0.302764 0.476501 0.241938 0.289408 0.846242
0 0.525834 0.170014 0.209189 0.241552 0.844088
0 0.486743 0.458693 0.228591 0.26549 0.828418
0 0.588678 0.675774 0.225349 0.260946 0.823545
0 0.639251 0.266806 0.153471 0.17761 0.911314
0 0.695198 0.496641 0.254911 0.297053 0.870743
0 0.526136 0.170318 0.210301 0.241989 0.864236
0 0.304268 0.477191 0.240334 0.288462 0.863176
0 0.487693 0.4599 0.226229 0.263282 0.844066
0 0.588155 0.675619 0.224479 0.260321 0.837343
0 0.638913 0.266387 0.152904 0.177368 0.89539
0 0.695193 0.496224 0.254538 0.297243 0.86089
0 0.304119 0.477269 0.23896 0.288347 0.853432
0 0.525873 0.170205 0.210134 0.242612 0.848839
0 0.486898 0.459805 0.225671 0.262386 0.830007
0 0.588537 0.675843 0.224755 0.26126 0.82844
0 0.639609 0.266542 0.153235 0.177494 0.901472
0 0.695596 0.495921 0.255161 0.297927 0.863689
0 0.304461 0.477418 0.238455 0.288326 0.856804
0 0.526171 0.16992 0.210464 0.242879 0.853671
0 0.588331 0.675755 0.224281 0.260744 0.832146
0 0.487783 0.459286 0.226254 0.263189 0.831202
0 0.639248 0.266796 0.153474 0.17764 0.911016
0 0.695182 0.496629 0.254873 0.297035 0.870499
0 0.526126 0.17031 0.210283 0.241967 0.863928
0 0.304267 0.477177 0.240324 0.288459 0.862928
0 0.487698 0.459902 0.226239 0.26328 0.843881
0 0.588144 0.675612 0.22444 0.260298 0.837064
