0 0.823431 0.205741 0.157516 0.153543 0.641841
0 0.663938 0.195032 0.131038 0.154448 0.844225
0 0.260342 0.291324 0.109948 0.135768 0.687969
0 0.83124 0.204255 0.155207 0.179274 0.639044
0 0.821182 0.200288 0.111996 0.140438 0.650707
0 0.650736 0.198049 0.113601 0.130467 0.801581
0 0.83096 0.200746 0.109159 0.131505 0.627407
0 0.818873 0.200142 0.105031 0.130836 0.764665
0 0.651959 0.191065 0.0995974 0.118851 0.736359
0 0.650213 0.192702 0.113296 0.13962 0.911781
0 0.821087 0.197561 0.120483 0.144657 0.856577
0 0.247446 0.282392 0.0946537 0.113509 0.792535
0 0.651144 0.197042 0.108308 0.128782 0.896715
0 0.820566 0.200034 0.114544 0.136429 0.870987
0 0.249366 0.28539 0.0857756 0.0987801 0.829371
0 0.476766 0.224406 0.0942495 0.111885 0.689552
0 0.652871 0.192988 0.108498 0.125045 0.854879
0 0.825288 0.198233 0.108751 0.129999 0.756708
0 0.479804 0.220183 0.0908714 0.113307 0.690828
0 0.821033 0.196543 0.110362 0.134194 0.87567
0 0.650578 0.192776 0.104713 0.12863 0.821539
0 0.478578 0.220411 0.0939013 0.119272 0.749915
0 0.25145 0.282245 0.0852842 0.108211 0.688224
0 0.648874 0.190926 0.106057 0.122596 0.825728
0 0.822612 0.196526 0.115117 0.134861 0.711488
0 0.479441 0.217396 0.0987108 0.116437 0.627604
0 0.650624 0.190111 0.0999968 0.113631 0.84612
0 0.821438 0.197848 0.103427 0.125214 0.827858
0 0.250691 0.282911 0.0850618 0.0957804 0.66939
0 0.155133 0.19881 0.0892911 0.104056 0.622547
0 0.65113 0.191038 0.104714 0.11487 0.85869
0 0.819797 0.201311 0.12126 0.136044 0.755073
0 0.249687 0.285945 0.0896647 0.100536 0.71593
0 0.478111 0.221762 0.102903 0.112597 0.659499
0 0.646843 0.192707 0.0962601 0.117598 0.82211
0 0.814803 0.200045 0.105075 0.122583 0.782482
0 0.82026 0.199088 0.11525 0.132926 0.760059
0 0.651481 0.194113 0.105711 0.125226 0.686619
0 0.25083 0.28371 0.0859472 0.103375 0.601016
0 0.650297 0.192548 0.108027 0.124314 0.833173
0 0.250829 0.282684 0.0971228 0.108208 0.755864
0 0.822778 0.199888 0.117867 0.136128 0.732008
0 0.151423 0.200192 0.0994797 0.114253 0.678771
0 0.479297 0.220128 0.1055 0.12291 0.663519
0 0.650209 0.193662 0.0954887 0.117007 0.869519
0 0.817518 0.197472 0.106917 0.125903 0.814668
0 0.246925 0.28582 0.0779249 0.0927014 0.747612
0 0.478512 0.22026 0.08644 0.107087 0.742886
0 0.150831 0.202137 0.0747371 0.0912281 0.66717
0 0.652219 0.191811 0.10514 0.120856 0.844628
0 0.823598 0.198156 0.119934 0.140344 0.758754
0 0.481073 0.219245 0.105653 0.123511 0.673357
0 0.248935 0.283294 0.0863238 0.0988085 0.660655
0 0.155025 0.198261 0.0974728 0.111813 0.634523
0 0.651346 0.191865 0.102909 0.118229 0.836056
0 0.820873 0.197506 0.112965 0.130031 0.813175
0 0.479529 0.219368 0.0985342 0.118212 0.697794
0 0.249796 0.285573 0.0835565 0.100095 0.648614
0 0.15391 0.203571 0.0906105 0.107345 0.608425
0 0.652705 0.193823 0.106249 0.121857 0.908313
0 0.824298 0.198295 0.118533 0.134773 0.843019
0 0.482147 0.22142 0.0973259 0.116167 0.740999
0 0.251953 0.28468 0.0885923 0.101617 0.660677
0 0.650735 0.191218 0.103616 0.123778 0.821504
0 0.248648 0.282322 0.0853476 0.102351 0.755865
0 0.480542 0.219363 0.0955546 0.115716 0.706169
0 0.820633 0.196703 0.112946 0.130814 0.699237
0 0.82077 0.198402 0.118747 0.132604 0.74153
0 0.479809 0.217927 0.103967 0.123075 0.71684
0 0.652827 0.19328 0.105165 0.122427 0.680766
0 0.249856 0.285068 0.0870588 0.0974768 0.629717
0 0.651048 0.194285 0.105168 0.122586 0.76731
0 0.823258 0.20238 0.112681 0.131371 0.729681
0 0.249235 0.283936 0.0906176 0.110042 0.708184
0 0.479689 0.223054 0.0949061 0.112209 0.624229
0 0.652049 0.193499 0.104892 0.124944 0.919231
0 0.822435 0.201072 0.12424 0.139976 0.851736
0 0.479863 0.221756 0.10319 0.122677 0.837818
0 0.250561 0.28652 0.0896942 0.107304 0.835001
0 0.154499 0.20091 0.0994159 0.115825 0.715995
0 0.650837 0.193529 0.101823 0.118758 0.82799
0 0.822402 0.200428 0.112538 0.13412 0.793853
0 0.479454 0.221065 0.0977934 0.116671 0.735475
0 0.249601 0.285364 0.0905154 0.106548 0.731333
0 0.651054 0.193513 0.104692 0.119372 0.824479
0 0.821091 0.200638 0.115782 0.134189 0.79244
0 0.477838 0.221578 0.0959326 0.115085 0.765558
0 0.248887 0.284277 0.088531 0.102784 0.759225
0 0.822115 0.19634 0.119211 0.136901 0.810329
0 0.651511 0.192146 0.105883 0.123503 0.798293
0 0.479535 0.220208 0.0971821 0.119559 0.713342
0 0.250295 0.282696 0.0897423 0.103914 0.698636
0 0.650911 0.192122 0.104202 0.123911 0.852753
0 0.821008 0.196737 0.114362 0.1278 0.810794
0 0.47835 0.220455 0.0985853 0.118869 0.754236
0 0.249379 0.283765 0.0857819 0.09822 0.741344
0 0.154234 0.199202 0.0971067 0.111856 0.644379
0 0.65069 0.194385 0.102354 0.121221 0.834558
0 0.82124 0.199275 0.116769 0.138802 0.806196
0 0.249232 0.284676 0.0892524 0.101232 0.741233
0 0.480705 0.222798 0.0929465 0.111898 0.689278
0 0.651022 0.19502 0.104736 0.121592 0.882154
0 0.821383 0.201668 0.114387 0.133177 0.85784
0 0.481206 0.221374 0.0969589 0.116671 0.8166
0 0.247686 0.286451 0.0913179 0.101758 0.763695
0 0.651528 0.192155 0.104902 0.119323 0.822663
0 0.821646 0.198336 0.115749 0.13181 0.7383
0 0.248746 0.284894 0.0889162 0.101683 0.710326
0 0.479598 0.219721 0.0966276 0.113269 0.666629
0 0.154355 0.201437 0.0965427 0.10908 0.662119
0 0.652524 0.19011 0.106614 0.119149 0.78958
0 0.822268 0.198124 0.118679 0.136113 0.73376
0 0.478566 0.219766 0.0971665 0.116815 0.66362
0 0.24965 0.284915 0.0923699 0.103353 0.633593
0 0.652095 0.19178 0.10875 0.124219 0.834774
0 0.823327 0.199653 0.117803 0.134533 0.819167
0 0.478134 0.219294 0.104877 0.121257 0.7785
0 0.250409 0.283209 0.0925067 0.106958 0.745057
0 0.650255 0.192358 0.104269 0.121032 0.873873
0 0.249027 0.283552 0.0904139 0.103102 0.808656
0 0.821521 0.195938 0.118138 0.137158 0.797811
0 0.478328 0.218664 0.0964888 0.113327 0.751402
0 0.65162 0.194159 0.108165 0.124239 0.857457
0 0.249211 0.285711 0.094191 0.105526 0.813347
0 0.824126 0.199981 0.11815 0.134894 0.805842
0 0.480559 0.221248 0.0991688 0.120771 0.803683
0 0.153524 0.200763 0.103446 0.11735 0.628386
0 0.821939 0.203443 0.11956 0.137351 0.880828
0 0.651996 0.194884 0.105772 0.122552 0.871373
0 0.249441 0.28727 0.0931946 0.104968 0.842143
0 0.479746 0.221912 0.102485 0.120876 0.754547
0 0.153099 0.203293 0.101501 0.115026 0.60088
0 0.651714 0.192015 0.103979 0.119659 0.81049
0 0.823751 0.200216 0.115174 0.135269 0.798956
0 0.249883 0.285555 0.0900813 0.105842 0.72618
0 0.48095 0.219985 0.0966124 0.117393 0.712951
0 0.650665 0.191896 0.102863 0.117701 0.72348
0 0.820291 0.201325 0.111381 0.131051 0.682096
0 0.478346 0.221039 0.0974324 0.117179 0.649475
0 0.247853 0.284584 0.0928169 0.106545 0.600643
0 0.649559 0.194044 0.103621 0.121185 0.806743
0 0.820326 0.200141 0.116531 0.132603 0.736534
0 0.478855 0.220247 0.100686 0.12035 0.676794
0 0.246689 0.285328 0.0893223 0.100442 0.675748
0 0.650541 0.19304 0.105821 0.119495 0.856458
0 0.821665 0.200528 0.11319 0.12966 0.843874
0 0.479665 0.222951 0.0980875 0.109927 0.732283
0 0.248219 0.283936 0.0947054 0.105518 0.715936
0 0.651525 0.195513 0.105612 0.124918 0.752812
0 0.820196 0.201981 0.111736 0.132513 0.705943
0 0.479701 0.222977 0.0970648 0.119062 0.658205
0 0.249462 0.289265 0.091888 0.111411 0.635807
0 0.650795 0.193125 0.103105 0.118712 0.854945
0 0.820553 0.19868 0.113211 0.130252 0.8106
0 0.249646 0.285637 0.0915533 0.103226 0.756146
0 0.47943 0.221556 0.0961452 0.113283 0.724087
0 0.154123 0.20012 0.0979934 0.113968 0.648122
0 0.65082 0.192502 0.105421 0.123689 0.760522
0 0.820466 0.198137 0.116125 0.130774 0.692207
0 0.480524 0.220031 0.0968375 0.118532 0.650951
0 0.24956 0.286613 0.0894655 0.10461 0.620543
0 0.651753 0.191388 0.104945 0.122535 0.820858
0 0.821413 0.197516 0.12122 0.14089 0.761201
0 0.478534 0.220274 0.102916 0.120949 0.715127
0 0.249172 0.285881 0.0903557 0.104667 0.713946
0 0.6514 0.191804 0.106503 0.123442 0.853712
0 0.820457 0.196058 0.119687 0.136579 0.852073
0 0.248874 0.286735 0.0943723 0.106773 0.744083
0 0.478677 0.219744 0.0983637 0.116798 0.733
0 0.652381 0.19116 0.101801 0.118856 0.829253
0 0.822484 0.1985 0.115903 0.133539 0.797913
0 0.481269 0.220372 0.0970457 0.115689 0.754591
0 0.250242 0.286164 0.0898517 0.103777 0.746118
0 0.154626 0.200594 0.099833 0.115165 0.603151
0 0.652029 0.192457 0.106888 0.123693 0.856891
0 0.249923 0.28636 0.0917653 0.105345 0.843376
0 0.822169 0.198924 0.116598 0.132858 0.8417
0 0.480845 0.220234 0.0947292 0.113532 0.772044
0 0.154539 0.199941 0.101081 0.116137 0.642728
0 0.649727 0.191354 0.105184 0.12044 0.814112
0 0.821507 0.196739 0.120179 0.134778 0.790199
0 0.247914 0.284651 0.0892186 0.0984029 0.763481
0 0.478709 0.219748 0.0956832 0.114404 0.726331
0 0.150578 0.199966 0.100494 0.115127 0.617619
0 0.651022 0.19371 0.103134 0.12041 0.828719
0 0.822249 0.201307 0.109649 0.130067 0.774494
0 0.479791 0.222593 0.0944213 0.111422 0.748007
0 0.248592 0.287947 0.090412 0.103371 0.724924
0 0.650735 0.192417 0.104518 0.119871 0.874158
0 0.821251 0.198304 0.118672 0.134889 0.814368
0 0.248705 0.285724 0.0909446 0.104493 0.788792
0 0.479868 0.222557 0.0972273 0.112306 0.77122
0 0.151834 0.201358 0.0983269 0.110893 0.611677
0 0.651574 0.192751 0.104242 0.121697 0.791595
0 0.81925 0.200532 0.11688 0.137124 0.742575
0 0.478423 0.221179 0.0983327 0.11771 0.692641
0 0.249768 0.286305 0.0905803 0.101696 0.680022
0 0.652365 0.19323 0.106914 0.12503 0.785243
0 0.822987 0.19965 0.119832 0.140208 0.716121
0 0.480584 0.221408 0.101968 0.11865 0.703517
0 0.250518 0.286595 0.0932771 0.106688 0.69026
0 0.651376 0.193125 0.104378 0.120098 0.817993
0 0.820455 0.198072 0.117783 0.134247 0.766608
0 0.247997 0.2866 0.0925962 0.103483 0.749809
0 0.479404 0.222327 0.0998425 0.113745 0.728532
0 0.652322 0.190867 0.1054 0.121585 0.831582
0 0.478556 0.218752 0.101238 0.118867 0.768629
0 0.821922 0.197071 0.120137 0.137638 0.762042
0 0.249931 0.284642 0.0928206 0.105926 0.700754
0 0.651135 0.191275 0.105077 0.121245 0.867136
0 0.822361 0.197059 0.11993 0.137199 0.795472
0 0.478626 0.222013 0.0994433 0.117797 0.747822
0 0.247919 0.286312 0.0931504 0.103037 0.73301
0 0.651615 0.192824 0.103569 0.119469 0.865668
0 0.249405 0.287867 0.0899304 0.102986 0.82723
0 0.822967 0.199254 0.117299 0.133725 0.814292
0 0.4787 0.220715 0.096017 0.112869 0.781015
0 0.152819 0.201818 0.0980106 0.111429 0.683144
0 0.651685 0.190759 0.104252 0.116127 0.852744
0 0.249723 0.285464 0.0927482 0.101374 0.7633
0 0.822233 0.196708 0.12014 0.135863 0.756885
0 0.478885 0.221599 0.101451 0.121174 0.708507
0 0.651502 0.190865 0.105924 0.119372 0.761969
0 0.248291 0.286897 0.0937744 0.104824 0.708512
0 0.821637 0.196202 0.119437 0.138219 0.701707
0 0.47802 0.219079 0.1013 0.119858 0.68485
0 0.652591 0.193525 0.104378 0.120674 0.844581
0 0.822326 0.197449 0.116024 0.131264 0.760081
0 0.251365 0.286407 0.0909418 0.1034 0.739304
0 0.479348 0.220514 0.097884 0.117247 0.708129
0 0.15386 0.201277 0.0978211 0.110471 0.615732
0 0.65224 0.191476 0.106232 0.124551 0.786503
0 0.821164 0.197122 0.118458 0.136916 0.732882
0 0.250527 0.285739 0.0944643 0.110808 0.732639
0 0.480058 0.219809 0.0966142 0.115384 0.682437
0 0.652153 0.192677 0.10624 0.12295 0.749237
0 0.478739 0.221292 0.102998 0.119692 0.682149
0 0.821587 0.195997 0.121074 0.138899 0.67525
0 0.249495 0.285856 0.0948968 0.108938 0.628406
0 0.652418 0.191548 0.104977 0.120498 0.818651
0 0.822573 0.197166 0.119422 0.134044 0.801755
0 0.479995 0.221147 0.100221 0.114907 0.754164
0 0.249311 0.285587 0.093263 0.106455 0.747439
0 0.154139 0.200183 0.0976582 0.112017 0.604049
0 0.651931 0.193202 0.103812 0.120927 0.86831
0 0.822339 0.198055 0.116546 0.13407 0.839421
0 0.479339 0.221282 0.0964767 0.112656 0.817289
0 0.24952 0.286183 0.0897134 0.101652 0.80917
0 0.652036 0.190843 0.105518 0.120512 0.852366
0 0.821986 0.197103 0.117382 0.133509 0.790047
0 0.47945 0.220034 0.100042 0.114883 0.776533
0 0.249439 0.284825 0.093383 0.106013 0.762626
0 0.65185 0.191225 0.103324 0.11998 0.771806
0 0.821493 0.196004 0.118193 0.134524 0.745086
0 0.478344 0.219815 0.0995224 0.117759 0.674141
0 0.249091 0.286016 0.0898022 0.103229 0.645095
0 0.65192 0.19291 0.105536 0.12241 0.89606
0 0.478967 0.220381 0.0980975 0.113989 0.838939
0 0.82172 0.195889 0.118043 0.134724 0.820667
0 0.24896 0.286153 0.0923921 0.106699 0.805647
0 0.652186 0.192742 0.103369 0.119959 0.816941
0 0.821375 0.199317 0.116991 0.13335 0.787345
0 0.478673 0.221703 0.0960439 0.111985 0.738584
0 0.249078 0.287383 0.0906158 0.102707 0.722035
0 0.651957 0.192675 0.104819 0.121633 0.844674
0 0.249013 0.286732 0.0911741 0.103659 0.775252
0 0.822567 0.198597 0.117435 0.132655 0.769499
0 0.479672 0.221196 0.0958899 0.111884 0.730183
0 0.651957 0.193878 0.106192 0.1238 0.80771
0 0.248289 0.288446 0.092304 0.106158 0.757476
0 0.821629 0.198251 0.118322 0.133493 0.753133
0 0.479178 0.222276 0.0972961 0.11543 0.70087
0 0.652097 0.191952 0.105142 0.120929 0.83523
0 0.822414 0.198325 0.11698 0.132141 0.821573
0 0.248696 0.287472 0.0889818 0.100273 0.788508
0 0.478757 0.220572 0.0967969 0.116172 0.771647
0 0.152984 0.201458 0.0999253 0.115417 0.645401
0 0.65217 0.191742 0.104539 0.119777 0.859576
0 0.821716 0.197253 0.118514 0.133365 0.817486
0 0.24893 0.286058 0.091557 0.10355 0.798434
0 0.479336 0.219368 0.100288 0.11764 0.788382
0 0.652062 0.193111 0.105916 0.1225 0.864385
0 0.822153 0.197232 0.118244 0.133071 0.824471
0 0.249096 0.286729 0.0922104 0.105295 0.808159
0 0.47933 0.22087 0.102223 0.117903 0.793496
0 0.154282 0.201998 0.0981252 0.112308 0.622465
0 0.652848 0.192523 0.104254 0.119871 0.865243
0 0.82328 0.19659 0.119313 0.138895 0.836349
0 0.249632 0.286854 0.0905192 0.101493 0.79854
0 0.480411 0.220765 0.0977601 0.113777 0.765829
0 0.155383 0.202776 0.0943629 0.10763 0.634811
0 0.652106 0.192217 0.104807 0.120054 0.757445
0 0.82152 0.199022 0.118916 0.134029 0.720057
0 0.47978 0.22136 0.099428 0.114317 0.695148
0 0.248732 0.286759 0.0916677 0.105062 0.683
0 0.652427 0.191805 0.103289 0.117868 0.813248
0 0.823057 0.198952 0.118233 0.135511 0.766199
0 0.249288 0.286313 0.090501 0.101574 0.754431
0 0.480405 0.221121 0.0962749 0.111374 0.747366
0 0.652505 0.191146 0.104634 0.119948 0.847506
0 0.822583 0.19769 0.1198 0.135157 0.806909
0 0.480434 0.220101 0.0959606 0.113081 0.789345
0 0.249246 0.285571 0.0917524 0.104722 0.783153
0 0.652475 0.191448 0.105011 0.120326 0.876532
0 0.822407 0.197284 0.120021 0.135007 0.82019
0 0.480232 0.22059 0.097289 0.113441 0.817632
0 0.249013 0.286351 0.0904553 0.106315 0.779933
0 0.651574 0.191573 0.105001 0.120262 0.844905
0 0.820339 0.198106 0.11803 0.133742 0.770854
0 0.478949 0.220606 0.0972173 0.111338 0.75984
0 0.24833 0.285559 0.0921501 0.102627 0.727203
0 0.652287 0.191296 0.104414 0.119304 0.867872
0 0.479976 0.220465 0.095855 0.111277 0.815171
0 0.821764 0.195586 0.119077 0.135874 0.803236
0 0.249751 0.285545 0.0908468 0.102593 0.778349
0 0.65205 0.190726 0.104495 0.119036 0.81222
0 0.248739 0.286162 0.0895407 0.103569 0.749474
0 0.478642 0.220455 0.0983283 0.115137 0.733568
0 0.821677 0.195603 0.120209 0.137253 0.720016
0 0.652264 0.192742 0.105601 0.122283 0.844355
0 0.821387 0.197997 0.119641 0.135211 0.801199
0 0.478462 0.220878 0.099006 0.115631 0.789332
0 0.249173 0.286589 0.0896492 0.103559 0.764445
0 0.652144 0.191588 0.105534 0.122255 0.793139
0 0.82129 0.196382 0.120556 0.138126 0.707684
0 0.479686 0.220967 0.0976095 0.113869 0.703861
0 0.249093 0.286197 0.091928 0.104662 0.701877
0 0.652216 0.192556 0.104474 0.121295 0.859755
0 0.822564 0.199119 0.116203 0.132878 0.80049
0 0.478312 0.222367 0.0982032 0.115442 0.794509
0 0.249304 0.286726 0.0910499 0.103602 0.769665
0 0.652054 0.19076 0.104879 0.120418 0.826559
0 0.479134 0.220399 0.0971427 0.112738 0.742564
0 0.820908 0.195259 0.1199 0.135837 0.728609
0 0.249247 0.285813 0.0907346 0.102859 0.698393
0 0.65205 0.192885 0.104319 0.120827 0.840109
0 0.821332 0.198254 0.118295 0.133618 0.784634
0 0.479695 0.221505 0.0967992 0.112485 0.774617
0 0.249256 0.286685 0.0904561 0.102108 0.74496
0 0.651767 0.191747 0.104521 0.121191 0.805659
0 0.479599 0.221194 0.0960544 0.111602 0.741216
0 0.248428 0.286532 0.0904574 0.102278 0.736428
0 0.821275 0.197793 0.119418 0.13595 0.72946
0 0.651978 0.192098 0.104668 0.121007 0.869767
0 0.2493 0.286897 0.0900976 0.102098 0.809563
0 0.480003 0.221406 0.0973316 0.113038 0.807993
0 0.821516 0.197573 0.119105 0.134503 0.803567
0 0.651917 0.192646 0.104321 0.120623 0.866338
0 0.248878 0.286956 0.0905457 0.103365 0.815957
0 0.479603 0.221309 0.0970343 0.113419 0.802018
0 0.821283 0.197693 0.119104 0.134919 0.797747
0 0.154081 0.202488 0.0955565 0.108244 0.641621
0 0.651714 0.19198 0.104656 0.11988 0.863042
0 0.248687 0.286726 0.0912408 0.103314 0.820427
0 0.821422 0.197513 0.118874 0.134395 0.807243
0 0.479611 0.221282 0.0974609 0.112787 0.796815
0 0.153459 0.201948 0.0975452 0.109625 0.634366
0 0.652139 0.191391 0.103942 0.119515 0.813583
0 0.248819 0.28591 0.0900402 0.101869 0.7508
0 0.478758 0.220833 0.0984813 0.116423 0.730517
0 0.821702 0.196827 0.119135 0.135339 0.716244
0 0.652563 0.191703 0.103866 0.119778 0.796075
0 0.249314 0.285804 0.0904449 0.102451 0.741098
0 0.822098 0.196892 0.117921 0.134519 0.728261
0 0.480794 0.220337 0.0955053 0.112454 0.724257
0 0.65191 0.192299 0.10437 0.121064 0.809067
0 0.248917 0.285722 0.0902452 0.102402 0.764357
0 0.821583 0.198323 0.119189 0.135431 0.752638
0 0.480064 0.220992 0.0954779 0.111711 0.729613
0 0.652137 0.191932 0.105351 0.122169 0.843286
0 0.24969 0.2858 0.0918156 0.106295 0.810105
0 0.480274 0.220269 0.0974958 0.114443 0.796117
0 0.822173 0.197512 0.120933 0.13669 0.794966
0 0.652205 0.191858 0.104608 0.121057 0.850397
0 0.249601 0.28584 0.0915937 0.105539 0.813624
0 0.480153 0.220911 0.0962256 0.112841 0.802828
0 0.821878 0.197454 0.119265 0.135743 0.787999
0 0.652274 0.191296 0.104819 0.120548 0.81658
0 0.24943 0.285471 0.0920056 0.105482 0.772982
0 0.480221 0.220604 0.0965936 0.112845 0.75596
0 0.822478 0.197929 0.120128 0.135918 0.753578
0 0.651538 0.191949 0.104611 0.119458 0.836155
0 0.24917 0.285667 0.0907551 0.103562 0.790448
0 0.821239 0.197376 0.118076 0.134036 0.783848
0 0.479883 0.221133 0.0952478 0.111166 0.766723
0 0.65172 0.191128 0.104351 0.119954 0.826876
0 0.248969 0.285712 0.0909765 0.104846 0.786006
0 0.8215 0.197867 0.119961 0.136415 0.779528
0 0.479461 0.220834 0.0962004 0.112604 0.761047
0 0.651891 0.191241 0.104268 0.119354 0.84615
0 0.82184 0.197777 0.118544 0.133981 0.811484
0 0.248978 0.285544 0.0912055 0.104072 0.805641
0 0.479452 0.22077 0.096143 0.112059 0.777322
0 0.651852 0.190611 0.10347 0.118348 0.810078
0 0.248934 0.285166 0.0906454 0.103947 0.767834
0 0.821501 0.197463 0.118465 0.134087 0.757433
0 0.479753 0.220477 0.0945579 0.11098 0.735048
0 0.652066 0.191311 0.104183 0.11976 0.82561
0 0.249188 0.285453 0.0912349 0.105047 0.791013
0 0.821759 0.197627 0.118114 0.133824 0.77135
0 0.479802 0.220846 0.0955064 0.111926 0.765406
0 0.651888 0.191239 0.104264 0.119345 0.84586
0 0.821839 0.197779 0.118543 0.133996 0.811114
0 0.248977 0.285554 0.0912029 0.104073 0.805069
0 0.479453 0.220772 0.0961388 0.112054 0.776668
