0 0.355668 0.175631 0.242199 0.294827 0.966221
0 0.383196 0.16511 0.215766 0.25229 0.799542
0 0.35189 0.191411 0.39399 0.382822 0.693779
0 0.353611 0.136169 0.182419 0.204532 0.898031
0 0.90197 0.697108 0.19606 0.289765 0.768473
0 0.473764 0.457075 0.531407 0.600726 0.646051
0 0.463661 0.452739 0.487226 0.573145 0.721434
0 0.446027 0.452113 0.564146 0.616386 0.632998
0 0.446416 0.424293 0.533112 0.653468 0.730291
0 0.471931 0.447428 0.57973 0.609206 0.659129
0 0.475008 0.442157 0.547823 0.603897 0.733287
0 0.4653 0.448635 0.473341 0.569794 0.702902
0 0.471718 0.451405 0.535765 0.582576 0.681046
0 0.464929 0.457442 0.495534 0.571649 0.647095
0 0.462821 0.455597 0.536864 0.617306 0.727016
0 0.475067 0.431485 0.589408 0.684096 0.677844
0 0.480888 0.440444 0.502541 0.594663 0.66749
0 0.480749 0.441279 0.618571 0.664238 0.757465
0 0.442668 0.421163 0.557308 0.620095 0.723978
0 0.478511 0.465741 0.461683 0.537141 0.785212
0 0.473534 0.463923 0.465653 0.520178 0.608355
0 0.482226 0.465885 0.461168 0.535403 0.762204
0 0.472642 0.437626 0.539692 0.633254 0.737448
0 0.484994 0.467035 0.465015 0.567486 0.815442
0 0.481608 0.468281 0.463981 0.563332 0.748086
0 0.466033 0.470603 0.446901 0.55538 0.850315
0 0.497611 0.465059 0.474807 0.548915 0.809392
0 0.486586 0.473265 0.43757 0.52664 0.758261
0 0.477492 0.476096 0.465941 0.548375 0.804751
0 0.482533 0.475133 0.447347 0.560801 0.769315
0 0.483641 0.463951 0.442633 0.533247 0.805895
0 0.478195 0.467672 0.47484 0.570923 0.748222
0 0.47445 0.446416 0.514102 0.602345 0.709381
0 0.470149 0.45172 0.525699 0.618285 0.740543
0 0.48029 0.463657 0.508664 0.58029 0.77358
0 0.48633 0.465243 0.462943 0.546743 0.814229
0 0.476882 0.458483 0.469944 0.549838 0.79014
0 0.48944 0.459966 0.467668 0.552354 0.836567
0 0.484225 0.46922 0.457203 0.551467 0.830609
0 0.466715 0.452233 0.483491 0.557847 0.732116
0 0.493951 0.456046 0.479551 0.571609 0.741212
0 0.468543 0.436053 0.536969 0.620076 0.740857
0 0.482134 0.464872 0.458921 0.582689 0.806711
0 0.478953 0.463295 0.486703 0.594216 0.840633
0 0.47046 0.447104 0.503513 0.591427 0.779258
0 0.464789 0.452676 0.50175 0.593426 0.779767
0 0.482589 0.457816 0.468097 0.581709 0.838837
0 0.477743 0.451031 0.492854 0.574472 0.774483
0 0.489339 0.458655 0.508289 0.578282 0.805044
0 0.474121 0.476806 0.484389 0.580442 0.794105
0 0.480458 0.459619 0.473956 0.583518 0.809916
0 0.480333 0.461911 0.466094 0.561154 0.781477
0 0.480557 0.461351 0.491247 0.578821 0.825446
0 0.480134 0.459585 0.463014 0.567097 0.797752
0 0.486935 0.458914 0.490794 0.579186 0.808275
0 0.4815 0.454819 0.468616 0.575338 0.831984
0 0.481038 0.464462 0.463741 0.558681 0.835631
0 0.488627 0.461775 0.467967 0.565411 0.843686
0 0.479614 0.454984 0.475053 0.579074 0.772019
0 0.481311 0.461024 0.467931 0.571853 0.813569
0 0.476071 0.461307 0.444641 0.548771 0.851248
0 0.476592 0.477244 0.454869 0.551268 0.845019
0 0.474107 0.460128 0.465389 0.565538 0.831146
0 0.484219 0.458029 0.473875 0.564335 0.822666
0 0.48031 0.456346 0.479711 0.568634 0.82712
0 0.48332 0.468007 0.460282 0.552803 0.839125
0 0.47444 0.468058 0.485155 0.564018 0.82447
0 0.48224 0.464879 0.465157 0.55915 0.851207
0 0.476556 0.468823 0.475925 0.567805 0.846642
0 0.475019 0.469583 0.465441 0.564022 0.860182
0 0.476117 0.464697 0.473388 0.560514 0.853666
0 0.479456 0.462262 0.478992 0.576576 0.867024
0 0.47681 0.465196 0.472479 0.567992 0.876454
0 0.476654 0.46293 0.474813 0.577724 0.879211
0 0.474335 0.464666 0.470077 0.570645 0.8585
0 0.476299 0.46409 0.478681 0.573701 0.885755
0 0.477948 0.464993 0.469164 0.564939 0.873253
0 0.475616 0.46476 0.475801 0.571028 0.883547
0 0.478314 0.464087 0.483154 0.579734 0.891366
0 0.477277 0.464337 0.474465 0.571044 0.883262
0 0.475614 0.464728 0.475827 0.571044 0.883722
