0 0.70578 0.24264 0.182971 0.211841 0.998034
0 0.712062 0.24809 0.218104 0.240644 0.715041
0 0.71156 0.24277 0.178537 0.201534 0.968937
0 0.708545 0.247094 0.205686 0.248184 0.864504
0 0.716897 0.243578 0.213223 0.260048 0.89945
0 0.715929 0.2559 0.213867 0.254135 0.913263
0 0.719238 0.243635 0.216389 0.252359 0.832404
0 0.714765 0.243484 0.203465 0.24655 0.82916
0 0.718033 0.246985 0.207509 0.241333 0.840184
0 0.713453 0.239149 0.202822 0.246081 0.795596
0 0.715601 0.252215 0.202108 0.227386 0.841916
0 0.71866 0.249614 0.185016 0.213848 0.76289
0 0.714944 0.245377 0.220755 0.251454 0.82439
0 0.72354 0.247429 0.209966 0.243235 0.777497
0 0.720046 0.241005 0.211656 0.256539 0.84062
0 0.725456 0.242662 0.20737 0.250034 0.894187
0 0.715378 0.238751 0.210567 0.257092 0.814778
0 0.721524 0.238792 0.21953 0.256667 0.890203
0 0.718252 0.244572 0.218895 0.2655 0.839816
0 0.722909 0.236825 0.219006 0.26767 0.779528
0 0.721934 0.239274 0.214075 0.258595 0.824972
0 0.719474 0.24176 0.205546 0.247937 0.840315
0 0.720049 0.245849 0.228698 0.274936 0.812729
0 0.713067 0.236338 0.203918 0.238393 0.862191
0 0.719048 0.23888 0.213175 0.258487 0.890738
0 0.718825 0.241168 0.224575 0.264523 0.863333
0 0.713927 0.247693 0.214514 0.254495 0.844452
0 0.715563 0.236749 0.217484 0.267467 0.77182
0 0.719759 0.240731 0.215802 0.258304 0.755723
0 0.721821 0.233737 0.229207 0.270465 0.831569
0 0.717763 0.237428 0.222803 0.264562 0.845378
0 0.715301 0.239403 0.224224 0.268491 0.812821
0 0.71713 0.246161 0.220765 0.262643 0.866146
0 0.718129 0.239622 0.230374 0.267703 0.845135
0 0.720515 0.242079 0.227402 0.264455 0.786848
0 0.722684 0.233738 0.225939 0.266597 0.761517
0 0.719222 0.240733 0.216816 0.256087 0.821633
0 0.722637 0.23183 0.220631 0.263486 0.838134
0 0.717241 0.237285 0.216887 0.256166 0.810353
0 0.720486 0.238223 0.223788 0.271006 0.769493
0 0.719813 0.239807 0.214584 0.254265 0.871027
0 0.716494 0.240714 0.21403 0.253741 0.841488
0 0.71714 0.241471 0.219004 0.258253 0.852853
0 0.718252 0.243592 0.214203 0.254687 0.857752
0 0.716289 0.238732 0.217478 0.253023 0.844501
0 0.715632 0.238697 0.218714 0.255078 0.856655
0 0.715193 0.247948 0.223903 0.264578 0.857193
0 0.718168 0.247287 0.225756 0.263697 0.859779
0 0.712753 0.241027 0.219593 0.2568 0.827121
0 0.718717 0.241501 0.218541 0.259496 0.81248
0 0.717919 0.240142 0.214439 0.262395 0.854201
0 0.714154 0.240862 0.220847 0.260812 0.873032
0 0.716604 0.236998 0.220873 0.262056 0.855416
0 0.717669 0.24804 0.21802 0.260715 0.85062
0 0.717907 0.240516 0.221873 0.26306 0.83586
0 0.719344 0.237947 0.225855 0.270475 0.827861
0 0.71751 0.241164 0.20994 0.250759 0.833817
0 0.719176 0.242929 0.215632 0.253932 0.860913
0 0.717751 0.239771 0.220871 0.263778 0.83037
0 0.717963 0.236286 0.220858 0.263733 0.850835
0 0.716482 0.241638 0.224657 0.270392 0.860534
0 0.719304 0.238291 0.221064 0.263652 0.871697
0 0.719681 0.237406 0.220952 0.261438 0.83005
0 0.718282 0.241951 0.221157 0.260204 0.888695
0 0.718291 0.240261 0.225141 0.265522 0.875783
0 0.72039 0.240021 0.220773 0.260255 0.883344
0 0.722479 0.238504 0.218806 0.257723 0.877251
0 0.717326 0.239867 0.222444 0.266395 0.863051
0 0.719996 0.242213 0.224807 0.267411 0.892433
0 0.720249 0.243076 0.224815 0.266998 0.873083
0 0.719796 0.238665 0.224903 0.268559 0.90543
0 0.717449 0.241464 0.22065 0.262078 0.860526
0 0.718282 0.240138 0.223496 0.265103 0.854073
0 0.718914 0.237654 0.222788 0.263928 0.851835
0 0.719961 0.239694 0.221121 0.259084 0.898908
0 0.722508 0.238631 0.220225 0.259783 0.881204
0 0.717079 0.237243 0.225809 0.264202 0.85045
0 0.722857 0.238857 0.220167 0.259229 0.851969
0 0.719764 0.238685 0.223202 0.262016 0.873299
0 0.719204 0.238101 0.220832 0.257828 0.859601
0 0.718982 0.238805 0.223866 0.264574 0.877956
0 0.720597 0.237139 0.221985 0.263197 0.861117
0 0.720015 0.238836 0.222468 0.262483 0.869228
0 0.719992 0.238793 0.220506 0.259641 0.863548
0 0.717673 0.236651 0.22048 0.260296 0.886374
0 0.717966 0.236663 0.221627 0.261196 0.878506
0 0.718794 0.237971 0.222344 0.262146 0.888382
0 0.719972 0.239695 0.220975 0.259414 0.865135
0 0.719336 0.237311 0.223633 0.262486 0.89447
0 0.719418 0.238824 0.221342 0.259953 0.890885
0 0.72059 0.237555 0.222111 0.261822 0.893614
0 0.719793 0.238005 0.222398 0.261136 0.897646
0 0.721417 0.237374 0.223477 0.262961 0.8781
0 0.720626 0.239288 0.22196 0.25939 0.896955
0 0.719771 0.23831 0.222099 0.260212 0.884981
0 0.719666 0.237538 0.222707 0.261765 0.896549
0 0.719671 0.237903 0.221284 0.259893 0.888913
0 0.719764 0.237548 0.221709 0.260957 0.891129
0 0.719673 0.237529 0.222703 0.261765 0.896303
