0 0.522978 0.141103 0.200005 0.226303 0.858804
0 0.508153 0.146601 0.166776 0.167276 0.659803
0 0.52352 0.140422 0.148917 0.173964 0.984335
0 0.518351 0.152378 0.18538 0.209025 0.947609
0 0.523737 0.141288 0.120616 0.128563 0.908634
0 0.518671 0.131363 0.115401 0.130274 0.799438
0 0.512074 0.134518 0.123146 0.143884 0.859266
0 0.517382 0.136488 0.123528 0.139275 0.902987
0 0.516351 0.133624 0.122407 0.143003 0.880372
0 0.519008 0.135708 0.131729 0.146272 0.894572
0 0.516639 0.135041 0.121656 0.13754 0.796086
0 0.512209 0.136412 0.112746 0.134569 0.893734
0 0.509387 0.137433 0.120907 0.136897 0.891396
0 0.510244 0.137749 0.111297 0.133191 0.824838
0 0.515091 0.135052 0.135812 0.154922 0.817056
0 0.512814 0.134009 0.126884 0.14317 0.88285
0 0.513522 0.134717 0.129466 0.149139 0.906543
0 0.511095 0.13453 0.118202 0.140597 0.864923
0 0.515189 0.133435 0.125349 0.143101 0.863209
0 0.515715 0.134672 0.12365 0.141467 0.928853
0 0.511572 0.133677 0.128236 0.146281 0.891662
0 0.513785 0.136583 0.13256 0.148004 0.790734
0 0.516519 0.136213 0.126144 0.145146 0.835013
0 0.514431 0.135102 0.128233 0.144291 0.918084
0 0.514582 0.134811 0.12481 0.14236 0.836437
0 0.515861 0.13652 0.119807 0.13805 0.872614
0 0.517319 0.133969 0.128692 0.14671 0.854278
0 0.513529 0.134989 0.131709 0.150366 0.893191
0 0.511794 0.135678 0.123216 0.142118 0.922334
0 0.515095 0.136515 0.126869 0.143784 0.896479
0 0.514024 0.134632 0.122712 0.142277 0.845871
0 0.517198 0.134589 0.125053 0.144886 0.821326
0 0.517867 0.134721 0.125827 0.142651 0.893053
0 0.513883 0.135028 0.127291 0.146902 0.895102
0 0.515281 0.137219 0.12646 0.144559 0.906928
0 0.516252 0.138674 0.127173 0.145086 0.926535
0 0.517089 0.134011 0.12669 0.145711 0.883577
0 0.514888 0.134301 0.124116 0.142275 0.789317
0 0.514903 0.136348 0.12763 0.143804 0.85879
0 0.515833 0.136906 0.12719 0.142748 0.891127
0 0.514161 0.138651 0.123475 0.1444 0.81692
0 0.514062 0.136564 0.12185 0.139558 0.88656
0 0.514789 0.135317 0.125169 0.142597 0.886647
0 0.514295 0.135026 0.125743 0.144568 0.86117
0 0.513333 0.13442 0.126566 0.145265 0.90331
0 0.51506 0.135103 0.122946 0.14129 0.903826
0 0.514989 0.134821 0.12198 0.140909 0.902773
0 0.515167 0.1346 0.124292 0.142425 0.879391
0 0.512438 0.137838 0.11628 0.13605 0.859084
0 0.513877 0.13528 0.122223 0.139859 0.866474
0 0.514069 0.135669 0.123046 0.142046 0.851783
0 0.514929 0.136486 0.126427 0.145538 0.831549
0 0.511718 0.135704 0.12123 0.140918 0.860069
0 0.514887 0.134311 0.122624 0.141151 0.876447
0 0.514685 0.134058 0.120705 0.141743 0.841243
0 0.51458 0.136527 0.122293 0.139674 0.862202
0 0.515109 0.13547 0.12358 0.141248 0.841766
0 0.51505 0.134809 0.125449 0.143798 0.811515
0 0.515673 0.137152 0.122519 0.141547 0.812379
0 0.514767 0.135481 0.123318 0.142382 0.828439
0 0.515295 0.135642 0.125527 0.14308 0.803876
0 0.516088 0.134652 0.125135 0.143354 0.86545
0 0.51454 0.136693 0.121403 0.140969 0.875653
0 0.5155 0.135106 0.123762 0.142912 0.856292
0 0.514829 0.13532 0.12203 0.140989 0.802546
0 0.515142 0.136619 0.12115 0.141386 0.895144
0 0.514449 0.135366 0.121573 0.14063 0.866431
0 0.515845 0.137101 0.122644 0.142071 0.856171
0 0.51535 0.136266 0.123156 0.140724 0.843329
0 0.515047 0.134504 0.121052 0.140956 0.850262
0 0.514663 0.134218 0.122663 0.1427 0.855633
0 0.515214 0.134943 0.121983 0.141292 0.862308
0 0.514869 0.1344 0.1258 0.144718 0.898701
0 0.514501 0.135581 0.123402 0.141949 0.811473
0 0.515589 0.136787 0.124229 0.141598 0.863053
0 0.514434 0.1349 0.123819 0.142952 0.851569
0 0.514612 0.13418 0.126928 0.144239 0.867144
0 0.514601 0.134169 0.124711 0.143712 0.862608
0 0.516392 0.134242 0.123337 0.142465 0.884969
0 0.515384 0.133104 0.124632 0.143332 0.795248
0 0.515946 0.135316 0.126199 0.145115 0.886895
0 0.515794 0.133479 0.126893 0.146095 0.804822
0 0.515273 0.134958 0.121511 0.141585 0.858235
0 0.515616 0.133543 0.126563 0.144454 0.817815
0 0.5155 0.135784 0.125121 0.143529 0.873387
0 0.51542 0.134735 0.123637 0.143102 0.839304
0 0.515581 0.134451 0.12541 0.143719 0.87825
0 0.515739 0.135618 0.12493 0.142639 0.870671
0 0.515793 0.135022 0.124625 0.14287 0.880365
0 0.515554 0.13461 0.124492 0.143495 0.846171
0 0.516472 0.1351 0.124754 0.142917 0.867585
0 0.515734 0.136172 0.124945 0.143884 0.887937
0 0.516021 0.13533 0.125437 0.143625 0.89671
0 0.516247 0.135551 0.124949 0.143466 0.897446
0 0.516355 0.13513 0.125024 0.143658 0.871286
0 0.515863 0.135742 0.124932 0.143222 0.89459
0 0.515781 0.135382 0.125208 0.144381 0.884354
0 0.516229 0.135369 0.125054 0.143697 0.89399
0 0.515764 0.135152 0.124879 0.143396 0.881941
0 0.516294 0.135313 0.125387 0.143909 0.886771
0 0.516227 0.135362 0.12506 0.143701 0.893694
