0 0.467412 0.477087 0.618749 0.595278 0.664953
0 0.506065 0.483048 0.645503 0.628036 0.611504
0 0.462434 0.484101 0.547549 0.636354 0.707785
0 0.471117 0.482616 0.537194 0.605577 0.692634
0 0.486152 0.473316 0.584825 0.680339 0.649404
0 0.476566 0.463524 0.555804 0.641528 0.890573
0 0.45735 0.498352 0.646432 0.706523 0.688045
0 0.484518 0.471245 0.580073 0.698529 0.609774
0 0.461838 0.477641 0.503312 0.608992 0.718519
0 0.470193 0.465297 0.61347 0.664446 0.76157
0 0.493106 0.470906 0.560553 0.670799 0.767499
0 0.479954 0.471173 0.574506 0.684147 0.631508
0 0.485397 0.480852 0.547387 0.671997 0.677712
0 0.466201 0.493573 0.625252 0.680638 0.65781
0 0.475571 0.473375 0.593027 0.704558 0.699521
0 0.480154 0.485231 0.612753 0.71989 0.759851
0 0.500641 0.460317 0.54907 0.666601 0.656044
0 0.477887 0.500573 0.644221 0.758427 0.700483
0 0.474092 0.44779 0.567123 0.664476 0.747998
0 0.480499 0.469447 0.539947 0.648086 0.705634
0 0.488835 0.493694 0.618402 0.71113 0.633675
0 0.464996 0.468963 0.573857 0.670082 0.747934
0 0.464763 0.447647 0.591693 0.694963 0.684399
0 0.49132 0.465249 0.537666 0.645399 0.758189
0 0.466321 0.454897 0.564678 0.672968 0.768245
0 0.493091 0.46077 0.550665 0.645369 0.712631
0 0.466848 0.470279 0.56055 0.677935 0.619808
0 0.46553 0.458393 0.609573 0.69687 0.707139
0 0.493961 0.461973 0.544903 0.675922 0.691182
0 0.469588 0.455245 0.593559 0.731528 0.722083
0 0.443157 0.490913 0.655229 0.765937 0.663599
0 0.475816 0.45392 0.59069 0.696036 0.698537
0 0.488597 0.454896 0.715533 0.726025 0.678692
0 0.477648 0.451351 0.572899 0.694375 0.72597
0 0.491008 0.477401 0.829665 0.737635 0.694292
0 0.458452 0.456686 0.585616 0.676741 0.840264
0 0.471557 0.444365 0.584986 0.682722 0.768187
0 0.473163 0.453344 0.591171 0.693408 0.808525
0 0.475901 0.455669 0.590935 0.693429 0.766513
0 0.488863 0.483684 0.733104 0.754816 0.738919
0 0.486432 0.451668 0.597474 0.709824 0.756841
0 0.473459 0.442491 0.638741 0.698272 0.729771
0 0.462631 0.449663 0.606084 0.688538 0.730516
0 0.464851 0.448502 0.619343 0.687245 0.769073
0 0.465947 0.446296 0.573869 0.682249 0.76679
0 0.450457 0.453108 0.644546 0.71641 0.732884
0 0.483248 0.448781 0.576538 0.658511 0.777786
0 0.458293 0.445989 0.615093 0.669905 0.732843
0 0.504499 0.463233 0.607572 0.689771 0.724868
0 0.475445 0.470602 0.575095 0.672164 0.754139
0 0.46719 0.453882 0.594592 0.698749 0.760911
0 0.475811 0.437254 0.581916 0.686722 0.767936
0 0.472468 0.456134 0.603699 0.703647 0.753392
0 0.451317 0.473836 0.61845 0.72561 0.718249
0 0.465721 0.458073 0.596524 0.689194 0.716823
0 0.469379 0.452051 0.612934 0.692943 0.665792
0 0.48615 0.451008 0.580502 0.66051 0.705629
0 0.4659 0.449091 0.593563 0.688164 0.714397
0 0.460632 0.452611 0.6153 0.696088 0.738773
0 0.459432 0.461294 0.621244 0.690455 0.729001
0 0.421622 0.444494 0.831424 0.781299 0.618537
0 0.472914 0.46906 0.636056 0.684646 0.726538
0 0.462934 0.465846 0.583097 0.669897 0.759997
0 0.464719 0.449547 0.588748 0.694429 0.75755
0 0.470328 0.450377 0.587849 0.676979 0.748329
0 0.46428 0.454151 0.600774 0.675582 0.745554
0 0.468462 0.457005 0.591024 0.67594 0.760293
0 0.461339 0.464086 0.586379 0.665161 0.771807
0 0.476281 0.450229 0.753703 0.739804 0.656109
0 0.470486 0.448592 0.580049 0.671386 0.756507
0 0.450396 0.438334 0.811326 0.739698 0.639189
0 0.463207 0.448699 0.597562 0.694793 0.763057
0 0.464133 0.457114 0.587996 0.682387 0.757883
0 0.450588 0.448046 0.60389 0.685995 0.746414
0 0.462842 0.444645 0.606985 0.705578 0.780334
0 0.462255 0.449855 0.616344 0.701825 0.766516
0 0.458209 0.459367 0.622953 0.707745 0.775997
0 0.469097 0.458272 0.640644 0.696173 0.750131
0 0.452579 0.447759 0.616077 0.693023 0.777107
0 0.455471 0.451288 0.621987 0.703112 0.748324
0 0.453293 0.446197 0.61353 0.695674 0.782183
0 0.457054 0.450638 0.623324 0.704314 0.792322
0 0.462871 0.454778 0.615093 0.683841 0.789167
0 0.453266 0.446216 0.613384 0.695593 0.782417
