0 0.486017 0.306132 0.193671 0.228792 0.996416
0 0.503006 0.309116 0.176629 0.192507 0.77159
0 0.500099 0.301639 0.207209 0.239166 0.701535
0 0.496822 0.308769 0.191824 0.232724 0.787547
0 0.483477 0.31706 0.202665 0.249698 0.858446
0 0.486236 0.308606 0.218749 0.250822 0.677509
0 0.481911 0.309672 0.211239 0.254931 0.721579
0 0.701722 0.459915 0.133405 0.154437 0.625868
0 0.488255 0.308733 0.196037 0.235854 0.806521
0 0.485393 0.306677 0.203482 0.239049 0.820031
0 0.48484 0.307548 0.200693 0.228177 0.841159
0 0.485104 0.309287 0.186904 0.226535 0.728243
0 0.691524 0.460936 0.116183 0.13786 0.61672
0 0.479305 0.313066 0.224626 0.259742 0.812782
0 0.486288 0.306697 0.203058 0.238981 0.774601
0 0.481882 0.307979 0.209908 0.25091 0.745391
0 0.69316 0.459219 0.113354 0.136787 0.645307
0 0.490149 0.305898 0.20248 0.240628 0.846174
0 0.481839 0.310051 0.206837 0.246659 0.717129
0 0.491773 0.310599 0.218269 0.256961 0.857719
0 0.697077 0.459103 0.119003 0.136357 0.628541
0 0.483812 0.314298 0.199349 0.240681 0.813027
0 0.697339 0.457751 0.117008 0.139605 0.692646
0 0.487283 0.308002 0.205697 0.247249 0.751842
0 0.490152 0.309834 0.216643 0.261322 0.743141
0 0.697681 0.460166 0.11873 0.138674 0.607475
0 0.490991 0.310515 0.189109 0.222869 0.826236
0 0.699045 0.460382 0.124413 0.139561 0.759359
0 0.488318 0.306553 0.21458 0.255112 0.771169
0 0.696701 0.458456 0.121193 0.139107 0.703771
0 0.48708 0.304815 0.203116 0.236494 0.768505
0 0.699058 0.460648 0.122187 0.14227 0.672506
0 0.492336 0.304553 0.198128 0.233694 0.85226
0 0.69614 0.458223 0.124489 0.147572 0.643878
0 0.484483 0.310033 0.213996 0.256519 0.83841
0 0.694921 0.458674 0.122602 0.142105 0.666463
0 0.488714 0.306917 0.203635 0.242019 0.823099
0 0.696203 0.460448 0.12709 0.148498 0.674564
0 0.489283 0.302864 0.199588 0.239602 0.754112
0 0.697201 0.461356 0.120858 0.139902 0.7207
0 0.488294 0.311411 0.201125 0.234719 0.781311
0 0.485513 0.302824 0.209174 0.246833 0.782427
0 0.696966 0.457219 0.122114 0.142024 0.647975
0 0.481313 0.303188 0.205946 0.242937 0.816689
0 0.696194 0.458018 0.121745 0.140575 0.632649
0 0.48562 0.309586 0.210266 0.251665 0.810366
0 0.486446 0.306744 0.203836 0.243396 0.821703
0 0.697774 0.46041 0.128347 0.149972 0.713212
0 0.480941 0.30574 0.207799 0.242964 0.810975
0 0.698199 0.460581 0.123237 0.143625 0.759804
0 0.492148 0.305273 0.202929 0.236756 0.80015
0 0.695023 0.457621 0.123256 0.144265 0.715216
0 0.488819 0.300256 0.20438 0.242513 0.704648
0 0.48629 0.305289 0.19967 0.234088 0.825078
0 0.489117 0.301546 0.199825 0.234421 0.846314
0 0.696912 0.458553 0.127311 0.148458 0.729578
0 0.48649 0.305451 0.205388 0.239183 0.813176
0 0.69501 0.460591 0.123626 0.145633 0.640567
0 0.488867 0.303825 0.20276 0.243943 0.788253
0 0.694265 0.457577 0.121767 0.143778 0.650172
0 0.485889 0.301425 0.206347 0.245067 0.846536
0 0.695333 0.456815 0.122682 0.144217 0.636037
0 0.484985 0.306024 0.205606 0.245289 0.842679
0 0.693519 0.456001 0.128641 0.150108 0.730366
0 0.484287 0.305209 0.211312 0.248921 0.851991
0 0.697194 0.456784 0.126966 0.144265 0.637914
0 0.491612 0.303741 0.202802 0.240933 0.870868
0 0.69565 0.457463 0.12098 0.139939 0.722408
0 0.487396 0.300206 0.208105 0.238792 0.844545
0 0.695628 0.457906 0.122988 0.141629 0.703222
0 0.483314 0.304759 0.207399 0.242944 0.862162
0 0.694203 0.456943 0.121372 0.140767 0.642264
0 0.488235 0.30626 0.204487 0.24323 0.865713
0 0.696195 0.45981 0.120724 0.138427 0.767731
0 0.487914 0.304968 0.205966 0.240764 0.842126
0 0.695176 0.457901 0.12346 0.141967 0.721468
0 0.487838 0.305561 0.200725 0.235982 0.826611
0 0.694479 0.458648 0.123661 0.144974 0.680307
0 0.487038 0.30511 0.205779 0.244273 0.790874
0 0.694258 0.459369 0.124921 0.146841 0.683839
0 0.487245 0.306111 0.204165 0.241933 0.850094
0 0.694367 0.457984 0.123028 0.143608 0.660599
0 0.488409 0.30393 0.205084 0.239709 0.869845
0 0.694008 0.457631 0.125683 0.145698 0.740033
0 0.483984 0.302594 0.201687 0.239288 0.859531
0 0.697068 0.456109 0.123233 0.141941 0.691251
0 0.484224 0.30667 0.203764 0.243221 0.839611
0 0.696005 0.457843 0.121388 0.141059 0.712314
0 0.491906 0.303773 0.206916 0.242021 0.85617
0 0.69692 0.457598 0.119029 0.133511 0.688718
0 0.485887 0.298034 0.213473 0.250215 0.803016
0 0.483002 0.30246 0.202622 0.241114 0.80301
0 0.695577 0.457735 0.121544 0.140277 0.73248
0 0.486738 0.302005 0.209971 0.247749 0.841225
0 0.695117 0.456598 0.125891 0.147199 0.680714
0 0.487622 0.301773 0.211427 0.247256 0.806724
0 0.69555 0.456935 0.125851 0.146584 0.618733
0 0.484465 0.300995 0.207664 0.24348 0.815358
0 0.693633 0.456441 0.125775 0.144758 0.713709
0 0.485837 0.305757 0.203282 0.241531 0.8257
0 0.694351 0.45716 0.123646 0.144193 0.745911
0 0.485475 0.304375 0.20756 0.245674 0.851296
0 0.694421 0.456273 0.123369 0.143686 0.698793
0 0.483506 0.300307 0.211343 0.248537 0.790102
0 0.694928 0.456867 0.122964 0.142699 0.663841
0 0.483179 0.304367 0.21089 0.245893 0.855291
0 0.695673 0.456909 0.122929 0.143692 0.702757
0 0.486732 0.301476 0.212041 0.248308 0.854457
0 0.696061 0.458174 0.122846 0.142406 0.628257
0 0.487705 0.304179 0.208696 0.244181 0.864878
0 0.695011 0.458003 0.120116 0.140085 0.669261
0 0.48879 0.30235 0.209828 0.245099 0.865991
0 0.695318 0.458731 0.122969 0.142775 0.639891
0 0.488591 0.304208 0.20651 0.24609 0.846563
0 0.694372 0.456512 0.124054 0.144191 0.668255
0 0.492678 0.30193 0.210124 0.247607 0.876474
0 0.694936 0.456522 0.125727 0.147982 0.761687
0 0.484135 0.30685 0.210949 0.247631 0.840669
0 0.693377 0.457561 0.123351 0.142926 0.661522
0 0.488312 0.296918 0.213006 0.250423 0.877931
0 0.696269 0.456763 0.1227 0.142693 0.762005
0 0.484024 0.30533 0.211405 0.249366 0.847037
0 0.485577 0.305346 0.205661 0.243205 0.85219
0 0.48647 0.302194 0.209076 0.24472 0.861814
0 0.694719 0.457118 0.12342 0.143038 0.65024
0 0.487632 0.303378 0.20956 0.245628 0.883406
0 0.69493 0.456749 0.122899 0.142195 0.72448
0 0.484516 0.303118 0.210055 0.244409 0.866225
0 0.692607 0.457377 0.122561 0.143248 0.654499
0 0.480503 0.299606 0.21479 0.250286 0.843971
0 0.694022 0.456697 0.123012 0.142764 0.641865
0 0.485041 0.301615 0.210411 0.246109 0.847179
0 0.481879 0.302471 0.214074 0.249823 0.86106
0 0.694108 0.457866 0.124587 0.142874 0.716155
0 0.485371 0.302914 0.210572 0.245008 0.852089
0 0.484698 0.303887 0.211081 0.249694 0.865055
0 0.694047 0.458523 0.121875 0.141796 0.741474
0 0.486518 0.302751 0.212826 0.251741 0.855321
0 0.485644 0.301927 0.21406 0.251098 0.856063
0 0.485144 0.301256 0.213516 0.251447 0.854275
0 0.69503 0.457083 0.123454 0.143476 0.643699
0 0.484394 0.300506 0.209346 0.247569 0.870399
0 0.694177 0.45708 0.122379 0.142182 0.617465
0 0.485522 0.301761 0.211899 0.248419 0.867549
0 0.48441 0.301404 0.215099 0.25287 0.870939
0 0.693405 0.456818 0.120983 0.140828 0.700166
0 0.486252 0.303023 0.210858 0.248945 0.854419
0 0.48655 0.30147 0.215457 0.254317 0.873308
0 0.483566 0.303269 0.213288 0.25093 0.853146
0 0.484381 0.300982 0.212614 0.250439 0.855999
0 0.4855 0.300386 0.215245 0.253648 0.864009
0 0.487447 0.299343 0.216413 0.255403 0.844337
0 0.485574 0.301428 0.214944 0.251921 0.862115
0 0.486309 0.300739 0.214332 0.252019 0.853113
0 0.486179 0.301117 0.21448 0.251951 0.869577
0 0.485315 0.301851 0.213986 0.251322 0.856827
0 0.48538 0.301502 0.214459 0.251835 0.858081
0 0.486186 0.301101 0.214452 0.251933 0.869321
