0 0.871751 0.287781 0.180352 0.200316 0.968199
0 0.667125 0.158111 0.208428 0.255237 0.945343
0 0.535629 0.234255 0.174655 0.197277 0.762916
0 0.673697 0.167139 0.219074 0.268687 0.664491
0 0.530325 0.248519 0.16387 0.198839 0.664047
0 0.6656 0.171628 0.218501 0.273363 0.748367
0 0.673153 0.172119 0.225963 0.268858 0.607303
0 0.675371 0.173051 0.213351 0.25579 0.745753
0 0.681919 0.170334 0.230358 0.271906 0.771925
0 0.550057 0.248458 0.17411 0.206524 0.726402
0 0.858815 0.283759 0.218891 0.253501 0.606568
0 0.851092 0.281531 0.197513 0.248312 0.634092
0 0.675847 0.172239 0.22307 0.264114 0.688554
0 0.852755 0.28649 0.213368 0.252856 0.676679
0 0.672699 0.180999 0.207411 0.240486 0.745771
0 0.674569 0.176253 0.227719 0.273936 0.755768
0 0.852711 0.287448 0.217443 0.261293 0.738062
0 0.671249 0.171146 0.217032 0.253926 0.733919
0 0.847779 0.278523 0.218173 0.250378 0.619565
0 0.678516 0.174297 0.213148 0.251271 0.826884
0 0.845296 0.283152 0.199232 0.239995 0.773304
0 0.672885 0.171908 0.223407 0.255291 0.787739
0 0.850174 0.275652 0.230008 0.26577 0.739682
0 0.537395 0.246348 0.182659 0.21933 0.630128
0 0.67477 0.182159 0.214839 0.25523 0.76835
0 0.850727 0.281319 0.208817 0.24436 0.765226
0 0.844355 0.282853 0.21334 0.258753 0.682831
0 0.676647 0.176732 0.19852 0.234604 0.671382
0 0.849255 0.273391 0.218931 0.264249 0.754352
0 0.676344 0.171914 0.20903 0.240526 0.694666
0 0.680188 0.17375 0.22497 0.262118 0.752252
0 0.850291 0.277178 0.215396 0.256745 0.739727
0 0.678126 0.173008 0.214798 0.256605 0.752207
0 0.679618 0.179288 0.213647 0.25397 0.776192
0 0.85559 0.285917 0.19624 0.240324 0.713987
0 0.543123 0.246715 0.167849 0.198453 0.619173
0 0.840043 0.273577 0.206846 0.245672 0.630437
0 0.671207 0.176985 0.219175 0.258973 0.702174
0 0.854653 0.280977 0.203997 0.242176 0.691769
0 0.850704 0.279959 0.221577 0.262107 0.633924
0 0.682107 0.170393 0.212155 0.247256 0.622218
0 0.849903 0.282631 0.202906 0.243442 0.741523
0 0.67717 0.173078 0.208532 0.245807 0.711374
0 0.852522 0.285276 0.199323 0.237249 0.80077
0 0.67562 0.171383 0.208826 0.250978 0.718786
0 0.538207 0.241103 0.169042 0.198804 0.651386
0 0.845914 0.27838 0.212647 0.251781 0.690003
0 0.674544 0.172811 0.203488 0.234346 0.662409
0 0.849188 0.280832 0.209369 0.250105 0.704655
0 0.677987 0.170069 0.221951 0.260925 0.666015
0 0.681398 0.170207 0.217814 0.254256 0.830578
0 0.852771 0.280049 0.201913 0.243131 0.785299
0 0.538448 0.242218 0.176429 0.211668 0.71649
0 0.850619 0.288271 0.213802 0.248523 0.767928
0 0.676681 0.174963 0.214794 0.250397 0.686565
0 0.675345 0.178218 0.21772 0.252658 0.789997
0 0.849045 0.280519 0.201743 0.236445 0.742606
0 0.677232 0.180083 0.215463 0.255363 0.758423
0 0.856039 0.289207 0.190424 0.224757 0.723204
0 0.677485 0.174249 0.204957 0.236344 0.754028
0 0.852612 0.284349 0.196422 0.21764 0.634625
0 0.680668 0.175541 0.214012 0.245872 0.737475
0 0.856097 0.279542 0.203782 0.238906 0.68789
0 0.675017 0.178463 0.208691 0.249158 0.720091
0 0.854859 0.288829 0.189131 0.230068 0.698202
0 0.676139 0.180705 0.214236 0.24695 0.776553
0 0.85028 0.28194 0.195589 0.227586 0.665143
0 0.677945 0.178608 0.21265 0.244522 0.749236
0 0.67709 0.175058 0.210002 0.241562 0.708621
0 0.85434 0.280434 0.207304 0.249882 0.683246
0 0.676672 0.17568 0.205846 0.242496 0.746449
0 0.853138 0.278531 0.194248 0.235284 0.736509
0 0.674653 0.177762 0.210243 0.242202 0.78802
0 0.848008 0.278219 0.188677 0.23808 0.686388
0 0.852033 0.276434 0.189957 0.22245 0.759361
0 0.677155 0.176054 0.208479 0.242099 0.747865
0 0.675237 0.180348 0.20193 0.239167 0.777224
0 0.84944 0.275262 0.185869 0.216232 0.689842
0 0.675 0.178041 0.208539 0.240269 0.775649
0 0.854403 0.285646 0.192372 0.223378 0.724259
0 0.678613 0.176655 0.213782 0.249691 0.743261
0 0.851613 0.281953 0.194817 0.230855 0.651316
0 0.677195 0.178724 0.199428 0.23279 0.740122
0 0.851347 0.285679 0.185853 0.22313 0.685798
0 0.853102 0.282643 0.198884 0.234608 0.712653
0 0.68065 0.175613 0.205602 0.235276 0.667062
0 0.847405 0.276656 0.195259 0.228435 0.703937
0 0.676723 0.175605 0.199003 0.229945 0.681463
0 0.673593 0.174285 0.203786 0.234234 0.764132
0 0.845021 0.276984 0.176179 0.222992 0.696519
0 0.676982 0.179996 0.21099 0.246148 0.772286
0 0.849634 0.288151 0.189435 0.231449 0.702199
0 0.674968 0.179442 0.208387 0.238353 0.763642
0 0.853488 0.283485 0.185991 0.215937 0.690282
0 0.673227 0.176419 0.206093 0.236867 0.727248
0 0.849587 0.272898 0.198064 0.234878 0.663661
0 0.675749 0.179863 0.202457 0.234421 0.780854
0 0.845518 0.278641 0.197586 0.232936 0.670445
0 0.674146 0.177357 0.212014 0.246488 0.781047
0 0.851287 0.278143 0.195747 0.229077 0.692969
0 0.677222 0.177664 0.203218 0.237863 0.756815
0 0.854046 0.280304 0.193546 0.225102 0.703048
0 0.68128 0.177898 0.203284 0.234409 0.744372
0 0.853998 0.278049 0.193932 0.224868 0.662758
0 0.67509 0.179254 0.201168 0.238412 0.779968
0 0.853344 0.284846 0.18347 0.219161 0.664441
0 0.678237 0.179663 0.203327 0.238198 0.792848
0 0.855313 0.292114 0.189982 0.2249 0.743853
0 0.677586 0.179707 0.208571 0.24027 0.761741
0 0.848803 0.279623 0.19713 0.233677 0.717192
0 0.677854 0.177961 0.20688 0.241649 0.84374
0 0.852295 0.278252 0.198232 0.232291 0.775989
0 0.541314 0.233435 0.181595 0.212148 0.610174
0 0.676603 0.175866 0.207653 0.242359 0.751417
0 0.853129 0.278642 0.202443 0.23665 0.613972
0 0.676278 0.178131 0.209146 0.241445 0.787783
0 0.851931 0.281324 0.196621 0.234738 0.640071
0 0.677313 0.176798 0.209588 0.242031 0.777782
0 0.853887 0.278866 0.192595 0.222583 0.71294
0 0.680003 0.173418 0.207544 0.240252 0.815531
0 0.853912 0.281457 0.194401 0.222945 0.747002
0 0.679003 0.173888 0.2051 0.238229 0.807446
0 0.850518 0.275034 0.195075 0.227976 0.717404
0 0.675474 0.173444 0.201829 0.231936 0.781289
0 0.849279 0.272568 0.20091 0.22769 0.746666
0 0.67975 0.173992 0.204943 0.236568 0.775306
0 0.851857 0.284377 0.188739 0.221601 0.702962
0 0.849112 0.278195 0.195817 0.227853 0.770881
0 0.677495 0.175137 0.202221 0.234201 0.759417
0 0.678431 0.176999 0.205532 0.238015 0.789183
0 0.848341 0.279091 0.197747 0.229911 0.690931
0 0.679252 0.174881 0.207095 0.240211 0.806799
0 0.849331 0.277805 0.198162 0.233144 0.710232
0 0.68084 0.174756 0.207032 0.238805 0.796255
0 0.852814 0.278565 0.198302 0.233372 0.717065
0 0.679444 0.175519 0.203398 0.234206 0.796877
0 0.850652 0.276736 0.19393 0.22661 0.685923
0 0.680706 0.174019 0.205119 0.235369 0.771187
0 0.852138 0.273896 0.195224 0.228532 0.611467
0 0.678335 0.176239 0.201917 0.234043 0.822201
0 0.851027 0.274145 0.194946 0.229586 0.676952
0 0.679264 0.177552 0.206541 0.240214 0.820831
0 0.852287 0.277339 0.19589 0.228807 0.72766
0 0.678212 0.176491 0.206263 0.240278 0.817722
0 0.850788 0.274874 0.198475 0.231446 0.716242
0 0.679774 0.178116 0.200889 0.233195 0.793739
0 0.851031 0.276109 0.191333 0.223656 0.632757
0 0.679991 0.177641 0.202808 0.235958 0.785133
0 0.851491 0.275615 0.200195 0.231913 0.679437
0 0.679197 0.177509 0.200654 0.232163 0.773094
0 0.853051 0.283816 0.192174 0.222576 0.706757
0 0.679664 0.176622 0.202447 0.23335 0.806509
0 0.852587 0.276206 0.198036 0.227721 0.723674
0 0.678813 0.175627 0.202863 0.23413 0.793751
0 0.854246 0.285542 0.193827 0.224815 0.753598
0 0.678791 0.175778 0.201443 0.232867 0.750569
0 0.855045 0.285331 0.192426 0.221993 0.700273
0 0.678679 0.176827 0.202938 0.2349 0.802039
0 0.852934 0.285509 0.191457 0.222783 0.709393
0 0.678888 0.175886 0.201677 0.233492 0.781774
0 0.854017 0.285223 0.191675 0.222741 0.715302
0 0.678266 0.177256 0.202345 0.234978 0.812113
0 0.85372 0.285024 0.192089 0.222951 0.736395
0 0.678151 0.177224 0.201093 0.233055 0.771053
0 0.853358 0.284919 0.191303 0.222037 0.701373
0 0.678488 0.176925 0.202157 0.234393 0.781734
0 0.853813 0.284978 0.192317 0.223291 0.704182
0 0.678266 0.17725 0.202318 0.234959 0.811813
0 0.853713 0.285005 0.192079 0.222948 0.736238
