0 0.433239 0.365051 0.369156 0.391509 0.922955
0 0.739719 0.362349 0.393152 0.41438 0.863117
0 0.662436 0.295383 0.477968 0.590766 0.614903
0 0.650982 0.309165 0.600246 0.618331 0.690016
0 0.64023 0.27628 0.468242 0.511132 0.609587
0 0.673532 0.30028 0.48343 0.582834 0.605641
0 0.59727 0.427298 0.782795 0.854596 0.631839
0 0.530061 0.381124 0.693618 0.762249 0.634766
0 0.633932 0.301221 0.48937 0.59739 0.603699
0 0.568848 0.413638 0.71386 0.778815 0.601073
0 0.57894 0.39841 0.736098 0.751971 0.708946
0 0.610642 0.450628 0.722864 0.815938 0.648028
0 0.588469 0.412599 0.716619 0.80484 0.636588
0 0.593986 0.422586 0.750796 0.775766 0.675846
0 0.612708 0.461326 0.774584 0.833716 0.710673
0 0.59636 0.467578 0.807271 0.894553 0.716742
0 0.597646 0.477501 0.804709 0.864616 0.713265
0 0.54782 0.456768 0.788221 0.873371 0.644685
0 0.580725 0.38766 0.698385 0.722176 0.673423
0 0.573572 0.392335 0.789696 0.78467 0.697459
0 0.57762 0.366957 0.602222 0.733915 0.657219
0 0.626318 0.325951 0.590663 0.651422 0.611407
0 0.635525 0.312702 0.533604 0.610949 0.80151
0 0.596705 0.386966 0.636598 0.773933 0.616359
0 0.542326 0.38562 0.795549 0.771241 0.701405
0 0.566195 0.362374 0.591778 0.713352 0.687425
0 0.560096 0.426089 0.764902 0.793485 0.699693
0 0.56705 0.445328 0.720268 0.820489 0.646922
0 0.565661 0.416599 0.707897 0.780647 0.718077
0 0.571739 0.396464 0.711904 0.719777 0.659823
0 0.576102 0.43653 0.774631 0.805374 0.731029
0 0.548259 0.417777 0.739833 0.773926 0.748828
0 0.61728 0.411223 0.753365 0.774584 0.70919
0 0.580279 0.372218 0.612432 0.71447 0.688088
0 0.568096 0.376229 0.587327 0.708907 0.667361
0 0.560953 0.400862 0.714158 0.79777 0.715497
0 0.568394 0.386158 0.842263 0.772316 0.704832
0 0.600464 0.426442 0.706147 0.832299 0.717326
0 0.568172 0.399198 0.660791 0.74207 0.615649
0 0.578211 0.425048 0.781298 0.814247 0.705709
0 0.578643 0.397086 0.823872 0.780354 0.682361
0 0.561585 0.4098 0.738245 0.811365 0.708003
0 0.573566 0.416726 0.723065 0.79086 0.736019
0 0.567531 0.403361 0.722195 0.786767 0.774098
0 0.54906 0.411767 0.762811 0.80649 0.773752
0 0.564017 0.409557 0.721626 0.795658 0.769837
0 0.551615 0.422381 0.737908 0.804615 0.735164
0 0.564685 0.414307 0.727253 0.802843 0.767298
0 0.569594 0.39937 0.721687 0.753837 0.745371
0 0.580489 0.396541 0.70962 0.756317 0.755729
0 0.568699 0.412345 0.729526 0.771737 0.777688
0 0.571575 0.425263 0.726812 0.801571 0.778636
0 0.574513 0.412964 0.750618 0.772916 0.756438
0 0.560918 0.41434 0.740979 0.777342 0.776272
0 0.576985 0.422078 0.724787 0.7956 0.793847
0 0.567614 0.402898 0.743676 0.770087 0.777608
0 0.567338 0.415206 0.746317 0.774623 0.787444
0 0.576307 0.413687 0.727556 0.779088 0.794135
0 0.567536 0.402854 0.74373 0.770018 0.777802
