0 0.597498 0.280947 0.150293 0.173475 0.937927
0 0.718346 0.521369 0.138546 0.170404 0.615572
0 0.591152 0.283927 0.119799 0.146844 0.726777
0 0.402515 0.284557 0.132624 0.162671 0.699591
0 0.59432 0.279297 0.111932 0.13059 0.866933
0 0.595299 0.275949 0.113741 0.137423 0.905818
0 0.406987 0.280361 0.12712 0.148092 0.859385
0 0.710703 0.512297 0.102035 0.124878 0.73457
0 0.59393 0.278091 0.13383 0.164554 0.922081
0 0.406325 0.279626 0.128823 0.154752 0.885774
0 0.706117 0.511786 0.107537 0.135099 0.796173
0 0.477763 0.490479 0.106402 0.134862 0.708042
0 0.592189 0.280214 0.127279 0.152061 0.952436
0 0.402925 0.283888 0.133035 0.158828 0.909223
0 0.47842 0.49707 0.109546 0.129427 0.887792
0 0.707446 0.516224 0.105197 0.124134 0.874314
0 0.34805 0.581039 0.132704 0.165654 0.629452
0 0.407298 0.278344 0.123741 0.149251 0.897631
0 0.595487 0.278524 0.119593 0.141751 0.873278
0 0.482937 0.492795 0.0922834 0.114867 0.784675
0 0.711554 0.511708 0.095347 0.115765 0.741198
0 0.710022 0.511856 0.100153 0.127189 0.837165
0 0.594891 0.278094 0.122184 0.148444 0.803228
0 0.404733 0.283483 0.134826 0.158461 0.782791
0 0.481974 0.495509 0.103225 0.128429 0.718773
0 0.594281 0.276178 0.120503 0.145164 0.855137
0 0.404827 0.279878 0.128364 0.151558 0.770414
0 0.710796 0.507584 0.102431 0.117344 0.700483
0 0.478992 0.489442 0.0993404 0.118917 0.61529
0 0.595115 0.276825 0.120716 0.142605 0.855409
0 0.711986 0.510083 0.0962375 0.112048 0.82922
0 0.40462 0.280685 0.119859 0.143601 0.797005
0 0.481169 0.493325 0.0925719 0.111083 0.752767
0 0.590926 0.276894 0.124082 0.143517 0.827833
0 0.401822 0.281207 0.131266 0.146567 0.791761
0 0.473921 0.497134 0.11192 0.128118 0.75533
0 0.706484 0.511244 0.111159 0.126668 0.711646
0 0.590711 0.279194 0.119192 0.137217 0.79431
0 0.399487 0.281202 0.118917 0.140941 0.788568
0 0.706638 0.511603 0.104362 0.119573 0.760755
0 0.475358 0.498843 0.101327 0.119334 0.663201
0 0.351038 0.451575 0.0952856 0.110842 0.662993
0 0.591296 0.278246 0.129864 0.150422 0.814642
0 0.402792 0.280622 0.137277 0.15654 0.738922
0 0.710302 0.509518 0.105534 0.120122 0.679348
0 0.476676 0.494689 0.106694 0.128367 0.667274
0 0.594985 0.275651 0.132276 0.148431 0.866829
0 0.403583 0.279608 0.134954 0.151006 0.865974
0 0.711443 0.509195 0.11001 0.126633 0.809528
0 0.473454 0.493986 0.112193 0.133203 0.750971
0 0.355232 0.44306 0.0958005 0.112414 0.673776
0 0.707694 0.508431 0.0901696 0.107856 0.882688
0 0.594256 0.276411 0.118513 0.138564 0.848636
0 0.405804 0.279355 0.132956 0.155158 0.814007
0 0.353078 0.448677 0.084362 0.0946093 0.715204
0 0.478526 0.496802 0.094102 0.107135 0.709947
0 0.594121 0.2766 0.127642 0.147443 0.800867
0 0.402692 0.279496 0.13324 0.151892 0.773408
0 0.70753 0.508077 0.110761 0.128055 0.709325
0 0.353596 0.451552 0.0963598 0.113371 0.652067
0 0.47381 0.496171 0.112333 0.131928 0.623665
0 0.592137 0.276403 0.119519 0.140172 0.84256
0 0.402739 0.279703 0.129767 0.148959 0.806572
0 0.711105 0.511314 0.102673 0.118824 0.726105
0 0.478952 0.495922 0.0977853 0.117064 0.681345
0 0.597184 0.276378 0.121283 0.139212 0.858413
0 0.407389 0.279427 0.127407 0.144938 0.82612
0 0.484067 0.495818 0.10033 0.118242 0.812382
0 0.712198 0.513227 0.103606 0.121167 0.718996
0 0.356933 0.450602 0.0948865 0.110574 0.641499
0 0.708872 0.508147 0.105251 0.12441 0.873067
0 0.592749 0.275166 0.118979 0.138002 0.837691
0 0.402457 0.277874 0.125924 0.146091 0.795177
0 0.47874 0.493462 0.103598 0.124468 0.679008
0 0.355017 0.448232 0.0937764 0.113334 0.663362
0 0.593002 0.278295 0.127427 0.143301 0.70325
0 0.403184 0.280513 0.13188 0.146953 0.690959
0 0.71006 0.512499 0.10441 0.122541 0.675749
0 0.480401 0.496745 0.110262 0.126775 0.652709
0 0.407083 0.280291 0.125915 0.146584 0.821148
0 0.593843 0.278258 0.124152 0.141856 0.779126
0 0.70719 0.511988 0.1068 0.125038 0.734375
0 0.481795 0.497887 0.0973306 0.118434 0.66777
0 0.594676 0.277145 0.121397 0.140793 0.899288
0 0.404493 0.280895 0.128832 0.150061 0.892512
0 0.70975 0.514238 0.10492 0.122984 0.88496
0 0.47831 0.498623 0.110069 0.123126 0.80262
0 0.35757 0.450495 0.093008 0.110377 0.73875
0 0.594054 0.277006 0.119264 0.141039 0.808039
0 0.405753 0.280763 0.121216 0.143999 0.795439
0 0.707375 0.511659 0.100247 0.118717 0.770747
0 0.478671 0.49744 0.103433 0.121593 0.730612
0 0.354841 0.446918 0.0890247 0.106843 0.645291
0 0.593202 0.276461 0.118638 0.13989 0.837995
0 0.404264 0.280167 0.122931 0.144651 0.811819
0 0.708589 0.512454 0.107684 0.123021 0.795689
0 0.478041 0.496569 0.106797 0.124436 0.781554
0 0.353745 0.448416 0.0900622 0.110138 0.619279
0 0.71035 0.509945 0.108097 0.125687 0.788927
0 0.404679 0.279606 0.130376 0.155183 0.785064
0 0.59317 0.275015 0.12461 0.144874 0.78141
0 0.479018 0.495088 0.107442 0.124822 0.732169
0 0.355885 0.448063 0.0902391 0.107758 0.607497
0 0.590884 0.277434 0.126856 0.148824 0.816673
0 0.402848 0.279388 0.132236 0.151896 0.781366
0 0.707278 0.509837 0.107638 0.128464 0.71975
0 0.477589 0.495285 0.105835 0.11814 0.639758
0 0.40087 0.280298 0.130136 0.147621 0.791757
0 0.589898 0.277851 0.120883 0.140052 0.782341
0 0.705735 0.510899 0.104882 0.120436 0.779189
0 0.474673 0.497529 0.110067 0.131098 0.733309
0 0.5946 0.278767 0.116014 0.136345 0.842983
0 0.406498 0.281508 0.124321 0.142078 0.805488
0 0.708307 0.515105 0.101346 0.120301 0.796403
0 0.354045 0.45335 0.0936166 0.108125 0.7249
0 0.480763 0.500158 0.100023 0.117626 0.722436
0 0.592403 0.27614 0.119839 0.140764 0.775522
0 0.402946 0.279113 0.128248 0.148063 0.764446
0 0.70896 0.511575 0.105364 0.120929 0.720033
0 0.475993 0.49776 0.105511 0.122765 0.713564
0 0.353742 0.448649 0.0886448 0.103259 0.636888
0 0.40547 0.279283 0.130128 0.149463 0.755196
0 0.595288 0.275386 0.124921 0.144336 0.743917
0 0.710459 0.510277 0.108095 0.119648 0.690264
0 0.481206 0.494768 0.101413 0.117925 0.64809
0 0.593359 0.275707 0.12312 0.141286 0.807022
0 0.405927 0.277893 0.128274 0.145356 0.8061
0 0.475676 0.497037 0.110963 0.128645 0.773588
0 0.710974 0.512151 0.109427 0.12549 0.746025
0 0.355396 0.449334 0.0938707 0.106782 0.628456
0 0.593175 0.275752 0.120897 0.142129 0.839357
0 0.709078 0.510099 0.10571 0.120818 0.822922
0 0.40165 0.278881 0.12882 0.148694 0.822142
0 0.472166 0.496704 0.110785 0.130595 0.718572
0 0.354033 0.44721 0.0887379 0.103778 0.712132
0 0.592915 0.278499 0.126405 0.145867 0.862747
0 0.402134 0.281675 0.133875 0.152531 0.829317
0 0.707344 0.51319 0.106983 0.121241 0.807285
0 0.478226 0.498283 0.11037 0.126975 0.768992
0 0.353077 0.451918 0.0970003 0.110327 0.647792
0 0.708221 0.514907 0.103013 0.119719 0.886857
0 0.594477 0.278912 0.123095 0.14218 0.85837
0 0.406986 0.280183 0.13114 0.15093 0.844963
0 0.480772 0.499466 0.104895 0.122132 0.811395
0 0.354636 0.452142 0.0922324 0.10703 0.774385
0 0.594665 0.27372 0.12389 0.14396 0.826193
0 0.483972 0.496909 0.104134 0.12362 0.789243
0 0.405798 0.276626 0.130023 0.148453 0.787556
0 0.709468 0.510738 0.102985 0.119952 0.760269
0 0.356429 0.447486 0.0894581 0.100303 0.648021
0 0.706278 0.510206 0.107466 0.123981 0.706035
0 0.403919 0.278084 0.130676 0.148409 0.676985
0 0.592445 0.275634 0.121145 0.141198 0.676588
0 0.480138 0.497881 0.102316 0.122326 0.668307
0 0.592643 0.276173 0.124181 0.143169 0.778392
0 0.401989 0.279952 0.129711 0.149289 0.755982
0 0.706715 0.513108 0.107521 0.124331 0.71862
0 0.479086 0.496742 0.101843 0.119161 0.713112
0 0.405315 0.279037 0.135106 0.155023 0.817921
0 0.594564 0.276096 0.124853 0.142653 0.797024
0 0.709434 0.512559 0.106652 0.120413 0.77233
0 0.479968 0.497036 0.10945 0.125128 0.723718
0 0.354156 0.44943 0.0916625 0.103089 0.666936
0 0.594893 0.278163 0.122413 0.144705 0.738089
0 0.405687 0.280121 0.129848 0.150836 0.726414
0 0.707861 0.515145 0.108626 0.128267 0.690714
0 0.478551 0.500919 0.109394 0.127419 0.655496
0 0.593922 0.275796 0.122989 0.14223 0.762372
0 0.402851 0.278604 0.131106 0.149107 0.758115
0 0.707254 0.510867 0.104645 0.120935 0.712187
0 0.478851 0.497438 0.104694 0.125666 0.681387
0 0.354124 0.448178 0.0850885 0.0986675 0.609269
0 0.403083 0.278759 0.128825 0.151217 0.783456
0 0.594549 0.275825 0.121856 0.144287 0.724957
0 0.707333 0.510404 0.107928 0.126885 0.71978
0 0.478881 0.497279 0.109644 0.128297 0.667239
0 0.592764 0.276296 0.129365 0.149355 0.799775
0 0.404133 0.278868 0.132614 0.15231 0.785662
0 0.706704 0.50963 0.108672 0.126189 0.764646
0 0.477595 0.495694 0.111793 0.134252 0.753738
0 0.353191 0.448507 0.0934939 0.108078 0.647652
0 0.593312 0.274538 0.123872 0.143564 0.821164
0 0.401509 0.277358 0.134643 0.153511 0.801916
0 0.706918 0.509862 0.108276 0.127847 0.784413
0 0.480052 0.495933 0.109761 0.129982 0.71012
0 0.351621 0.450221 0.0914162 0.105074 0.628964
0 0.596808 0.274742 0.119703 0.140934 0.803829
0 0.404698 0.278043 0.12535 0.145144 0.796751
0 0.708116 0.509282 0.104203 0.120211 0.793243
0 0.480274 0.495679 0.106234 0.122096 0.755329
0 0.595332 0.27519 0.122566 0.142456 0.832066
0 0.404964 0.277776 0.128643 0.146531 0.808893
0 0.479966 0.498099 0.105804 0.123202 0.799462
0 0.708295 0.510769 0.103489 0.116508 0.792145
0 0.355132 0.450672 0.0889181 0.103836 0.710612
0 0.402398 0.277252 0.130803 0.149526 0.808152
0 0.591578 0.274602 0.125354 0.146269 0.800174
0 0.477688 0.497109 0.105086 0.124326 0.774591
0 0.706126 0.510309 0.103607 0.120653 0.752762
0 0.350908 0.448002 0.0882611 0.101849 0.626112
0 0.707612 0.51389 0.105316 0.12305 0.817906
0 0.59372 0.277473 0.121756 0.140882 0.816623
0 0.40325 0.27938 0.126625 0.145832 0.816097
0 0.477501 0.499822 0.106607 0.12552 0.760723
0 0.35253 0.452211 0.0911589 0.106373 0.704903
0 0.633413 0.516719 0.088056 0.104845 0.601892
0 0.591887 0.275826 0.123285 0.142365 0.851412
0 0.707179 0.509843 0.107169 0.123299 0.82007
0 0.401143 0.277903 0.132922 0.148646 0.816668
0 0.478536 0.498919 0.105715 0.12419 0.777725
0 0.353028 0.45118 0.0911769 0.106656 0.728209
0 0.400721 0.280104 0.130986 0.152535 0.775189
0 0.591989 0.276848 0.127038 0.145794 0.766598
0 0.70638 0.512612 0.10697 0.123655 0.733264
0 0.478377 0.498298 0.104044 0.122332 0.710164
0 0.355352 0.450257 0.0893955 0.100132 0.623124
0 0.593779 0.276033 0.129354 0.147883 0.762845
0 0.40534 0.278392 0.132201 0.152579 0.749466
0 0.707706 0.511202 0.111047 0.128452 0.725001
0 0.477888 0.496559 0.108567 0.124855 0.698795
0 0.353548 0.449295 0.0935323 0.108956 0.622739
0 0.401596 0.277067 0.133868 0.149259 0.810143
0 0.591382 0.274903 0.127502 0.145159 0.798265
0 0.708173 0.513471 0.109413 0.121744 0.74834
0 0.478378 0.497232 0.104059 0.120629 0.717802
0 0.351573 0.449043 0.0864853 0.0985847 0.637138
0 0.403293 0.277113 0.131602 0.148083 0.80815
0 0.592123 0.274844 0.125147 0.144524 0.797497
0 0.707056 0.510831 0.107131 0.123184 0.786371
0 0.47819 0.496909 0.112925 0.130781 0.744214
0 0.353194 0.448368 0.0902965 0.105377 0.638156
0 0.592791 0.273394 0.126043 0.145772 0.781975
0 0.402878 0.275991 0.130288 0.151373 0.780922
0 0.707143 0.510672 0.107924 0.124184 0.743917
0 0.476513 0.496211 0.113165 0.131461 0.681702
0 0.351366 0.44859 0.0893155 0.101609 0.644699
0 0.404563 0.278387 0.12948 0.148336 0.808785
0 0.594098 0.275861 0.122478 0.141356 0.794086
0 0.70772 0.510802 0.107389 0.12353 0.760869
0 0.477575 0.498328 0.108955 0.12729 0.760569
0 0.353764 0.450196 0.0879694 0.102556 0.663326
0 0.404097 0.277007 0.130235 0.148082 0.775713
0 0.593644 0.273734 0.124531 0.142067 0.756131
0 0.70856 0.511794 0.108502 0.123448 0.747651
0 0.47757 0.497518 0.110519 0.128087 0.72128
0 0.353358 0.446628 0.0937613 0.104735 0.602949
0 0.404862 0.277204 0.132473 0.151659 0.754726
0 0.593814 0.273753 0.127601 0.148964 0.726985
0 0.707492 0.510847 0.107299 0.123941 0.724946
0 0.479177 0.497096 0.10779 0.127031 0.67661
0 0.404202 0.279033 0.131282 0.148643 0.785252
0 0.592939 0.275498 0.123759 0.142062 0.778143
0 0.707302 0.511893 0.107446 0.123827 0.769
0 0.480426 0.496827 0.107477 0.122884 0.739067
0 0.353992 0.450652 0.0945399 0.108587 0.69922
0 0.404274 0.278129 0.132917 0.15185 0.776076
0 0.594835 0.275618 0.128398 0.145668 0.75188
0 0.707247 0.511613 0.107755 0.125964 0.739269
0 0.478049 0.496311 0.111179 0.13113 0.667765
0 0.352946 0.45051 0.0943967 0.112619 0.603274
0 0.405023 0.276779 0.131483 0.149303 0.686301
0 0.594665 0.273702 0.131675 0.150275 0.67565
0 0.707222 0.511242 0.108509 0.125989 0.664034
0 0.479836 0.496937 0.1092 0.127316 0.63096
0 0.404827 0.274835 0.135466 0.152568 0.773822
0 0.59366 0.274614 0.128121 0.14713 0.752236
0 0.478712 0.497143 0.109729 0.125616 0.724526
0 0.707168 0.510614 0.108092 0.124489 0.724092
0 0.353553 0.450469 0.092417 0.108132 0.686804
0 0.707717 0.515049 0.107084 0.123915 0.844571
0 0.353316 0.450947 0.0880125 0.102346 0.789057
0 0.591549 0.274261 0.126027 0.145198 0.78646
0 0.402885 0.278419 0.131722 0.151608 0.784544
0 0.478479 0.499164 0.108216 0.127352 0.779106
0 0.402942 0.276878 0.130498 0.149084 0.766754
0 0.708353 0.512934 0.10866 0.122592 0.765723
0 0.593673 0.272904 0.126094 0.144839 0.764037
0 0.353899 0.44936 0.0909734 0.104859 0.713035
0 0.477185 0.497468 0.110808 0.128003 0.700982
0 0.403801 0.275765 0.131413 0.149104 0.7325
0 0.59284 0.273482 0.126378 0.146565 0.713314
0 0.708383 0.512325 0.105906 0.121571 0.690356
0 0.477414 0.497217 0.11157 0.129671 0.660116
0 0.709028 0.513031 0.110209 0.123501 0.83695
0 0.405711 0.276481 0.129754 0.149321 0.818788
0 0.594255 0.273887 0.123205 0.143394 0.78953
0 0.35332 0.448605 0.0885645 0.101655 0.772736
0 0.477589 0.497039 0.11334 0.131337 0.768882
0 0.403989 0.276351 0.130921 0.15115 0.763461
0 0.706998 0.510938 0.105614 0.120861 0.735327
0 0.593788 0.274713 0.122932 0.142904 0.733149
0 0.477865 0.496623 0.110039 0.127951 0.666046
0 0.353626 0.450463 0.0885373 0.103076 0.655908
0 0.402033 0.277595 0.130094 0.149623 0.777335
0 0.707229 0.512606 0.106785 0.12408 0.767497
0 0.592372 0.275244 0.122037 0.143494 0.761208
0 0.477926 0.497987 0.111271 0.129972 0.717422
0 0.353806 0.449883 0.0876578 0.101321 0.715601
0 0.404384 0.277252 0.130455 0.148132 0.749949
0 0.706512 0.514088 0.105968 0.122251 0.744661
0 0.593506 0.275385 0.122458 0.142246 0.724349
0 0.477146 0.498576 0.113832 0.130481 0.625738
0 0.353513 0.449764 0.0889882 0.103104 0.605626
0 0.404091 0.276537 0.129749 0.148007 0.800302
0 0.593452 0.274709 0.124823 0.144759 0.775996
0 0.706277 0.511993 0.105416 0.121943 0.764848
0 0.478655 0.497773 0.107373 0.126551 0.650269
0 0.353477 0.448319 0.0866079 0.10004 0.617825
0 0.403881 0.276534 0.131374 0.150853 0.832865
0 0.593225 0.27357 0.125973 0.146851 0.789119
0 0.706216 0.510922 0.109206 0.125042 0.7885
0 0.353674 0.447424 0.0907958 0.104523 0.704207
0 0.47923 0.496212 0.114504 0.130896 0.695629
0 0.402408 0.277299 0.132841 0.150484 0.826189
0 0.706293 0.51192 0.106928 0.122723 0.80351
0 0.59221 0.274027 0.126829 0.145321 0.774293
0 0.35375 0.449568 0.0904833 0.105717 0.739093
0 0.480568 0.497174 0.111798 0.12898 0.732545
0 0.404415 0.274928 0.135901 0.152633 0.857817
0 0.593304 0.272552 0.127885 0.147316 0.84042
0 0.707511 0.510554 0.106834 0.122216 0.826377
0 0.480831 0.49544 0.113133 0.13217 0.771969
0 0.354809 0.449809 0.0893512 0.102747 0.74895
0 0.404341 0.277165 0.132075 0.149192 0.74673
0 0.592974 0.274956 0.127006 0.14489 0.727952
0 0.707847 0.51082 0.107359 0.123227 0.709817
0 0.480467 0.498504 0.111951 0.127753 0.618612
0 0.40283 0.277438 0.130916 0.147462 0.779524
0 0.591719 0.275584 0.124275 0.142466 0.764773
0 0.706061 0.511939 0.104817 0.118175 0.711339
0 0.479006 0.496696 0.10628 0.121556 0.603488
0 0.403682 0.275963 0.132572 0.149865 0.775426
0 0.708589 0.513284 0.109271 0.123283 0.773613
0 0.59269 0.274078 0.124995 0.142491 0.758177
0 0.477725 0.496711 0.113436 0.130363 0.692018
0 0.354484 0.448854 0.0907305 0.105474 0.634117
0 0.706135 0.512934 0.106173 0.121615 0.769599
0 0.403159 0.275929 0.129123 0.147626 0.76938
0 0.593688 0.27372 0.123122 0.14245 0.763002
0 0.354269 0.448474 0.0919036 0.105002 0.659197
0 0.478167 0.495765 0.108621 0.123989 0.651485
0 0.401937 0.276182 0.130321 0.147476 0.790207
0 0.591962 0.274117 0.124944 0.145028 0.74536
0 0.705511 0.512386 0.106865 0.122037 0.734047
0 0.479199 0.496474 0.111415 0.129306 0.616839
0 0.403572 0.276081 0.132428 0.149281 0.827771
0 0.592683 0.27342 0.126082 0.144687 0.797585
0 0.706645 0.511197 0.108175 0.123966 0.776636
0 0.48056 0.496147 0.111793 0.12938 0.745241
0 0.354069 0.4491 0.0898779 0.102722 0.707482
0 0.40441 0.273398 0.131976 0.151853 0.729133
0 0.591899 0.273119 0.123573 0.143588 0.712073
0 0.70682 0.509836 0.10726 0.122319 0.700278
0 0.404628 0.27654 0.1331 0.151117 0.795608
0 0.593032 0.274833 0.126927 0.144542 0.767784
0 0.708165 0.510982 0.108106 0.125375 0.739474
0 0.480035 0.496888 0.112365 0.128997 0.67547
0 0.353809 0.449198 0.0885996 0.101734 0.605256
0 0.401764 0.274579 0.133312 0.150745 0.680757
0 0.592124 0.272806 0.125617 0.145407 0.650704
0 0.707056 0.511311 0.107382 0.125204 0.639993
0 0.404305 0.27693 0.127645 0.147484 0.774354
0 0.707061 0.51355 0.105074 0.120171 0.77071
0 0.593438 0.274662 0.122414 0.142484 0.759529
0 0.479333 0.498036 0.109221 0.127498 0.68914
0 0.35362 0.450237 0.088612 0.102308 0.623817
0 0.402797 0.274819 0.130858 0.149212 0.721964
0 0.592362 0.272411 0.125492 0.144957 0.710198
0 0.70738 0.511002 0.108747 0.126357 0.679764
0 0.402779 0.278062 0.131185 0.149125 0.785798
0 0.592414 0.275124 0.125207 0.144823 0.769578
0 0.706291 0.512812 0.106438 0.121989 0.767576
0 0.478333 0.497853 0.111626 0.128238 0.727819
0 0.353663 0.449348 0.0892694 0.103086 0.66528
0 0.403412 0.275969 0.130865 0.149769 0.74159
0 0.592034 0.274298 0.125234 0.145317 0.729714
0 0.707471 0.511588 0.108274 0.12489 0.721627
0 0.478977 0.496727 0.111776 0.128608 0.635055
0 0.402332 0.276274 0.132555 0.15051 0.801225
0 0.591789 0.273935 0.124936 0.144744 0.78758
0 0.708276 0.512542 0.106724 0.123932 0.770037
0 0.477789 0.496085 0.113742 0.131862 0.710316
0 0.353663 0.448854 0.0878271 0.101498 0.674709
0 0.403009 0.276952 0.129934 0.147162 0.798354
0 0.592153 0.274296 0.124104 0.142934 0.77659
0 0.707901 0.512349 0.106838 0.123706 0.767568
0 0.476972 0.497402 0.112203 0.129693 0.725619
0 0.353386 0.448708 0.0889581 0.102933 0.684115
0 0.402986 0.276483 0.130327 0.148359 0.826683
0 0.591534 0.274167 0.123489 0.143246 0.800859
0 0.706532 0.511987 0.106269 0.120787 0.797996
0 0.478735 0.497307 0.111516 0.12779 0.753749
0 0.353568 0.449148 0.0890266 0.101108 0.725316
0 0.4037 0.275441 0.129214 0.14873 0.739751
0 0.592214 0.273425 0.122944 0.14291 0.730469
0 0.707059 0.511753 0.105662 0.121243 0.708158
0 0.479119 0.496555 0.111445 0.130555 0.69346
0 0.353848 0.448739 0.0868059 0.0998256 0.603225
0 0.404407 0.275371 0.130029 0.148303 0.722828
0 0.593238 0.273446 0.124419 0.143578 0.717585
0 0.707467 0.511507 0.105895 0.120945 0.684497
0 0.478545 0.496302 0.107497 0.124513 0.618624
0 0.403771 0.276542 0.129932 0.147831 0.749287
0 0.592204 0.274385 0.124833 0.144911 0.745861
0 0.706531 0.511791 0.105254 0.119358 0.661904
0 0.404886 0.275986 0.131195 0.149006 0.803847
0 0.593393 0.273455 0.126019 0.146513 0.787579
0 0.708968 0.510147 0.109051 0.125975 0.735554
0 0.478218 0.495937 0.108943 0.125455 0.709347
0 0.353668 0.449163 0.0893242 0.103125 0.604518
0 0.404503 0.275713 0.131134 0.149265 0.819647
0 0.592764 0.273719 0.125381 0.145754 0.795361
0 0.708784 0.510297 0.108027 0.1243 0.731973
0 0.478303 0.495672 0.10728 0.124253 0.702592
0 0.405886 0.27603 0.127583 0.146944 0.761659
0 0.593659 0.273419 0.123437 0.14391 0.753491
0 0.708954 0.511628 0.107621 0.122587 0.673675
0 0.479281 0.495614 0.106209 0.122884 0.600466
0 0.403848 0.276027 0.129073 0.147112 0.809316
0 0.592148 0.273788 0.12347 0.14311 0.781156
0 0.70853 0.511239 0.107245 0.122296 0.708156
0 0.478698 0.49575 0.10562 0.122305 0.688661
0 0.40449 0.276217 0.129352 0.147769 0.806553
0 0.592562 0.273767 0.123386 0.144105 0.786216
0 0.708114 0.509668 0.106969 0.123093 0.71773
0 0.478439 0.495854 0.105979 0.123275 0.699581
0 0.404529 0.276282 0.13055 0.148332 0.826523
0 0.592125 0.273812 0.124381 0.144609 0.801784
0 0.708064 0.509697 0.107379 0.123364 0.746857
0 0.478287 0.49584 0.106271 0.12356 0.738932
0 0.404121 0.275812 0.128431 0.147282 0.775899
0 0.592287 0.273366 0.12274 0.142558 0.760158
0 0.707877 0.50928 0.105969 0.121479 0.672733
0 0.47822 0.495626 0.105121 0.12219 0.654154
0 0.404908 0.275976 0.129161 0.147773 0.794756
0 0.592789 0.273577 0.123564 0.143502 0.777398
0 0.708201 0.509787 0.106547 0.122448 0.698946
0 0.478584 0.496158 0.106018 0.123006 0.69342
0 0.404524 0.276278 0.130555 0.148345 0.826018
0 0.592124 0.273806 0.12438 0.144619 0.80134
0 0.70806 0.509698 0.107374 0.123357 0.746432
0 0.478291 0.49584 0.106266 0.12356 0.738559
