0 0.426874 0.206627 0.249477 0.304364 0.754702
0 0.431328 0.216338 0.254037 0.304026 0.753967
0 0.396413 0.220687 0.396397 0.429605 0.627738
0 0.448066 0.221134 0.340136 0.426053 0.686336
0 0.428829 0.241689 0.29694 0.3731 0.936776
0 0.711179 0.311101 0.308001 0.39911 0.734265
0 0.420777 0.230274 0.305627 0.360201 0.921687
0 0.443953 0.236658 0.301019 0.390516 0.817071
0 0.425183 0.229986 0.326006 0.398124 0.808646
0 0.437933 0.220358 0.346991 0.399558 0.922653
0 0.431788 0.232597 0.321786 0.409648 0.913488
0 0.714019 0.299059 0.340153 0.396329 0.666868
0 0.428655 0.226632 0.281197 0.357215 0.909823
0 0.715238 0.301173 0.295446 0.368797 0.673988
0 0.430911 0.238263 0.300458 0.372916 0.837652
0 0.421515 0.226742 0.317191 0.369262 0.884123
0 0.698936 0.300672 0.319662 0.364252 0.718945
0 0.436158 0.226002 0.309318 0.356369 0.833191
0 0.716159 0.303014 0.335648 0.371094 0.731506
0 0.436519 0.225878 0.317628 0.383839 0.781652
0 0.4396 0.227649 0.303819 0.356957 0.826833
0 0.4345 0.222407 0.31266 0.372931 0.80429
0 0.715731 0.29511 0.362384 0.382178 0.655189
0 0.429785 0.239362 0.320964 0.372539 0.884883
0 0.711919 0.306596 0.332561 0.378657 0.724975
0 0.432631 0.229037 0.27979 0.331708 0.930124
0 0.717041 0.306555 0.298915 0.347591 0.794199
0 0.436286 0.226125 0.308828 0.360798 0.891264
0 0.720436 0.302233 0.320731 0.36071 0.768632
0 0.437158 0.227369 0.327968 0.377578 0.843096
0 0.731363 0.293353 0.364829 0.411766 0.753152
0 0.42795 0.227341 0.318015 0.366186 0.809119
0 0.712526 0.302527 0.336292 0.375716 0.771518
0 0.439929 0.223615 0.312317 0.352576 0.798741
0 0.706951 0.294802 0.318124 0.379415 0.795855
0 0.427777 0.230337 0.298432 0.34866 0.850757
0 0.705844 0.304636 0.309901 0.35088 0.815453
0 0.433078 0.229119 0.327443 0.380961 0.792249
0 0.717946 0.290541 0.3662 0.427714 0.693227
0 0.42354 0.228002 0.312109 0.357919 0.849337
0 0.712772 0.297278 0.336559 0.379612 0.815196
0 0.438945 0.228156 0.309173 0.361223 0.855575
0 0.718216 0.300488 0.311304 0.36413 0.802242
0 0.443924 0.236024 0.323614 0.367007 0.938648
0 0.728746 0.30499 0.352536 0.378964 0.820626
0 0.429953 0.22498 0.309166 0.361791 0.843458
0 0.725326 0.293815 0.344316 0.393971 0.828065
0 0.436797 0.232968 0.295763 0.347747 0.834676
0 0.728345 0.298284 0.350555 0.397127 0.732497
0 0.435543 0.221498 0.304637 0.346306 0.868983
0 0.720334 0.29995 0.32396 0.372234 0.829823
0 0.440482 0.223156 0.315513 0.355662 0.839783
0 0.734515 0.298639 0.34221 0.39918 0.710564
0 0.43367 0.222323 0.314451 0.359239 0.83569
0 0.727979 0.297381 0.332253 0.372932 0.756325
0 0.438435 0.228504 0.30862 0.369595 0.809894
0 0.716683 0.29864 0.31702 0.377392 0.728245
0 0.429373 0.231264 0.297977 0.365359 0.852617
0 0.719036 0.30002 0.333629 0.395011 0.845209
0 0.425555 0.226118 0.297173 0.362369 0.781688
0 0.711306 0.302307 0.322379 0.377835 0.737036
0 0.431818 0.228913 0.303109 0.360803 0.808576
0 0.730831 0.296691 0.344669 0.405256 0.701282
0 0.435979 0.220815 0.296635 0.35856 0.836839
0 0.728453 0.292921 0.340228 0.388178 0.783005
0 0.432462 0.225909 0.300469 0.341923 0.820458
0 0.71484 0.302186 0.324184 0.36961 0.795676
0 0.442309 0.22176 0.304118 0.346391 0.818565
0 0.719768 0.304884 0.313391 0.381526 0.811561
0 0.440873 0.223129 0.30411 0.348126 0.817962
0 0.714918 0.298681 0.316723 0.369684 0.750414
0 0.719823 0.29633 0.339253 0.396318 0.798289
0 0.44529 0.224706 0.310487 0.361646 0.795115
0 0.422271 0.217378 0.316127 0.369608 0.83898
0 0.71168 0.293011 0.337187 0.395097 0.812788
0 0.433456 0.226946 0.292664 0.3521 0.853622
0 0.721257 0.303484 0.310107 0.371824 0.800918
0 0.441583 0.222539 0.298698 0.361667 0.76268
0 0.739436 0.296484 0.362372 0.387479 0.66473
0 0.43686 0.229681 0.300008 0.357865 0.862998
0 0.725702 0.297733 0.340321 0.399753 0.812722
0 0.435134 0.222326 0.300866 0.355891 0.842424
0 0.726917 0.296422 0.340948 0.390967 0.801341
0 0.4241 0.223879 0.294673 0.340574 0.86016
0 0.722096 0.299783 0.328707 0.386173 0.710863
0 0.432218 0.229295 0.303322 0.358037 0.838891
0 0.723532 0.29792 0.351473 0.397672 0.771733
0 0.435766 0.229062 0.289876 0.351946 0.819888
0 0.734896 0.303068 0.345958 0.384398 0.795368
0 0.437669 0.229055 0.303324 0.35643 0.835662
0 0.732462 0.299977 0.352147 0.399775 0.787043
0 0.43958 0.220306 0.30009 0.360069 0.819375
0 0.729295 0.295636 0.343408 0.393934 0.788079
0 0.426367 0.226724 0.304597 0.359329 0.835811
0 0.726391 0.297753 0.351324 0.406646 0.780828
0 0.436275 0.228811 0.31437 0.357349 0.814755
0 0.727352 0.299569 0.356429 0.395997 0.747721
0 0.430655 0.219407 0.312606 0.360641 0.822916
0 0.737136 0.293907 0.358372 0.398154 0.77947
0 0.431026 0.226862 0.302576 0.349508 0.815283
0 0.730895 0.299359 0.339761 0.385976 0.749888
0 0.438737 0.223745 0.310537 0.365217 0.855317
0 0.722551 0.290323 0.346596 0.39705 0.769768
0 0.429118 0.226484 0.307465 0.356743 0.856424
0 0.730702 0.302991 0.331591 0.378399 0.794382
0 0.433623 0.227453 0.307654 0.36265 0.881767
0 0.733446 0.299786 0.345727 0.389201 0.809716
0 0.432646 0.220628 0.304745 0.348709 0.770891
0 0.722903 0.293459 0.346804 0.398557 0.738165
0 0.43941 0.223516 0.299079 0.350104 0.834197
0 0.733098 0.296923 0.331269 0.380473 0.808728
0 0.433423 0.219499 0.294383 0.35751 0.818874
0 0.731154 0.293897 0.338788 0.380053 0.796004
0 0.434434 0.225912 0.299007 0.358188 0.82157
0 0.727346 0.299163 0.337036 0.383559 0.793912
0 0.43672 0.227775 0.295674 0.349597 0.824985
0 0.728577 0.297537 0.339967 0.382643 0.779007
0 0.430886 0.220759 0.3102 0.354076 0.833557
0 0.728136 0.290618 0.345175 0.392229 0.811623
0 0.432464 0.223169 0.315286 0.359552 0.845035
0 0.733356 0.296098 0.342461 0.386987 0.786619
0 0.438412 0.225238 0.304453 0.352086 0.855237
0 0.736063 0.29893 0.343589 0.387816 0.819808
0 0.431575 0.22242 0.30414 0.350876 0.836198
0 0.72286 0.287049 0.340619 0.396188 0.791091
0 0.432778 0.223666 0.313934 0.362775 0.854817
0 0.735474 0.295091 0.353356 0.394292 0.835939
0 0.430677 0.228573 0.311984 0.365733 0.832908
0 0.730494 0.298931 0.348198 0.394178 0.791466
0 0.435598 0.225799 0.306175 0.354909 0.842006
0 0.737664 0.297027 0.332479 0.378256 0.82596
0 0.429369 0.226442 0.305578 0.354889 0.84682
0 0.736978 0.300119 0.332655 0.377243 0.81447
0 0.43092 0.22588 0.308813 0.361434 0.851167
0 0.728325 0.298035 0.337662 0.384701 0.826761
0 0.428212 0.22257 0.303607 0.359825 0.824784
0 0.724979 0.291586 0.333462 0.391369 0.799438
0 0.430114 0.226098 0.307074 0.355788 0.823031
0 0.73624 0.29625 0.336638 0.379269 0.790895
0 0.430531 0.223463 0.302629 0.348024 0.867639
0 0.730972 0.296509 0.333708 0.378093 0.823038
0 0.43145 0.224315 0.308753 0.354154 0.856604
0 0.727378 0.294323 0.328219 0.379435 0.808522
0 0.428077 0.223458 0.313863 0.363658 0.862072
0 0.72278 0.292808 0.335298 0.39427 0.805401
0 0.424196 0.216438 0.318195 0.372833 0.856644
0 0.726572 0.294354 0.341061 0.391257 0.828661
0 0.428417 0.217992 0.307826 0.358421 0.824252
0 0.729112 0.294259 0.336151 0.389878 0.802543
0 0.429448 0.222484 0.30722 0.356724 0.863966
0 0.733635 0.291514 0.344582 0.391146 0.836003
0 0.428615 0.226141 0.308825 0.355303 0.870675
0 0.729668 0.298242 0.344095 0.389479 0.835999
0 0.427476 0.224639 0.307173 0.365246 0.868171
0 0.726125 0.291479 0.347256 0.401477 0.817268
0 0.430195 0.218475 0.314988 0.368959 0.866366
0 0.735688 0.290766 0.345957 0.392945 0.835372
0 0.434026 0.22092 0.308635 0.356226 0.850619
0 0.739271 0.29212 0.345059 0.390803 0.81747
0 0.421942 0.218941 0.320312 0.361657 0.840113
0 0.735615 0.295188 0.346899 0.390504 0.825977
0 0.432766 0.222402 0.306581 0.352554 0.843576
0 0.733712 0.297217 0.34066 0.385171 0.822989
0 0.431107 0.222288 0.307674 0.353409 0.844928
0 0.734971 0.293949 0.340149 0.38538 0.820096
0 0.428583 0.221994 0.312093 0.358948 0.870814
0 0.727168 0.291929 0.342135 0.39092 0.837248
0 0.430991 0.225135 0.307052 0.356701 0.857203
0 0.732319 0.294301 0.344291 0.394714 0.830403
0 0.430124 0.221703 0.312039 0.358215 0.845711
0 0.733382 0.28858 0.34663 0.388136 0.835996
0 0.426441 0.221781 0.309777 0.358462 0.857412
0 0.728304 0.289349 0.339987 0.388897 0.834491
0 0.428984 0.21982 0.310178 0.363882 0.84939
0 0.734609 0.289162 0.347236 0.393418 0.842132
0 0.429449 0.22081 0.307536 0.3547 0.85164
0 0.727408 0.290863 0.334513 0.384266 0.832314
0 0.433411 0.22181 0.309567 0.359686 0.83891
0 0.734745 0.288344 0.346539 0.392249 0.824759
0 0.427479 0.222301 0.311058 0.35475 0.861184
0 0.734148 0.290226 0.342631 0.387147 0.8429
0 0.429105 0.22161 0.311952 0.362968 0.857479
0 0.733718 0.288135 0.347049 0.391614 0.838847
0 0.426087 0.223629 0.3086 0.357817 0.865327
0 0.732752 0.289313 0.345226 0.388734 0.844654
0 0.428456 0.223023 0.308129 0.355611 0.86448
0 0.735413 0.289626 0.345295 0.387789 0.851301
0 0.42697 0.221473 0.308004 0.357084 0.855745
0 0.734087 0.289217 0.343473 0.38813 0.839139
0 0.426073 0.223639 0.308585 0.357807 0.865429
0 0.732747 0.289313 0.34522 0.388714 0.844742
