0 0.627944 0.367168 0.215073 0.255269 0.936627
0 0.202828 0.365624 0.234441 0.276876 0.757897
0 0.194366 0.344894 0.190816 0.202924 0.975315
0 0.624749 0.346862 0.172469 0.183812 0.957193
0 0.201957 0.337294 0.15104 0.170872 0.630585
0 0.624969 0.357683 0.190868 0.214615 0.735802
0 0.642772 0.359367 0.162198 0.176836 0.616144
0 0.618953 0.361466 0.172428 0.21262 0.761036
0 0.629625 0.35443 0.175944 0.204549 0.799715
0 0.638862 0.376265 0.19751 0.234193 0.827531
0 0.635373 0.358342 0.195111 0.228301 0.76843
0 0.632795 0.363587 0.195601 0.22664 0.770613
0 0.626988 0.363074 0.180699 0.214806 0.811192
0 0.629843 0.360307 0.190671 0.220887 0.800014
0 0.623319 0.361969 0.197965 0.221505 0.852012
0 0.630101 0.364558 0.184537 0.210303 0.780121
0 0.626354 0.363123 0.20508 0.227347 0.830939
0 0.63145 0.363402 0.197073 0.221338 0.787104
0 0.631315 0.361585 0.196162 0.232853 0.811274
0 0.634394 0.366436 0.193189 0.225435 0.805311
0 0.21838 0.374293 0.217357 0.254576 0.727753
0 0.629048 0.363211 0.186159 0.215849 0.757259
0 0.63255 0.365382 0.197634 0.226439 0.845965
0 0.215234 0.355539 0.186791 0.210597 0.630923
0 0.626038 0.367475 0.17873 0.213002 0.738671
0 0.623976 0.362375 0.189094 0.218138 0.765802
0 0.208168 0.360101 0.195005 0.221953 0.608139
0 0.629473 0.361367 0.196082 0.224559 0.746988
0 0.628638 0.366455 0.192667 0.217205 0.831859
0 0.211596 0.363626 0.203269 0.224836 0.674724
0 0.628893 0.366531 0.199796 0.231393 0.785012
0 0.207854 0.370026 0.211127 0.239471 0.621794
0 0.62428 0.363184 0.19304 0.223485 0.80426
0 0.211118 0.360934 0.200564 0.2325 0.625858
0 0.635752 0.362895 0.187063 0.221689 0.850275
0 0.220148 0.362576 0.19261 0.225904 0.625035
0 0.630014 0.365292 0.194301 0.21956 0.776456
0 0.630187 0.36396 0.191177 0.215727 0.811928
0 0.631334 0.367105 0.190173 0.221514 0.744371
0 0.627228 0.364147 0.183756 0.21714 0.739206
0 0.629207 0.36016 0.188077 0.215342 0.757023
0 0.629864 0.360951 0.194114 0.222723 0.83862
0 0.21191 0.362779 0.193404 0.224057 0.692082
0 0.62567 0.364933 0.201643 0.236055 0.804328
0 0.627898 0.363414 0.198821 0.231722 0.789892
0 0.210258 0.368196 0.204129 0.235506 0.639712
0 0.624031 0.365485 0.187211 0.216893 0.843437
0 0.630434 0.364033 0.195663 0.227042 0.753089
0 0.632481 0.361112 0.187113 0.217362 0.697574
0 0.631555 0.363765 0.190021 0.221315 0.801479
0 0.629726 0.361112 0.195182 0.225776 0.804038
0 0.216688 0.369212 0.206637 0.240627 0.650666
0 0.628083 0.362848 0.195622 0.218757 0.780766
0 0.630408 0.363959 0.193941 0.223838 0.770095
0 0.62696 0.361088 0.193694 0.224182 0.85463
0 0.629933 0.36593 0.194304 0.225132 0.808093
0 0.626231 0.366325 0.192432 0.219465 0.827671
0 0.211321 0.359545 0.198355 0.223189 0.727315
0 0.630258 0.366428 0.190868 0.224629 0.816286
0 0.220076 0.366408 0.190304 0.226962 0.636735
0 0.624519 0.360486 0.188084 0.215437 0.795271
0 0.625632 0.363267 0.194555 0.22444 0.81907
0 0.218994 0.361646 0.17892 0.211874 0.652772
0 0.627736 0.366933 0.192653 0.221729 0.850365
0 0.623989 0.36625 0.189581 0.216414 0.821774
0 0.206498 0.369326 0.194214 0.222982 0.712137
0 0.623491 0.366138 0.192974 0.220965 0.822151
0 0.207508 0.370564 0.203509 0.23495 0.646111
0 0.626605 0.367299 0.193771 0.220288 0.783472
0 0.212504 0.364637 0.193849 0.219626 0.684477
0 0.628367 0.365273 0.19235 0.221499 0.831806
0 0.210591 0.360192 0.190276 0.220833 0.73866
0 0.628372 0.364518 0.189304 0.2185 0.842921
0 0.213303 0.357913 0.190922 0.217884 0.782088
0 0.62747 0.363087 0.191685 0.222052 0.827616
0 0.216148 0.364398 0.208367 0.2361 0.716655
0 0.62501 0.365123 0.18777 0.217538 0.810731
0 0.212625 0.361694 0.182102 0.20985 0.733078
0 0.627817 0.362401 0.1884 0.215368 0.802345
0 0.216538 0.358611 0.184935 0.212223 0.661512
0 0.630552 0.361811 0.192002 0.224353 0.775416
0 0.213529 0.358487 0.193778 0.222001 0.663407
0 0.626528 0.365441 0.188029 0.217075 0.796974
0 0.212279 0.362164 0.182025 0.20887 0.713185
0 0.629885 0.366145 0.191938 0.221161 0.841638
0 0.213488 0.359207 0.187498 0.21615 0.683249
0 0.628101 0.360448 0.192359 0.222553 0.782873
0 0.210766 0.36084 0.185163 0.212305 0.637727
0 0.626769 0.361438 0.188155 0.215485 0.813084
0 0.211274 0.357473 0.190512 0.220939 0.737455
0 0.625059 0.366645 0.19589 0.227939 0.818828
0 0.210713 0.361063 0.188698 0.216238 0.692136
0 0.626186 0.36494 0.192115 0.218902 0.834398
0 0.211201 0.361696 0.19017 0.215896 0.667614
0 0.625286 0.364032 0.187386 0.215633 0.807364
0 0.211687 0.361631 0.195783 0.222684 0.686368
0 0.623846 0.366575 0.1925 0.221593 0.863471
0 0.206719 0.364202 0.192212 0.222028 0.686625
0 0.624742 0.364863 0.188288 0.218257 0.830931
0 0.221534 0.367979 0.210322 0.239763 0.663323
0 0.625664 0.365302 0.189722 0.21739 0.846348
0 0.216171 0.365314 0.187432 0.222431 0.73431
0 0.628121 0.363654 0.188829 0.21656 0.868346
0 0.215389 0.362861 0.186519 0.21243 0.674817
0 0.629247 0.363705 0.19019 0.221809 0.833386
0 0.215569 0.364094 0.184993 0.218921 0.695701
0 0.628186 0.364154 0.192702 0.223315 0.857817
0 0.219519 0.361206 0.193175 0.223218 0.738009
0 0.625279 0.365776 0.191593 0.218689 0.837871
0 0.215268 0.360925 0.189296 0.218385 0.747747
0 0.624028 0.362509 0.193489 0.221145 0.895133
0 0.215791 0.35726 0.188924 0.216317 0.813612
0 0.623929 0.363231 0.186374 0.214142 0.839034
0 0.214454 0.358103 0.185391 0.213397 0.688052
0 0.624454 0.364879 0.191872 0.219271 0.847169
0 0.214347 0.360548 0.187009 0.216787 0.716955
0 0.625036 0.363664 0.186274 0.213846 0.847753
0 0.215983 0.359051 0.185451 0.215717 0.746088
0 0.625537 0.362812 0.190434 0.218126 0.878436
0 0.216383 0.359002 0.188544 0.217966 0.789302
0 0.624762 0.363502 0.185323 0.214942 0.879354
0 0.216934 0.357221 0.188329 0.217066 0.787242
0 0.624783 0.362462 0.187322 0.214494 0.847335
0 0.213513 0.358418 0.185082 0.213847 0.771544
0 0.628681 0.361526 0.186769 0.216555 0.820259
0 0.217844 0.356545 0.181676 0.210451 0.721603
0 0.623914 0.361973 0.190921 0.219402 0.861955
0 0.214792 0.359473 0.184074 0.213101 0.805717
0 0.62449 0.363878 0.188422 0.215827 0.828768
0 0.214198 0.357778 0.183596 0.211935 0.743586
0 0.624201 0.364578 0.190125 0.219119 0.859382
0 0.216205 0.359641 0.188904 0.219222 0.792007
0 0.625481 0.365513 0.190493 0.21938 0.846018
0 0.214541 0.359306 0.186591 0.216689 0.784627
0 0.625534 0.365035 0.189395 0.216634 0.850327
0 0.215135 0.35924 0.187117 0.214968 0.767035
0 0.624915 0.363666 0.186705 0.216678 0.829351
0 0.216498 0.357267 0.186166 0.215384 0.754705
0 0.624782 0.362819 0.186826 0.213772 0.867987
0 0.214543 0.356899 0.184658 0.211966 0.795143
0 0.623598 0.36338 0.186516 0.214473 0.85918
0 0.215297 0.358082 0.183988 0.211757 0.794029
0 0.624551 0.3629 0.191363 0.219092 0.8722
0 0.214929 0.359266 0.187047 0.216128 0.799797
0 0.624926 0.364379 0.189736 0.218261 0.84493
0 0.21613 0.357843 0.181325 0.210043 0.744115
0 0.624051 0.36436 0.191015 0.219494 0.871855
0 0.216481 0.357165 0.180736 0.210523 0.78878
0 0.623436 0.365975 0.189336 0.217447 0.870201
0 0.217669 0.359403 0.178828 0.206621 0.788107
0 0.623958 0.364311 0.187792 0.215158 0.869821
0 0.21594 0.35893 0.182325 0.210514 0.796221
0 0.623721 0.363564 0.189619 0.216776 0.868315
0 0.215869 0.359593 0.185228 0.215098 0.793349
0 0.626609 0.364839 0.185248 0.214024 0.852624
0 0.216719 0.359057 0.182943 0.212309 0.742286
0 0.624255 0.365364 0.189315 0.215802 0.872975
0 0.214833 0.359844 0.184457 0.213528 0.796941
0 0.624905 0.364151 0.186717 0.213314 0.867874
0 0.215549 0.358621 0.180927 0.210021 0.795825
0 0.62458 0.365466 0.189246 0.215934 0.881305
0 0.215863 0.359315 0.182607 0.211365 0.819893
0 0.625147 0.366026 0.189135 0.215479 0.867051
0 0.215412 0.359099 0.182612 0.211591 0.801108
0 0.625052 0.365474 0.188811 0.216018 0.871898
0 0.216167 0.358882 0.182288 0.211437 0.800674
0 0.624581 0.365451 0.189231 0.215934 0.881042
0 0.215857 0.359291 0.182594 0.211347 0.819534
