0 0.714161 0.413422 0.0838991 0.0944846 0.664028
0 0.715135 0.415953 0.0877874 0.100861 0.635838
0 0.718698 0.413233 0.0842193 0.0972422 0.631425
0 0.71572 0.415162 0.0874831 0.101205 0.620418
0 0.713943 0.416357 0.0871007 0.101393 0.687409
0 0.715705 0.415595 0.0896759 0.103405 0.681711
0 0.715277 0.41423 0.0887296 0.105443 0.60175
0 0.715137 0.414752 0.0870217 0.100966 0.713016
0 0.7187 0.413479 0.0946529 0.107493 0.60365
0 0.713642 0.414416 0.0918971 0.106781 0.620006
0 0.71855 0.414686 0.0878679 0.100027 0.630656
0 0.715634 0.415629 0.0888211 0.101469 0.761052
0 0.718815 0.414205 0.092332 0.104113 0.711383
0 0.717315 0.413506 0.0902773 0.103856 0.755457
0 0.715527 0.416163 0.0898157 0.103991 0.686212
0 0.715418 0.416516 0.0892191 0.104193 0.699189
0 0.715763 0.41631 0.0914132 0.106865 0.733011
0 0.716555 0.415577 0.0911031 0.106477 0.6947
0 0.717118 0.414017 0.0954779 0.110927 0.738603
0 0.715124 0.416064 0.0906143 0.107252 0.768709
0 0.714943 0.416135 0.0908752 0.105972 0.770168
0 0.717005 0.414243 0.0927542 0.1082 0.669532
0 0.716049 0.415394 0.0890824 0.101949 0.721786
0 0.714147 0.4158 0.0918841 0.104195 0.691809
0 0.715032 0.415403 0.0896865 0.104006 0.763045
0 0.715798 0.415542 0.0891677 0.103485 0.711067
0 0.716929 0.415395 0.0885483 0.0993248 0.694794
0 0.716876 0.415032 0.0890496 0.100933 0.637965
0 0.719012 0.414368 0.0938339 0.10524 0.666068
0 0.716884 0.415553 0.0912999 0.106062 0.717194
0 0.715714 0.414028 0.0896666 0.105747 0.662097
0 0.716285 0.415598 0.0899585 0.102588 0.69577
0 0.715364 0.414621 0.0892732 0.103569 0.664389
0 0.715237 0.415659 0.0892495 0.104401 0.73659
0 0.714925 0.415665 0.0890192 0.104114 0.726318
0 0.714874 0.415718 0.0891004 0.100645 0.706605
0 0.716528 0.415415 0.0880552 0.102296 0.711729
0 0.715777 0.416257 0.0892296 0.103577 0.681964
0 0.715 0.415406 0.0891831 0.102708 0.712074
0 0.715393 0.415837 0.0909053 0.106767 0.7375
0 0.715756 0.415516 0.0894714 0.104275 0.725801
0 0.715582 0.415161 0.0895435 0.105147 0.717502
0 0.715318 0.414954 0.0896237 0.104144 0.75061
0 0.715113 0.414833 0.0891868 0.104419 0.741843
0 0.715131 0.414834 0.089709 0.105511 0.737676
0 0.715157 0.414585 0.0895334 0.104815 0.718015
0 0.715341 0.41503 0.0896647 0.104745 0.74568
0 0.715127 0.41483 0.0896993 0.105509 0.737148
