0 0.458363 0.354395 0.208813 0.230666 0.618861
0 0.454465 0.359322 0.20653 0.236138 0.783032
0 0.45875 0.348264 0.210803 0.242594 0.692369
0 0.45139 0.354975 0.208038 0.246731 0.700835
0 0.447986 0.352367 0.210099 0.244733 0.732715
0 0.446318 0.354116 0.219665 0.247671 0.800976
0 0.457771 0.354776 0.209432 0.243118 0.822511
0 0.442481 0.352823 0.223825 0.250805 0.721512
0 0.449874 0.352097 0.201697 0.239387 0.72549
0 0.445482 0.35417 0.218125 0.250817 0.6975
0 0.454341 0.353499 0.204068 0.234062 0.8078
0 0.445265 0.350551 0.200048 0.238644 0.714041
0 0.452229 0.358314 0.20779 0.241282 0.812673
0 0.436299 0.360305 0.216875 0.260987 0.720754
0 0.441621 0.352587 0.216721 0.259077 0.739799
0 0.451021 0.359214 0.205525 0.234695 0.794392
0 0.445404 0.358483 0.207549 0.244926 0.774045
0 0.443398 0.349774 0.216363 0.249335 0.750241
0 0.451277 0.352943 0.194881 0.233984 0.866577
0 0.442322 0.356986 0.211161 0.255363 0.815236
0 0.443405 0.355732 0.210815 0.239547 0.818363
0 0.440324 0.352747 0.204155 0.240232 0.744248
0 0.444134 0.358373 0.205352 0.246136 0.734389
0 0.440997 0.351477 0.221278 0.261647 0.811758
0 0.448165 0.357706 0.213471 0.250789 0.852106
0 0.447824 0.356407 0.218539 0.256574 0.818854
0 0.447095 0.359433 0.209263 0.247892 0.840473
0 0.439236 0.362528 0.216933 0.258253 0.805566
0 0.444222 0.358819 0.218022 0.25294 0.774711
0 0.444185 0.35465 0.215536 0.254318 0.719055
0 0.444378 0.356935 0.211909 0.248696 0.789456
0 0.449022 0.360491 0.200096 0.239425 0.828315
0 0.442776 0.352463 0.214975 0.250739 0.781067
0 0.447826 0.362649 0.219621 0.253346 0.800203
0 0.444502 0.354128 0.20267 0.242769 0.853872
0 0.441216 0.356759 0.209891 0.248958 0.766452
0 0.443031 0.362675 0.20858 0.245966 0.804143
0 0.445337 0.365767 0.212711 0.247764 0.820086
0 0.444017 0.357301 0.214701 0.249376 0.801343
0 0.445882 0.359198 0.210643 0.239382 0.847125
0 0.440964 0.363486 0.206523 0.244535 0.795944
0 0.447407 0.365602 0.209939 0.244864 0.771379
0 0.444007 0.360255 0.209976 0.24263 0.826488
0 0.444777 0.355631 0.220283 0.254507 0.801072
0 0.442913 0.359604 0.213321 0.24802 0.871308
0 0.443271 0.354436 0.214162 0.250274 0.855338
0 0.445793 0.358013 0.21475 0.249602 0.87353
0 0.446625 0.366759 0.210484 0.24764 0.847062
0 0.443525 0.358786 0.213717 0.249649 0.78475
0 0.445253 0.359918 0.214371 0.248836 0.826253
0 0.449524 0.360377 0.209611 0.24245 0.813144
0 0.450593 0.361196 0.206644 0.242187 0.846889
0 0.446692 0.35804 0.208387 0.245045 0.797661
0 0.446377 0.357778 0.214073 0.254113 0.85385
0 0.442681 0.364795 0.210582 0.248519 0.843244
0 0.442965 0.365155 0.215333 0.248726 0.866311
0 0.445077 0.360206 0.218231 0.251045 0.808298
0 0.442736 0.363141 0.213028 0.248392 0.874263
0 0.44158 0.363377 0.21766 0.250678 0.875694
0 0.445759 0.360949 0.208261 0.243981 0.866673
0 0.446795 0.358975 0.204136 0.234053 0.84046
0 0.441988 0.36458 0.206844 0.239043 0.821874
0 0.444272 0.362464 0.210231 0.243152 0.880532
0 0.445848 0.36405 0.209864 0.243592 0.850366
0 0.444897 0.361075 0.214021 0.249953 0.870611
0 0.442957 0.365069 0.212328 0.248421 0.84832
0 0.442301 0.362621 0.213342 0.249572 0.844576
0 0.445187 0.360795 0.208009 0.243004 0.853147
0 0.444757 0.361044 0.21304 0.245823 0.870326
0 0.449108 0.360557 0.205482 0.243916 0.850316
0 0.446146 0.362636 0.210267 0.244008 0.852576
0 0.447526 0.360063 0.205443 0.242881 0.835629
0 0.44593 0.364767 0.213254 0.249423 0.876887
0 0.442306 0.36362 0.209171 0.242555 0.821107
0 0.443985 0.36324 0.213254 0.247674 0.833355
0 0.4436 0.362489 0.216848 0.250992 0.843907
0 0.442851 0.36402 0.219469 0.253646 0.8559
0 0.44418 0.361928 0.21372 0.24731 0.845207
0 0.44407 0.360929 0.209481 0.241139 0.866331
0 0.442971 0.366132 0.216868 0.250217 0.862351
0 0.443458 0.363874 0.215622 0.249733 0.862001
0 0.443143 0.367295 0.214597 0.250001 0.849664
0 0.443816 0.364621 0.219461 0.253339 0.880508
0 0.445504 0.366617 0.214425 0.248175 0.871982
0 0.445431 0.364785 0.212384 0.246902 0.873798
0 0.445519 0.363711 0.216005 0.25079 0.882301
0 0.444742 0.363758 0.215871 0.249063 0.854963
0 0.446231 0.364447 0.213957 0.247006 0.879621
0 0.443264 0.364149 0.214269 0.248266 0.863446
0 0.444259 0.364679 0.213384 0.246884 0.878499
0 0.44358 0.364728 0.214196 0.248077 0.872549
0 0.445037 0.36472 0.215535 0.249284 0.875149
0 0.444258 0.36467 0.213342 0.24686 0.878224
