0 0.487287 0.278059 0.262386 0.293882 0.886636
0 0.48428 0.297378 0.326834 0.409082 0.648804
0 0.47316 0.307997 0.433208 0.551588 0.630406
0 0.493793 0.30562 0.394464 0.468087 0.737908
0 0.471751 0.296866 0.382048 0.48562 0.691818
0 0.51464 0.291876 0.457613 0.528872 0.695538
0 0.508799 0.291931 0.469802 0.553381 0.672984
0 0.486701 0.309703 0.446614 0.516396 0.657799
0 0.494703 0.298716 0.421224 0.521326 0.780737
0 0.49129 0.288361 0.51621 0.576721 0.749924
0 0.494039 0.294261 0.472879 0.539115 0.707831
0 0.475961 0.291878 0.436416 0.514317 0.801053
0 0.483324 0.293266 0.483928 0.565981 0.745435
0 0.474735 0.303378 0.415915 0.502512 0.710328
0 0.464859 0.303148 0.499637 0.581792 0.76345
0 0.473808 0.286885 0.4233 0.549853 0.678818
0 0.485741 0.301016 0.408344 0.485045 0.718103
0 0.489997 0.305391 0.446857 0.515186 0.811855
0 0.492496 0.315594 0.428798 0.509505 0.756445
0 0.46808 0.302226 0.45496 0.566568 0.651079
0 0.485001 0.300593 0.437344 0.512118 0.736761
0 0.483074 0.303643 0.475358 0.550419 0.643372
0 0.490188 0.305716 0.465147 0.52052 0.756806
0 0.4848 0.316247 0.466106 0.53771 0.699959
0 0.493683 0.303433 0.47507 0.531322 0.812386
0 0.507528 0.28964 0.460278 0.559768 0.661826
0 0.477859 0.302801 0.517861 0.564208 0.758813
0 0.476551 0.305221 0.452331 0.501727 0.71144
0 0.482734 0.306196 0.438396 0.516048 0.73646
0 0.49086 0.316601 0.459386 0.507102 0.685613
0 0.480876 0.308258 0.479448 0.522012 0.704788
0 0.477103 0.311027 0.486934 0.537222 0.745324
0 0.480996 0.302231 0.492691 0.537934 0.811542
0 0.479635 0.30008 0.480117 0.565196 0.695808
0 0.488874 0.304354 0.457291 0.525353 0.807337
0 0.505226 0.308423 0.479706 0.528814 0.748591
0 0.485108 0.308079 0.44731 0.517846 0.650849
0 0.484485 0.313065 0.468589 0.509293 0.756355
0 0.492359 0.311239 0.476232 0.559158 0.718861
0 0.48632 0.312775 0.461535 0.524638 0.746713
0 0.47606 0.312272 0.476597 0.54121 0.69545
0 0.476262 0.316264 0.460716 0.517489 0.778065
0 0.486829 0.318754 0.475899 0.535147 0.736815
0 0.507255 0.309702 0.482567 0.532185 0.771891
0 0.49098 0.315667 0.475849 0.525047 0.793186
0 0.489016 0.303854 0.459198 0.517513 0.763507
0 0.487183 0.298988 0.469425 0.526083 0.789511
0 0.476014 0.316815 0.466876 0.526698 0.836414
0 0.483625 0.308654 0.494514 0.523991 0.770879
0 0.505499 0.310476 0.49661 0.536097 0.809951
0 0.468564 0.296273 0.520978 0.567703 0.796239
0 0.4918 0.310886 0.485243 0.544172 0.711484
0 0.494398 0.312248 0.472634 0.533869 0.804786
0 0.479456 0.304079 0.477422 0.529705 0.796492
0 0.477275 0.308302 0.503713 0.54536 0.818964
0 0.501526 0.302598 0.488883 0.537087 0.790129
0 0.494699 0.299635 0.47557 0.535453 0.751916
0 0.499025 0.299859 0.495979 0.552373 0.777051
0 0.493445 0.320462 0.487037 0.523059 0.775648
0 0.479742 0.302037 0.487034 0.550746 0.775985
0 0.490602 0.299295 0.487269 0.543948 0.761048
0 0.504552 0.310188 0.505699 0.531207 0.767234
0 0.468875 0.315447 0.474882 0.541888 0.740953
0 0.501313 0.316052 0.506631 0.527635 0.748839
0 0.505026 0.305773 0.485729 0.536005 0.781798
0 0.498984 0.295133 0.482616 0.544445 0.757313
0 0.492769 0.315073 0.4706 0.508871 0.798237
0 0.462872 0.2941 0.494752 0.560378 0.800623
0 0.49179 0.317339 0.502329 0.534241 0.777074
0 0.491875 0.308969 0.496887 0.536437 0.80226
0 0.490888 0.308453 0.464105 0.532008 0.815728
0 0.481306 0.296615 0.485854 0.552467 0.812591
0 0.501272 0.29692 0.476084 0.534711 0.79867
0 0.493893 0.295458 0.484466 0.547892 0.776369
0 0.484492 0.298317 0.487636 0.543045 0.803174
0 0.490921 0.306512 0.477605 0.539044 0.794773
0 0.492144 0.30983 0.478382 0.521917 0.791808
0 0.480869 0.303679 0.477958 0.538729 0.82229
0 0.489481 0.316051 0.488268 0.533557 0.812368
0 0.48984 0.308452 0.487352 0.535004 0.800996
0 0.4951 0.31204 0.477832 0.539031 0.82605
0 0.495937 0.311968 0.479832 0.536756 0.824749
0 0.495338 0.314085 0.478393 0.536567 0.825203
0 0.499375 0.311189 0.489537 0.543409 0.810783
0 0.491993 0.311657 0.490085 0.545584 0.831398
0 0.494855 0.315343 0.482364 0.537443 0.818984
0 0.492319 0.312601 0.479392 0.53526 0.830826
0 0.497138 0.313349 0.483565 0.541072 0.834442
0 0.496829 0.311333 0.482591 0.53856 0.825653
0 0.492302 0.312589 0.479382 0.535281 0.831006
