0 0.401278 0.401503 0.228494 0.269357 0.77692
0 0.407701 0.385405 0.216056 0.249316 0.640479
0 0.414276 0.39472 0.244917 0.293129 0.618455
0 0.397804 0.387734 0.222294 0.261722 0.801141
0 0.409598 0.38709 0.223791 0.254979 0.803491
0 0.414682 0.386243 0.215164 0.251116 0.697207
0 0.405208 0.386163 0.235836 0.26259 0.639136
0 0.409456 0.384518 0.217071 0.249888 0.610765
0 0.409939 0.383603 0.211002 0.246305 0.695171
0 0.416273 0.38261 0.233635 0.274 0.753426
0 0.405015 0.384828 0.213655 0.252812 0.759315
0 0.412933 0.385401 0.208476 0.239237 0.778269
0 0.417555 0.381632 0.217986 0.259831 0.638353
0 0.40745 0.374934 0.228524 0.256048 0.713969
0 0.41133 0.385192 0.21439 0.25066 0.833342
0 0.408533 0.383475 0.231544 0.265101 0.80124
0 0.410062 0.384731 0.218725 0.251081 0.785785
0 0.408635 0.384821 0.221064 0.254846 0.742816
0 0.414376 0.382244 0.219274 0.246837 0.641036
0 0.411106 0.379392 0.223659 0.260363 0.606709
0 0.412761 0.38205 0.219265 0.249897 0.788826
0 0.410155 0.387291 0.218197 0.253987 0.77433
0 0.408202 0.38666 0.220339 0.253948 0.777635
0 0.403887 0.38769 0.218062 0.253395 0.784719
0 0.411588 0.383368 0.224221 0.255907 0.737476
0 0.41129 0.377578 0.221423 0.255717 0.699853
0 0.415087 0.384855 0.222662 0.255805 0.751576
0 0.409541 0.385825 0.208037 0.242814 0.792119
0 0.409451 0.382645 0.21607 0.242027 0.733216
0 0.412643 0.382883 0.213746 0.248685 0.739868
0 0.404285 0.378626 0.219195 0.255513 0.783297
0 0.409011 0.3809 0.225335 0.259037 0.746334
0 0.407128 0.376801 0.221944 0.255209 0.787984
0 0.406229 0.380926 0.203863 0.23711 0.791666
0 0.408593 0.374413 0.215244 0.23943 0.748325
0 0.408718 0.380275 0.219386 0.249087 0.771228
0 0.407184 0.379909 0.209979 0.24207 0.79542
0 0.414786 0.382474 0.2272 0.252889 0.777227
0 0.408749 0.383091 0.21692 0.24697 0.779049
0 0.410876 0.383814 0.215959 0.250584 0.761799
0 0.406825 0.381902 0.216608 0.258001 0.790928
0 0.409285 0.376829 0.222206 0.24608 0.813674
0 0.406924 0.380012 0.227168 0.256212 0.821496
0 0.407211 0.381436 0.207739 0.238974 0.763388
0 0.409463 0.375523 0.216758 0.245918 0.762648
0 0.41107 0.379578 0.210565 0.244696 0.738155
0 0.415026 0.380906 0.210944 0.245365 0.73798
0 0.41289 0.384065 0.222486 0.258069 0.812518
0 0.419017 0.374038 0.22628 0.259113 0.718879
0 0.413243 0.373548 0.221386 0.255294 0.798287
0 0.404734 0.384225 0.202418 0.236951 0.80387
0 0.412205 0.381514 0.206984 0.239012 0.803251
0 0.414306 0.376386 0.224659 0.257667 0.744216
0 0.409224 0.376317 0.21266 0.244674 0.744171
0 0.406288 0.380085 0.217218 0.250085 0.81022
0 0.412768 0.378039 0.214514 0.24738 0.81495
0 0.411503 0.37857 0.20893 0.238418 0.815513
0 0.410226 0.379678 0.2052 0.241106 0.806517
0 0.411542 0.378238 0.21269 0.244845 0.83502
0 0.408287 0.382279 0.203498 0.23692 0.826395
0 0.406704 0.377201 0.212862 0.245508 0.841239
0 0.410768 0.3809 0.221638 0.255655 0.825091
0 0.408766 0.380813 0.212467 0.248452 0.781522
0 0.409888 0.377139 0.212506 0.24503 0.82051
0 0.412004 0.378995 0.208859 0.24126 0.854282
0 0.413624 0.379676 0.207764 0.241076 0.849417
0 0.412512 0.379657 0.217623 0.249167 0.837998
0 0.415383 0.37793 0.215651 0.246466 0.815466
0 0.413062 0.378744 0.214035 0.24418 0.849546
0 0.409015 0.380493 0.209691 0.239894 0.822232
0 0.408981 0.382234 0.203866 0.237559 0.84443
0 0.411386 0.381164 0.215485 0.250037 0.822351
0 0.412591 0.383378 0.210852 0.243274 0.817343
0 0.413472 0.3835 0.212287 0.245764 0.813818
0 0.408274 0.381256 0.206973 0.240571 0.849787
0 0.410386 0.384023 0.209897 0.242735 0.834942
0 0.410802 0.382044 0.214917 0.248922 0.831978
0 0.412334 0.381861 0.208651 0.242509 0.807405
0 0.410497 0.382923 0.213598 0.24718 0.831954
0 0.41186 0.383831 0.208966 0.24167 0.823121
0 0.409049 0.381609 0.212995 0.24653 0.836005
0 0.408833 0.38117 0.215978 0.250065 0.839764
0 0.409141 0.37903 0.211598 0.245145 0.798001
0 0.409416 0.383479 0.211768 0.245376 0.846483
0 0.409682 0.382251 0.21168 0.245661 0.825948
0 0.409062 0.382239 0.214938 0.249461 0.841794
0 0.408711 0.382213 0.214324 0.248911 0.825714
0 0.410105 0.382052 0.214601 0.248955 0.829766
0 0.409057 0.382226 0.21492 0.249451 0.841455
