0 0.462459 0.174279 0.182195 0.20088 0.970044
0 0.424293 0.172894 0.199263 0.222308 0.788927
0 0.189828 0.628623 0.379655 0.389165 0.619881
0 0.388475 0.265855 0.334071 0.380992 0.617068
0 0.442364 0.171394 0.146297 0.179886 0.662449
0 0.446686 0.16964 0.164585 0.186587 0.696535
0 0.448011 0.175476 0.176574 0.20909 0.683866
0 0.443393 0.177719 0.16804 0.202192 0.653499
0 0.445146 0.175867 0.16149 0.186561 0.770508
0 0.445211 0.174251 0.168837 0.19392 0.813696
0 0.446626 0.180718 0.153407 0.176976 0.735012
0 0.44564 0.177285 0.179512 0.202947 0.641558
0 0.449686 0.175487 0.165892 0.186743 0.712424
0 0.451523 0.175283 0.171204 0.201078 0.819499
0 0.448763 0.175379 0.15991 0.191843 0.752068
0 0.448413 0.17492 0.163571 0.189685 0.68539
0 0.450861 0.176173 0.15996 0.191446 0.827637
0 0.448567 0.175539 0.163345 0.191748 0.717101
0 0.448011 0.174849 0.175061 0.204275 0.6851
0 0.448015 0.174352 0.176311 0.209977 0.715077
0 0.449044 0.177891 0.170681 0.19679 0.816198
0 0.447522 0.178261 0.170612 0.203041 0.754055
0 0.446432 0.180441 0.160382 0.192058 0.722281
0 0.451597 0.177369 0.165905 0.196392 0.854961
0 0.447474 0.181504 0.173307 0.198803 0.783774
0 0.447488 0.180793 0.170961 0.195942 0.800563
0 0.449491 0.178897 0.167211 0.19143 0.798849
0 0.444012 0.182173 0.168114 0.194932 0.716326
0 0.447634 0.174653 0.170929 0.199499 0.725046
0 0.447822 0.181141 0.176154 0.201434 0.852385
0 0.447841 0.182049 0.16902 0.196992 0.800372
0 0.448399 0.183145 0.166158 0.192706 0.795193
0 0.447317 0.183049 0.171981 0.196315 0.831121
0 0.453614 0.17896 0.1775 0.201662 0.805327
0 0.451883 0.180239 0.164758 0.19123 0.766773
0 0.451818 0.179894 0.168183 0.192757 0.873164
0 0.452374 0.181946 0.173256 0.199115 0.840123
0 0.450165 0.178896 0.172793 0.200686 0.764991
0 0.449223 0.183068 0.172714 0.200556 0.835184
0 0.448624 0.18083 0.164793 0.195099 0.895019
0 0.442542 0.181126 0.16854 0.193256 0.844726
0 0.445776 0.180262 0.169213 0.197199 0.853663
0 0.446332 0.180324 0.165977 0.198706 0.852404
0 0.445039 0.178983 0.167117 0.196853 0.82299
0 0.449587 0.181909 0.171575 0.199731 0.870138
0 0.444997 0.184571 0.160728 0.191413 0.81933
0 0.446162 0.186559 0.169443 0.194669 0.825983
0 0.44419 0.182231 0.168643 0.197888 0.846493
0 0.447753 0.18365 0.173768 0.201481 0.80671
0 0.444635 0.184785 0.168033 0.198301 0.848954
0 0.447257 0.1817 0.167243 0.197023 0.86172
0 0.444254 0.181406 0.17346 0.203955 0.828084
0 0.44442 0.184871 0.16382 0.18879 0.828811
0 0.443579 0.18437 0.169572 0.19849 0.830567
0 0.448005 0.180405 0.174264 0.201301 0.830485
0 0.446852 0.184309 0.171053 0.201618 0.805682
0 0.446475 0.18209 0.16707 0.196428 0.841843
0 0.446752 0.181379 0.167341 0.193932 0.813489
0 0.447502 0.180649 0.171504 0.200532 0.862201
0 0.446182 0.181905 0.167338 0.19631 0.824869
0 0.446121 0.184252 0.168844 0.194432 0.842453
0 0.447619 0.181609 0.168225 0.196861 0.788419
0 0.447577 0.180893 0.168472 0.195981 0.856243
0 0.442833 0.185122 0.166401 0.193909 0.835495
0 0.444511 0.184302 0.16326 0.194022 0.833436
0 0.445524 0.183285 0.163269 0.189156 0.858291
0 0.445313 0.185986 0.168823 0.198261 0.832516
0 0.44336 0.183143 0.169517 0.202995 0.870176
0 0.447107 0.184167 0.173206 0.201254 0.855703
0 0.448679 0.180482 0.172039 0.198944 0.913087
0 0.447117 0.184117 0.167147 0.193528 0.849007
0 0.446829 0.182919 0.167233 0.198125 0.85756
0 0.447223 0.180792 0.168214 0.19675 0.842704
0 0.44635 0.181855 0.168 0.198375 0.879282
0 0.447154 0.180619 0.166504 0.196274 0.879211
0 0.448109 0.182727 0.164494 0.193778 0.864866
0 0.448727 0.180641 0.167364 0.194902 0.836608
0 0.448374 0.182973 0.168902 0.196743 0.877578
0 0.446751 0.18271 0.169231 0.195965 0.826306
0 0.445928 0.183565 0.168093 0.198748 0.856582
0 0.447987 0.18135 0.169414 0.197472 0.845575
0 0.445584 0.182795 0.165086 0.193736 0.864126
0 0.446393 0.182748 0.164211 0.194242 0.838889
0 0.44757 0.180314 0.166241 0.194242 0.879482
0 0.443831 0.183304 0.165983 0.195195 0.860421
0 0.444993 0.182689 0.16666 0.196837 0.857393
0 0.446898 0.18202 0.167068 0.195675 0.842353
0 0.446805 0.182812 0.166855 0.195514 0.871241
0 0.446854 0.185455 0.164259 0.190018 0.869936
0 0.446711 0.183765 0.164024 0.193403 0.8666
0 0.445101 0.183496 0.166134 0.196214 0.867068
0 0.445836 0.183092 0.165098 0.195333 0.839659
0 0.447366 0.183209 0.1669 0.194326 0.866601
0 0.446165 0.182895 0.165819 0.193728 0.857388
0 0.44708 0.182753 0.166127 0.194055 0.872729
0 0.446532 0.182924 0.165368 0.193421 0.857862
0 0.44747 0.1831 0.16622 0.194131 0.860944
0 0.447082 0.182732 0.166112 0.194053 0.872512
