0 0.384818 0.256847 0.118069 0.131369 0.769599
0 0.379726 0.247979 0.123402 0.154878 0.626426
0 0.391333 0.244992 0.132164 0.154598 0.637371
0 0.387478 0.245813 0.136225 0.162417 0.758885
0 0.389207 0.250103 0.130144 0.149427 0.797004
0 0.385835 0.249782 0.129114 0.150544 0.748985
0 0.388517 0.248994 0.136225 0.158103 0.665199
0 0.385251 0.249722 0.140723 0.160235 0.755436
0 0.384759 0.245119 0.138405 0.164918 0.773405
0 0.385478 0.247817 0.138332 0.160519 0.835178
0 0.385149 0.247507 0.144009 0.163512 0.820337
0 0.386303 0.247605 0.141101 0.163021 0.900003
0 0.380877 0.246089 0.134093 0.159082 0.735393
0 0.383376 0.245756 0.147229 0.173841 0.75185
0 0.383123 0.245611 0.142501 0.170518 0.79267
0 0.386577 0.251788 0.142152 0.164008 0.846032
0 0.384644 0.247645 0.138983 0.163205 0.817453
0 0.384307 0.25091 0.131152 0.156095 0.826799
0 0.386622 0.247672 0.142942 0.167098 0.88257
0 0.382365 0.247507 0.138022 0.158008 0.823934
0 0.383969 0.251762 0.141017 0.163079 0.914776
0 0.383161 0.249038 0.140602 0.163521 0.826979
0 0.385147 0.250258 0.135443 0.156656 0.761053
0 0.38597 0.247322 0.139313 0.160572 0.813675
0 0.386801 0.248694 0.143403 0.162375 0.864346
0 0.384133 0.251026 0.141026 0.163415 0.823963
0 0.386262 0.251843 0.144105 0.166363 0.865068
0 0.384484 0.251744 0.137899 0.159496 0.885414
0 0.388872 0.24795 0.144256 0.168383 0.839469
0 0.384025 0.248524 0.138743 0.159294 0.753478
0 0.385609 0.250791 0.142929 0.164863 0.860997
0 0.387196 0.250211 0.145773 0.164585 0.879793
0 0.385846 0.249707 0.140249 0.163414 0.771508
0 0.386088 0.25088 0.138634 0.159651 0.783512
0 0.385395 0.248741 0.142816 0.163926 0.904977
0 0.384715 0.247852 0.142827 0.165387 0.781975
0 0.384396 0.249654 0.14096 0.163326 0.879799
0 0.386052 0.251559 0.137709 0.160193 0.884436
0 0.386098 0.249316 0.139757 0.162218 0.895061
0 0.386893 0.249139 0.144544 0.163835 0.885979
0 0.381153 0.251578 0.135813 0.158314 0.824558
0 0.384229 0.250699 0.138423 0.159079 0.861459
0 0.382967 0.247997 0.143579 0.167496 0.824852
0 0.385709 0.248143 0.142014 0.163882 0.79822
0 0.38393 0.248854 0.139231 0.161575 0.841686
0 0.384624 0.249025 0.140144 0.161782 0.860195
0 0.384983 0.248583 0.141429 0.163491 0.848463
0 0.385553 0.251547 0.135876 0.157197 0.841004
0 0.385969 0.249885 0.137449 0.159249 0.837692
0 0.38714 0.248375 0.142285 0.166233 0.816954
0 0.387673 0.251083 0.13871 0.160681 0.827678
0 0.384739 0.250093 0.140351 0.163108 0.870527
0 0.386203 0.248754 0.140089 0.160295 0.820332
0 0.386233 0.248262 0.140492 0.161771 0.87746
0 0.386464 0.250842 0.138655 0.161638 0.880782
0 0.387112 0.250305 0.140764 0.162012 0.86462
0 0.38371 0.249271 0.138634 0.159808 0.824793
0 0.386492 0.24991 0.138731 0.161336 0.893966
0 0.385175 0.250262 0.13979 0.161555 0.86781
0 0.383933 0.250792 0.139245 0.161877 0.876425
0 0.385186 0.25003 0.139499 0.160571 0.891638
0 0.385376 0.250531 0.140244 0.160882 0.890322
0 0.384054 0.250523 0.140488 0.161847 0.920387
0 0.38474 0.251272 0.141527 0.162689 0.882477
0 0.384704 0.249298 0.143939 0.165992 0.91322
0 0.384445 0.251199 0.137371 0.157408 0.846063
0 0.386215 0.250926 0.138584 0.160649 0.900184
0 0.384358 0.250331 0.137477 0.158976 0.893674
0 0.384794 0.249588 0.139367 0.159526 0.893925
0 0.384135 0.249173 0.138848 0.160137 0.889315
0 0.385458 0.247758 0.137221 0.159468 0.885339
0 0.384256 0.246623 0.136524 0.158315 0.79419
0 0.385502 0.249783 0.139262 0.160748 0.90179
0 0.38405 0.248176 0.139389 0.160677 0.832916
0 0.385214 0.249104 0.136449 0.158991 0.875702
0 0.383848 0.247729 0.140218 0.16271 0.85036
0 0.385235 0.249997 0.138391 0.159853 0.878095
0 0.38524 0.249916 0.139496 0.160912 0.867809
0 0.384423 0.248971 0.139476 0.160182 0.886146
0 0.38394 0.250646 0.139877 0.161115 0.875331
0 0.383832 0.248601 0.140418 0.161757 0.87992
0 0.384246 0.247169 0.139857 0.163068 0.84022
0 0.38386 0.249385 0.140542 0.161792 0.855367
0 0.382872 0.250448 0.139602 0.160829 0.867434
0 0.384056 0.248841 0.140455 0.161906 0.861038
0 0.384264 0.249233 0.138054 0.159301 0.861943
0 0.384151 0.248465 0.138231 0.160169 0.826797
0 0.383815 0.250087 0.138546 0.159581 0.86906
0 0.383886 0.250125 0.138455 0.159646 0.849444
0 0.384505 0.250156 0.138424 0.1594 0.875909
0 0.38332 0.249116 0.13738 0.158819 0.841972
0 0.384247 0.249108 0.138377 0.160307 0.853915
0 0.384498 0.250155 0.138423 0.15941 0.875479
