0 0.479419 0.197951 0.186277 0.218923 0.780361
0 0.492445 0.206051 0.231429 0.295909 0.737571
0 0.484779 0.194131 0.197296 0.232129 0.995459
0 0.491259 0.170363 0.153835 0.203966 0.823644
0 0.487133 0.193301 0.244521 0.283501 0.676287
0 0.496588 0.19582 0.198064 0.231462 0.747142
0 0.479826 0.199742 0.244251 0.276959 0.655152
0 0.495703 0.200424 0.237913 0.290595 0.779229
0 0.489469 0.198449 0.245159 0.304228 0.793344
0 0.489101 0.200378 0.242537 0.282876 0.790868
0 0.484832 0.20141 0.233546 0.278189 0.812881
0 0.487011 0.201878 0.223844 0.263433 0.79639
0 0.484899 0.198885 0.225662 0.270839 0.789928
0 0.487105 0.198051 0.234505 0.277803 0.798636
0 0.481162 0.19809 0.228817 0.269529 0.76002
0 0.481988 0.193492 0.249022 0.29211 0.788284
0 0.485869 0.201142 0.239699 0.278423 0.746091
0 0.490121 0.19881 0.234746 0.277455 0.836259
0 0.48632 0.198706 0.235954 0.268995 0.909456
0 0.484932 0.195969 0.232766 0.270198 0.805301
0 0.490238 0.1918 0.24192 0.284316 0.885702
0 0.483319 0.199182 0.247899 0.292468 0.786117
0 0.486211 0.196299 0.247635 0.284114 0.736054
0 0.487725 0.195176 0.246147 0.28475 0.853286
0 0.484472 0.196714 0.231801 0.267397 0.837927
0 0.487386 0.198503 0.239101 0.284115 0.893573
0 0.483005 0.195935 0.240629 0.265253 0.829097
0 0.484907 0.194466 0.24175 0.283149 0.915958
0 0.482208 0.194244 0.24804 0.278214 0.917022
0 0.48143 0.199943 0.240665 0.280361 0.868785
0 0.486165 0.193985 0.239535 0.283405 0.855952
0 0.491222 0.19823 0.235388 0.268541 0.80278
0 0.484719 0.18912 0.248929 0.290844 0.839115
0 0.485 0.191559 0.241783 0.280694 0.910343
0 0.485645 0.195417 0.241964 0.280037 0.848422
0 0.486292 0.198943 0.23497 0.274073 0.875103
0 0.485067 0.197017 0.243441 0.279867 0.851745
0 0.489084 0.193671 0.242047 0.286287 0.837066
0 0.486741 0.188128 0.245479 0.283955 0.838947
0 0.486075 0.195964 0.234532 0.269983 0.898838
0 0.490983 0.192256 0.23434 0.275814 0.901979
0 0.485942 0.193199 0.242916 0.279395 0.870326
0 0.487836 0.19749 0.235855 0.276434 0.82707
0 0.484585 0.191385 0.236323 0.274246 0.941724
0 0.483142 0.195332 0.233196 0.273865 0.895288
0 0.485724 0.191785 0.241677 0.280477 0.898923
0 0.487588 0.194035 0.236461 0.276454 0.905151
0 0.487539 0.190964 0.237481 0.273058 0.855994
0 0.486627 0.193806 0.237389 0.276143 0.885535
0 0.488481 0.198673 0.239361 0.27523 0.870033
0 0.488156 0.199937 0.239578 0.278921 0.852523
0 0.488417 0.196856 0.240323 0.277248 0.871952
0 0.490202 0.191944 0.239495 0.278977 0.829654
0 0.486217 0.193173 0.237605 0.276506 0.887449
0 0.485246 0.195741 0.243556 0.274662 0.896457
0 0.489887 0.193807 0.240022 0.275947 0.89239
0 0.491517 0.197517 0.23889 0.276603 0.877794
0 0.489339 0.19135 0.241039 0.27673 0.90026
0 0.493655 0.189438 0.246192 0.287267 0.884374
0 0.488693 0.191781 0.229868 0.274575 0.878908
0 0.488739 0.194025 0.237678 0.275389 0.902461
0 0.489293 0.190345 0.240892 0.281982 0.842924
0 0.487395 0.187991 0.246216 0.285519 0.867672
0 0.486667 0.193088 0.241131 0.282695 0.869936
0 0.486401 0.193003 0.241223 0.281342 0.887679
0 0.484857 0.190542 0.244977 0.283539 0.872489
0 0.486298 0.191542 0.242872 0.284084 0.903608
0 0.487428 0.191424 0.240491 0.280034 0.90433
0 0.487641 0.192031 0.237726 0.279274 0.89715
0 0.49035 0.191591 0.235575 0.275057 0.901125
0 0.487054 0.191292 0.238583 0.281002 0.873576
0 0.490839 0.194084 0.235408 0.276158 0.898534
0 0.490555 0.194578 0.238797 0.279877 0.894468
0 0.489644 0.189079 0.240927 0.282712 0.918072
0 0.487167 0.192923 0.238172 0.277842 0.907557
0 0.486895 0.193463 0.240293 0.281233 0.891892
0 0.485412 0.19206 0.24074 0.278914 0.884135
0 0.489805 0.191719 0.240744 0.282111 0.932734
0 0.489653 0.19125 0.237985 0.280169 0.921635
0 0.486002 0.188534 0.244265 0.284424 0.897617
0 0.48879 0.191055 0.242188 0.280991 0.904134
0 0.488264 0.1914 0.237797 0.277852 0.894118
0 0.487006 0.192225 0.238283 0.276487 0.885434
0 0.48757 0.192404 0.240868 0.280771 0.893034
0 0.48799 0.191849 0.235916 0.278296 0.891105
0 0.488491 0.191844 0.236439 0.277335 0.88024
0 0.487871 0.191871 0.236906 0.27715 0.8882
0 0.486351 0.191046 0.236468 0.27768 0.90608
0 0.48721 0.192487 0.236967 0.27768 0.908024
0 0.486967 0.191751 0.242255 0.280839 0.909295
0 0.487176 0.192441 0.239325 0.279811 0.898087
0 0.487652 0.192084 0.237568 0.277364 0.92097
0 0.487471 0.193095 0.236443 0.276286 0.908912
0 0.488429 0.191718 0.237918 0.277911 0.910699
0 0.487755 0.192461 0.237235 0.277084 0.907882
0 0.488904 0.190634 0.238595 0.280303 0.886287
0 0.488111 0.193083 0.23637 0.275609 0.909762
0 0.488148 0.19208 0.238557 0.278522 0.899515
0 0.488447 0.191968 0.237772 0.278023 0.90838
0 0.488493 0.192258 0.236412 0.277045 0.899301
0 0.488442 0.191905 0.237537 0.278333 0.903161
0 0.488447 0.19197 0.237775 0.278004 0.908296
