0 0.242501 0.394072 0.215543 0.244907 0.902852
0 0.281017 0.40316 0.237882 0.276666 0.657551
0 0.297717 0.399027 0.338444 0.347246 0.666729
0 0.305555 0.408368 0.291077 0.348697 0.79188
0 0.299859 0.410756 0.275303 0.319131 0.643575
0 0.303003 0.41214 0.278899 0.330771 0.679647
0 0.309759 0.404936 0.287463 0.331588 0.805821
0 0.309147 0.412109 0.284927 0.323346 0.8581
0 0.309072 0.414698 0.284635 0.321457 0.647707
0 0.315284 0.412556 0.283843 0.32425 0.827529
0 0.322713 0.412981 0.286766 0.327313 0.910737
0 0.303658 0.416209 0.281573 0.32661 0.812343
0 0.308188 0.414048 0.263573 0.307547 0.865366
0 0.312694 0.411144 0.283817 0.331577 0.905433
0 0.305044 0.404599 0.299468 0.345742 0.784265
0 0.306108 0.414317 0.290193 0.345829 0.833434
0 0.305107 0.415223 0.282564 0.324373 0.853151
0 0.313622 0.416876 0.272421 0.311263 0.897261
0 0.309808 0.420572 0.275983 0.326029 0.908289
0 0.313978 0.409038 0.287665 0.325255 0.886173
0 0.312596 0.412196 0.28419 0.3302 0.940472
0 0.312602 0.414645 0.292293 0.332546 0.883239
0 0.313044 0.413961 0.287087 0.340196 0.913355
0 0.307614 0.417344 0.278978 0.322357 0.796162
0 0.315524 0.416093 0.283145 0.31466 0.847827
0 0.312397 0.411896 0.294881 0.340848 0.862246
0 0.31004 0.415553 0.296855 0.336772 0.921664
0 0.312489 0.415172 0.28499 0.327007 0.844866
0 0.310864 0.421653 0.28816 0.326011 0.912478
0 0.310275 0.418391 0.283487 0.320252 0.834903
0 0.314873 0.419697 0.289867 0.328921 0.859388
0 0.309571 0.403692 0.29355 0.335448 0.856404
0 0.312 0.418515 0.284602 0.323785 0.885152
0 0.318517 0.41988 0.289627 0.33294 0.916179
0 0.314256 0.415565 0.289015 0.335445 0.863221
0 0.316125 0.419683 0.289276 0.331816 0.885798
0 0.30663 0.411113 0.282949 0.336905 0.940999
0 0.308919 0.417239 0.292914 0.334231 0.936343
0 0.309906 0.420135 0.288723 0.3276 0.91664
0 0.312711 0.422133 0.292653 0.327869 0.92149
0 0.311486 0.4171 0.288487 0.326929 0.881662
0 0.30974 0.416589 0.276886 0.315597 0.919288
0 0.304919 0.41487 0.287988 0.333032 0.875207
0 0.313085 0.424922 0.294208 0.326893 0.913911
0 0.312201 0.420903 0.287405 0.325505 0.926187
0 0.312846 0.41547 0.288777 0.325414 0.877117
0 0.312293 0.42097 0.284458 0.32316 0.93422
0 0.309416 0.417678 0.292946 0.331237 0.941
0 0.310608 0.417903 0.288121 0.330892 0.913515
0 0.312354 0.420645 0.284722 0.32511 0.894296
0 0.306973 0.418793 0.285638 0.326821 0.866531
0 0.310029 0.417931 0.288122 0.328269 0.901696
0 0.31163 0.419528 0.285462 0.330049 0.865882
0 0.311001 0.423321 0.284276 0.32541 0.928048
0 0.311106 0.419462 0.294771 0.338181 0.817088
0 0.310795 0.415078 0.292471 0.336836 0.890761
0 0.309287 0.423478 0.295466 0.337369 0.931834
0 0.308815 0.42211 0.287387 0.329126 0.907463
0 0.308159 0.42025 0.28419 0.327318 0.877389
0 0.307516 0.418284 0.293838 0.339543 0.88105
0 0.311009 0.422181 0.283801 0.324863 0.911413
0 0.313345 0.419393 0.287365 0.329931 0.893235
0 0.312361 0.417925 0.291309 0.32994 0.89302
0 0.306684 0.425112 0.292039 0.33661 0.857735
0 0.308436 0.4206 0.292458 0.332509 0.900997
0 0.31067 0.420192 0.294232 0.333965 0.892084
0 0.315549 0.420728 0.301009 0.34175 0.90846
0 0.310902 0.42248 0.29514 0.337512 0.899605
0 0.308653 0.42285 0.295578 0.334217 0.887915
0 0.311751 0.423217 0.28605 0.325486 0.907435
0 0.312636 0.419198 0.287694 0.329859 0.924965
0 0.312519 0.420142 0.287902 0.329407 0.89858
0 0.311589 0.416889 0.294345 0.338165 0.875754
0 0.310352 0.417443 0.297973 0.341737 0.874152
0 0.312316 0.419805 0.286505 0.333928 0.90412
0 0.307699 0.420572 0.292569 0.331881 0.874113
0 0.308756 0.419714 0.287379 0.332705 0.884911
0 0.309554 0.416556 0.28787 0.332933 0.888232
0 0.311754 0.421208 0.290466 0.335551 0.897386
0 0.310332 0.420318 0.287454 0.329452 0.887483
0 0.310281 0.41897 0.292319 0.333669 0.890687
0 0.31173 0.422682 0.294709 0.332218 0.904142
0 0.306134 0.41803 0.291806 0.33596 0.909072
0 0.311053 0.424062 0.289359 0.336952 0.903358
0 0.310435 0.419038 0.288829 0.328604 0.940451
0 0.311417 0.423308 0.292123 0.333223 0.933749
0 0.310804 0.421812 0.293695 0.334046 0.932022
0 0.31008 0.422334 0.290005 0.335191 0.926193
0 0.311274 0.42049 0.293432 0.336828 0.914268
0 0.312237 0.423344 0.289427 0.331981 0.925751
0 0.309204 0.4215 0.290248 0.332112 0.919724
0 0.309513 0.420798 0.28953 0.331554 0.928468
0 0.309756 0.420266 0.288413 0.331465 0.928968
0 0.311065 0.420278 0.288884 0.332469 0.926155
0 0.309509 0.420787 0.28952 0.331523 0.928319
