0 0.496154 0.261889 0.186933 0.193679 0.940591
0 0.356428 0.324869 0.205683 0.216933 0.749963
0 0.502578 0.548964 0.411214 0.436114 0.671107
0 0.498372 0.269157 0.176551 0.198199 0.818839
0 0.491293 0.266224 0.205925 0.242949 0.758278
0 0.489616 0.275465 0.187457 0.230819 0.708105
0 0.498819 0.26327 0.192751 0.232668 0.727579
0 0.495305 0.272945 0.188833 0.236784 0.739358
0 0.484826 0.261481 0.208408 0.247188 0.662705
0 0.492089 0.26254 0.194304 0.232995 0.751279
0 0.487053 0.264785 0.210901 0.246893 0.673149
0 0.499473 0.26036 0.189408 0.2287 0.648126
0 0.496299 0.255434 0.204589 0.237318 0.655436
0 0.506124 0.262222 0.194567 0.228406 0.713235
0 0.499289 0.264277 0.193127 0.22547 0.677253
0 0.503508 0.261492 0.187709 0.236148 0.79593
0 0.492426 0.262398 0.195698 0.238689 0.687772
0 0.504073 0.262204 0.203226 0.239292 0.792924
0 0.49622 0.26566 0.195995 0.242058 0.778539
0 0.498896 0.257812 0.203778 0.248553 0.697558
0 0.505996 0.25888 0.203152 0.241465 0.784976
0 0.501687 0.264833 0.197919 0.234953 0.802796
0 0.506149 0.263259 0.20898 0.250223 0.790566
0 0.498809 0.257884 0.202302 0.235871 0.752202
0 0.502194 0.260471 0.20468 0.244051 0.85535
0 0.497379 0.260968 0.21472 0.251293 0.842202
0 0.502505 0.260813 0.205104 0.23886 0.834202
0 0.498452 0.261613 0.201017 0.245021 0.772734
0 0.504316 0.260329 0.201515 0.239157 0.710132
0 0.495736 0.257274 0.204574 0.242267 0.759912
0 0.497301 0.257302 0.203031 0.24569 0.811397
0 0.502568 0.258621 0.203722 0.240796 0.758631
0 0.498247 0.261435 0.199128 0.242871 0.782422
0 0.503034 0.263015 0.20812 0.246119 0.787146
0 0.50232 0.258947 0.209649 0.246447 0.727835
0 0.505055 0.256352 0.205447 0.236774 0.707436
0 0.498891 0.258936 0.204607 0.246901 0.77039
0 0.505124 0.257558 0.206283 0.248282 0.801639
0 0.502939 0.259681 0.204392 0.236492 0.782522
0 0.504324 0.261004 0.206059 0.246337 0.767154
0 0.50196 0.259592 0.205343 0.244846 0.822739
0 0.502034 0.259744 0.207022 0.246158 0.784333
0 0.502492 0.259627 0.206315 0.243441 0.803377
0 0.504723 0.258794 0.20054 0.238488 0.823615
0 0.501061 0.257195 0.199304 0.22956 0.791183
0 0.501991 0.254734 0.209067 0.247335 0.783954
0 0.501531 0.262375 0.200243 0.238626 0.818596
0 0.504308 0.259816 0.204782 0.240267 0.825974
0 0.498023 0.26026 0.201063 0.239434 0.810245
0 0.50029 0.264477 0.198043 0.232591 0.790759
0 0.500282 0.257758 0.199489 0.241765 0.803463
0 0.499113 0.259374 0.204838 0.239584 0.836101
0 0.499503 0.257069 0.204141 0.239085 0.831641
0 0.499578 0.260619 0.202004 0.240057 0.793001
0 0.497889 0.256481 0.210717 0.24402 0.759201
0 0.500253 0.251813 0.223842 0.263657 0.752715
0 0.496242 0.259359 0.200835 0.241364 0.757556
0 0.500571 0.261397 0.20488 0.241027 0.827038
0 0.501112 0.256455 0.210497 0.24751 0.73619
0 0.503315 0.254377 0.207374 0.242954 0.787476
0 0.497473 0.261839 0.205358 0.243509 0.781809
0 0.502584 0.257454 0.204615 0.240099 0.775601
0 0.502533 0.257345 0.201853 0.237472 0.754841
0 0.497798 0.260159 0.200616 0.23623 0.80932
0 0.497254 0.256872 0.205702 0.240958 0.796414
0 0.501912 0.259819 0.201368 0.238368 0.815881
0 0.500511 0.261684 0.196326 0.229915 0.796352
0 0.503696 0.260183 0.199614 0.239208 0.774639
0 0.506801 0.260703 0.201397 0.235934 0.823097
0 0.502347 0.261623 0.203336 0.238473 0.79543
0 0.500943 0.25546 0.207593 0.24237 0.83589
0 0.499672 0.258476 0.208572 0.244666 0.796032
0 0.500404 0.258271 0.204169 0.242236 0.784624
0 0.503576 0.256243 0.204126 0.237858 0.774749
0 0.5027 0.25598 0.206182 0.240527 0.825457
0 0.500484 0.255899 0.204788 0.24298 0.805905
0 0.498726 0.253831 0.205742 0.238092 0.790355
0 0.496521 0.254162 0.201949 0.23532 0.795064
0 0.496898 0.256 0.205659 0.239808 0.793953
0 0.499332 0.255341 0.203302 0.235886 0.788659
0 0.498669 0.256601 0.203182 0.237996 0.811327
0 0.502019 0.256821 0.203738 0.236758 0.800883
0 0.500908 0.256704 0.202391 0.235873 0.783138
0 0.502103 0.256258 0.202287 0.235144 0.78401
0 0.498109 0.254766 0.202105 0.236309 0.811643
0 0.502292 0.255305 0.202506 0.235097 0.799641
0 0.499872 0.256854 0.201379 0.235987 0.810852
0 0.500055 0.256808 0.199416 0.233745 0.782861
0 0.49902 0.256966 0.203382 0.240389 0.801744
0 0.498163 0.258607 0.200219 0.237112 0.7925
0 0.500755 0.256951 0.199171 0.234006 0.811157
0 0.500451 0.256612 0.200803 0.235629 0.83105
0 0.500938 0.25628 0.201326 0.235862 0.790452
0 0.499005 0.257711 0.201342 0.236878 0.815827
0 0.50001 0.257242 0.200772 0.235691 0.811187
0 0.500666 0.257224 0.201743 0.236605 0.829709
0 0.500114 0.257767 0.200615 0.235363 0.810358
0 0.500258 0.257388 0.201508 0.236535 0.81658
0 0.500672 0.257207 0.201742 0.236614 0.82935
