0 0.444597 0.267366 0.241712 0.290487 0.771441
0 0.456304 0.248002 0.39596 0.419638 0.748247
0 0.395686 0.250229 0.198242 0.218537 0.777779
0 0.47468 0.253886 0.255486 0.284858 0.68632
0 0.50065 0.251618 0.210516 0.235569 0.640922
0 0.476335 0.256389 0.253236 0.267624 0.777083
0 0.454123 0.249515 0.343634 0.306211 0.622152
0 0.472654 0.259477 0.243395 0.269698 0.720378
0 0.458574 0.268256 0.2322 0.276895 0.782115
0 0.462824 0.258604 0.24421 0.266216 0.788124
0 0.467319 0.264617 0.24362 0.283469 0.806488
0 0.452793 0.267185 0.236189 0.269939 0.795887
0 0.453204 0.263536 0.242522 0.281154 0.835004
0 0.458737 0.258347 0.234267 0.271281 0.898361
0 0.464773 0.261241 0.238732 0.275398 0.85321
0 0.450525 0.263473 0.254852 0.281779 0.842968
0 0.464519 0.261673 0.238626 0.27585 0.826476
0 0.459661 0.262876 0.243783 0.278579 0.827407
0 0.455344 0.261534 0.239904 0.273067 0.872579
0 0.457837 0.264824 0.232309 0.275616 0.854876
0 0.459906 0.259863 0.24732 0.288348 0.916359
0 0.453023 0.263921 0.248733 0.288951 0.83799
0 0.448621 0.266218 0.242587 0.285768 0.805948
0 0.456611 0.263493 0.244093 0.281952 0.87586
0 0.462383 0.262289 0.231437 0.267368 0.912527
0 0.455028 0.267319 0.235166 0.280571 0.916047
0 0.44798 0.261254 0.254746 0.277706 0.841628
0 0.459541 0.259956 0.231567 0.272021 0.951292
0 0.451352 0.268897 0.252296 0.284167 0.88471
0 0.449527 0.271044 0.238589 0.284893 0.874448
0 0.452784 0.264876 0.233741 0.275654 0.870741
0 0.455992 0.267535 0.234084 0.269693 0.880757
0 0.451774 0.259819 0.249816 0.288159 0.82944
0 0.453702 0.263988 0.250186 0.287663 0.905748
0 0.454378 0.266057 0.253747 0.291376 0.857544
0 0.458398 0.268508 0.234683 0.271756 0.912009
0 0.453351 0.269165 0.239122 0.277894 0.868515
0 0.458919 0.263878 0.236922 0.275834 0.823592
0 0.456638 0.260735 0.241126 0.280473 0.778252
0 0.455454 0.263387 0.238533 0.271555 0.897406
0 0.463788 0.2641 0.232111 0.27342 0.897833
0 0.456626 0.261007 0.247035 0.285695 0.817369
0 0.46265 0.265013 0.239699 0.277564 0.841179
0 0.459227 0.261433 0.236615 0.276478 0.934234
0 0.455669 0.266052 0.244366 0.284691 0.87995
0 0.460519 0.267256 0.23354 0.27138 0.876407
0 0.460997 0.265464 0.238739 0.279099 0.885737
0 0.459719 0.260035 0.233902 0.26922 0.852963
0 0.461812 0.266502 0.231583 0.269641 0.923222
0 0.456204 0.268148 0.237902 0.274036 0.874978
0 0.462994 0.271734 0.236686 0.272523 0.878069
0 0.460124 0.264054 0.238838 0.27416 0.91531
0 0.462518 0.26285 0.242588 0.282427 0.883417
0 0.457722 0.263215 0.238188 0.277848 0.904115
0 0.45827 0.261687 0.245966 0.280728 0.919689
0 0.462224 0.261862 0.241248 0.27722 0.901924
0 0.459127 0.271694 0.234142 0.272317 0.884426
0 0.456617 0.260841 0.244235 0.281089 0.865732
0 0.460771 0.262636 0.242276 0.284829 0.886911
0 0.464547 0.264787 0.236274 0.273328 0.866082
0 0.462176 0.265446 0.234195 0.27106 0.904671
0 0.463668 0.262918 0.235372 0.275849 0.847617
0 0.460614 0.260484 0.240324 0.283281 0.859068
0 0.456191 0.267676 0.23637 0.275106 0.879323
0 0.460218 0.26678 0.235778 0.274731 0.905241
0 0.461753 0.265082 0.243379 0.280294 0.864509
0 0.460953 0.267173 0.24446 0.283456 0.894437
0 0.460928 0.266078 0.239301 0.276149 0.895503
0 0.463436 0.266285 0.2324 0.26985 0.88546
0 0.464655 0.266551 0.235032 0.271535 0.878267
0 0.461017 0.269119 0.235788 0.275656 0.885149
0 0.45921 0.264531 0.23653 0.275694 0.908389
0 0.461823 0.266374 0.2366 0.275329 0.877742
0 0.461654 0.264824 0.242326 0.28476 0.900079
0 0.460384 0.265675 0.241261 0.282979 0.898149
0 0.460916 0.266224 0.24059 0.280943 0.871367
0 0.463242 0.266605 0.236868 0.2751 0.875891
0 0.46171 0.266336 0.240224 0.277599 0.916655
0 0.466538 0.263851 0.238217 0.278499 0.902475
0 0.462534 0.263699 0.241173 0.27849 0.883354
0 0.462387 0.264257 0.245309 0.283464 0.871728
0 0.463549 0.26544 0.241107 0.282737 0.896588
0 0.460051 0.266554 0.237027 0.274283 0.870791
0 0.460009 0.265603 0.24079 0.281017 0.877391
0 0.459571 0.262442 0.241774 0.282767 0.882881
0 0.46086 0.266105 0.240458 0.279573 0.893624
0 0.461223 0.265079 0.237433 0.276068 0.890182
0 0.460908 0.264271 0.237587 0.277094 0.900558
0 0.461657 0.268226 0.238764 0.277684 0.906685
0 0.460535 0.26468 0.240753 0.281251 0.899257
0 0.461515 0.267709 0.239581 0.278759 0.908538
0 0.460336 0.264408 0.237576 0.277194 0.932726
0 0.4608 0.266357 0.236618 0.276506 0.922693
0 0.461078 0.265567 0.238413 0.276759 0.920677
0 0.460521 0.264135 0.239485 0.279163 0.923449
0 0.460512 0.263183 0.240506 0.279658 0.900305
0 0.461995 0.265007 0.238682 0.277206 0.916892
0 0.458939 0.264429 0.241124 0.279925 0.906369
0 0.459451 0.263808 0.239607 0.278612 0.913094
0 0.459603 0.263931 0.238793 0.278393 0.911042
0 0.460966 0.263664 0.239848 0.279907 0.915285
0 0.459454 0.2638 0.239594 0.278604 0.912919
