0 0.554395 0.462548 0.838147 0.83532 0.616125
0 0.568488 0.434245 0.81953 0.79951 0.602126
0 0.503882 0.467619 0.8165 0.868137 0.682244
0 0.490895 0.4126 0.849744 0.8252 0.648159
0 0.46127 0.380432 0.709124 0.748137 0.608197
0 0.529355 0.413537 0.811379 0.749322 0.660508
0 0.479472 0.44253 0.771651 0.810182 0.611831
0 0.486863 0.436061 0.797537 0.809723 0.709133
0 0.505254 0.454092 0.83612 0.825731 0.672889
0 0.485789 0.433786 0.789301 0.792225 0.698178
0 0.517958 0.409516 0.799966 0.757317 0.642838
0 0.496957 0.423354 0.7701 0.771611 0.648241
0 0.464787 0.3738 0.676444 0.699501 0.602286
0 0.474662 0.357473 0.670333 0.714946 0.662887
0 0.534042 0.414967 0.826381 0.760658 0.652627
0 0.521367 0.421414 0.798215 0.803831 0.68989
0 0.5068 0.423156 0.820809 0.750573 0.642817
0 0.503278 0.424366 0.813026 0.785553 0.706775
0 0.517072 0.425397 0.819327 0.756959 0.60789
0 0.50831 0.428401 0.838793 0.826836 0.693402
0 0.517489 0.444773 0.818485 0.782734 0.709262
0 0.521562 0.430973 0.817687 0.790142 0.732928
0 0.505934 0.432052 0.819292 0.803813 0.736603
0 0.523068 0.431929 0.824204 0.804093 0.746861
0 0.478615 0.359242 0.672625 0.718485 0.656805
0 0.507776 0.432145 0.804437 0.77924 0.710658
0 0.469314 0.352373 0.61944 0.699087 0.64902
0 0.519315 0.434478 0.791986 0.790779 0.716572
0 0.473612 0.361098 0.668543 0.722195 0.66451
0 0.507637 0.414895 0.812504 0.754134 0.71573
0 0.507756 0.4076 0.781308 0.75444 0.744067
0 0.511538 0.417526 0.792599 0.765995 0.74768
0 0.510174 0.421472 0.775272 0.788341 0.712273
0 0.516001 0.412992 0.814988 0.771117 0.710827
0 0.50454 0.417004 0.805695 0.792809 0.734967
0 0.507063 0.41005 0.785714 0.76943 0.74241
0 0.503144 0.403265 0.797521 0.769048 0.741274
0 0.499994 0.414911 0.789547 0.767602 0.735683
0 0.503997 0.410531 0.776548 0.762679 0.726907
0 0.503108 0.403249 0.797449 0.769046 0.741511
