0 0.479476 0.262251 0.22806 0.272311 0.769747
0 0.511874 0.23784 0.249636 0.2716 0.614418
0 0.523561 0.238755 0.225951 0.259703 0.682754
0 0.497168 0.23189 0.226493 0.225994 0.69783
0 0.51115 0.233048 0.206272 0.228558 0.805967
0 0.523462 0.234923 0.209978 0.222669 0.740524
0 0.513316 0.227732 0.240169 0.248012 0.685021
0 0.519157 0.228377 0.214358 0.227642 0.687196
0 0.526545 0.22872 0.216665 0.24651 0.766833
0 0.512738 0.238336 0.23374 0.261796 0.749563
0 0.511399 0.234062 0.203193 0.230012 0.744745
0 0.515813 0.236436 0.216949 0.242035 0.767084
0 0.519222 0.237602 0.221779 0.253744 0.728302
0 0.516397 0.227905 0.226264 0.262251 0.724342
0 0.51286 0.229241 0.221955 0.254082 0.694546
0 0.522875 0.230253 0.213031 0.239951 0.846303
0 0.521265 0.236601 0.222612 0.267465 0.812709
0 0.508786 0.23259 0.222257 0.244387 0.741524
0 0.522538 0.223534 0.219868 0.258154 0.890278
0 0.512525 0.230029 0.247468 0.274327 0.820605
0 0.511766 0.232018 0.228021 0.245823 0.838168
0 0.514364 0.226613 0.226528 0.258177 0.805053
0 0.520143 0.237224 0.213239 0.2352 0.739687
0 0.509553 0.221395 0.247143 0.27364 0.786902
0 0.514175 0.229157 0.219623 0.249702 0.827446
0 0.511134 0.234665 0.236418 0.268286 0.785137
0 0.518344 0.237873 0.219833 0.252777 0.833159
0 0.516469 0.228531 0.225939 0.252391 0.836281
0 0.530709 0.224625 0.235893 0.270015 0.748983
0 0.527791 0.221454 0.226279 0.256303 0.719912
0 0.527863 0.223732 0.222206 0.257264 0.814134
0 0.52894 0.22505 0.216981 0.253599 0.831999
0 0.520459 0.22396 0.227183 0.255088 0.792829
0 0.52393 0.230075 0.219062 0.247799 0.790001
0 0.519813 0.23185 0.219866 0.248787 0.880853
0 0.517645 0.231605 0.216743 0.249281 0.809976
0 0.518135 0.230299 0.21879 0.251693 0.850105
0 0.524312 0.233599 0.216618 0.242729 0.861108
0 0.521949 0.22916 0.215893 0.237545 0.835464
0 0.5237 0.228775 0.211427 0.241939 0.852143
0 0.522321 0.231227 0.219443 0.250309 0.854997
0 0.521452 0.23375 0.231633 0.260698 0.828756
0 0.521508 0.230975 0.22637 0.255264 0.829572
0 0.523706 0.234503 0.215742 0.247958 0.800676
0 0.521879 0.228552 0.217751 0.25638 0.859285
0 0.526136 0.226873 0.227394 0.252819 0.87028
0 0.524351 0.227159 0.232941 0.260097 0.853979
0 0.521719 0.231478 0.2106 0.240902 0.813844
0 0.521687 0.225453 0.218871 0.251977 0.808698
0 0.525304 0.226532 0.214111 0.248982 0.829496
0 0.529019 0.229684 0.21912 0.249537 0.803804
0 0.525617 0.230801 0.217512 0.251694 0.853719
0 0.527146 0.22546 0.221733 0.252228 0.792557
0 0.524836 0.224825 0.227916 0.261057 0.854239
0 0.523831 0.231114 0.216839 0.250979 0.837591
0 0.52575 0.232541 0.220259 0.257006 0.840118
0 0.525334 0.227855 0.232121 0.265482 0.801707
0 0.522446 0.227061 0.22128 0.256087 0.843547
0 0.519933 0.230851 0.226996 0.258736 0.834748
0 0.527447 0.231918 0.215769 0.249956 0.848381
0 0.527409 0.226904 0.213466 0.24345 0.864099
0 0.525088 0.23171 0.22006 0.257528 0.827961
0 0.52637 0.229831 0.221232 0.253535 0.853328
0 0.525267 0.231401 0.218936 0.250032 0.847543
0 0.522879 0.226521 0.22488 0.256 0.86661
0 0.523022 0.227218 0.219915 0.254683 0.863899
0 0.524326 0.22597 0.22206 0.25982 0.834848
0 0.524025 0.226116 0.222146 0.252942 0.835052
0 0.523212 0.225554 0.221945 0.255177 0.871116
0 0.526056 0.224434 0.225195 0.258493 0.868953
0 0.524211 0.22585 0.225125 0.254231 0.86218
0 0.527033 0.222645 0.220201 0.255472 0.84736
0 0.523065 0.227056 0.2239 0.253796 0.872025
0 0.523103 0.228745 0.223406 0.250634 0.835288
0 0.522713 0.22805 0.221319 0.253455 0.855789
0 0.523277 0.228187 0.224929 0.258773 0.846326
0 0.522759 0.228919 0.224492 0.256277 0.860517
0 0.524591 0.227879 0.222071 0.252819 0.843106
0 0.522358 0.225468 0.218418 0.249388 0.868654
0 0.523105 0.228868 0.223914 0.252487 0.855564
0 0.522702 0.228309 0.225878 0.257323 0.858597
0 0.523803 0.228307 0.222134 0.253902 0.842226
0 0.523967 0.227972 0.227411 0.259107 0.881244
0 0.524197 0.228692 0.222319 0.254047 0.87858
0 0.523898 0.227287 0.223898 0.254926 0.878663
0 0.523791 0.228449 0.223636 0.255809 0.888184
0 0.524486 0.22489 0.227911 0.260067 0.85844
0 0.525036 0.228662 0.226082 0.257843 0.884805
0 0.523016 0.226387 0.224864 0.25613 0.872488
0 0.523375 0.226621 0.225114 0.256379 0.883736
0 0.522875 0.227354 0.224319 0.2567 0.876617
0 0.523843 0.226845 0.225564 0.258027 0.880784
0 0.523376 0.226596 0.225091 0.256366 0.883474
