0 0.36609 0.403524 0.42825 0.458097 0.616222
0 0.395918 0.436461 0.417355 0.523357 0.653621
0 0.399584 0.408019 0.425686 0.419499 0.688237
0 0.415235 0.400963 0.44004 0.486289 0.766636
0 0.410725 0.402272 0.392558 0.437633 0.67186
0 0.397215 0.405877 0.383754 0.426107 0.714187
0 0.420183 0.407606 0.39795 0.440885 0.605497
0 0.419729 0.407931 0.38581 0.455127 0.724851
0 0.419878 0.404564 0.350208 0.411902 0.720497
0 0.421889 0.396628 0.374158 0.426594 0.645238
0 0.437141 0.4066 0.394486 0.440784 0.61369
0 0.4121 0.407151 0.366161 0.429084 0.734525
0 0.430312 0.41188 0.411174 0.467354 0.734258
0 0.414807 0.410535 0.382877 0.434711 0.617291
0 0.405996 0.396206 0.352499 0.40613 0.633754
0 0.428903 0.408596 0.397357 0.438629 0.74952
0 0.437912 0.416943 0.381697 0.443346 0.798755
0 0.420971 0.422406 0.415936 0.481993 0.629038
0 0.414605 0.398525 0.368902 0.423303 0.735097
0 0.436585 0.419285 0.369427 0.428184 0.671084
0 0.429086 0.402905 0.402978 0.439176 0.743317
0 0.414676 0.413564 0.357294 0.425386 0.694916
0 0.420099 0.408203 0.388365 0.450003 0.796589
0 0.42659 0.413036 0.402377 0.445116 0.612267
0 0.427955 0.406857 0.380487 0.450663 0.706424
0 0.422354 0.4025 0.364764 0.434539 0.716115
0 0.422697 0.411246 0.370393 0.425109 0.707778
0 0.429259 0.408272 0.375845 0.440091 0.743606
0 0.420612 0.412731 0.359206 0.42651 0.644219
0 0.431374 0.406722 0.400412 0.454755 0.728985
0 0.420825 0.412971 0.396582 0.462177 0.697235
0 0.423557 0.41474 0.370423 0.432867 0.809848
0 0.427564 0.412132 0.377901 0.425738 0.702563
0 0.424825 0.408155 0.407017 0.472179 0.821003
0 0.432901 0.411022 0.387132 0.44744 0.789892
0 0.417569 0.410416 0.352962 0.42856 0.723039
0 0.424885 0.418785 0.377373 0.440841 0.732077
0 0.422697 0.412948 0.367465 0.433555 0.717251
0 0.430164 0.410923 0.392149 0.460626 0.734331
0 0.426014 0.416981 0.3756 0.447235 0.694114
0 0.423424 0.412863 0.373701 0.441127 0.766905
0 0.423064 0.410089 0.414024 0.464779 0.754194
0 0.433297 0.409299 0.407428 0.482126 0.779826
0 0.422744 0.415052 0.385893 0.445458 0.800517
0 0.424039 0.408601 0.389791 0.459531 0.776063
0 0.437152 0.412068 0.383874 0.45252 0.777499
0 0.433262 0.414182 0.392344 0.454692 0.839849
0 0.422917 0.410775 0.391586 0.437338 0.773676
0 0.441959 0.409151 0.389384 0.454072 0.811198
0 0.425466 0.407639 0.392692 0.453003 0.78422
0 0.429284 0.410301 0.384017 0.449875 0.772528
0 0.438168 0.412304 0.381217 0.44578 0.78169
0 0.429586 0.407365 0.385438 0.443936 0.816618
0 0.427169 0.410264 0.39647 0.461708 0.803849
0 0.426247 0.406098 0.399161 0.458588 0.828948
0 0.431382 0.406646 0.399453 0.466265 0.780943
0 0.430245 0.402426 0.390382 0.44979 0.820123
0 0.426523 0.41307 0.382914 0.449024 0.786159
0 0.428157 0.411835 0.383774 0.448914 0.806289
0 0.427655 0.413557 0.380199 0.439993 0.797499
0 0.425643 0.413025 0.39383 0.449433 0.809051
0 0.429226 0.418519 0.381649 0.458756 0.777221
0 0.43289 0.41604 0.404983 0.46574 0.774632
0 0.425676 0.409093 0.383817 0.444208 0.815845
0 0.421543 0.40593 0.393994 0.462916 0.812037
0 0.430075 0.416509 0.393919 0.455481 0.822502
0 0.425053 0.415798 0.392774 0.462178 0.823033
0 0.425724 0.409636 0.398002 0.468637 0.799652
0 0.42706 0.409751 0.396398 0.456642 0.830521
0 0.426838 0.416855 0.394209 0.460342 0.825569
0 0.427035 0.411987 0.394642 0.470705 0.81909
0 0.42677 0.410584 0.403358 0.470003 0.823803
0 0.427246 0.412352 0.40686 0.47412 0.802897
0 0.424924 0.412069 0.397203 0.459822 0.830337
0 0.418819 0.417858 0.398253 0.461277 0.819914
0 0.427563 0.412351 0.387877 0.452065 0.826195
0 0.426319 0.412925 0.386358 0.45288 0.84937
0 0.422949 0.41772 0.399066 0.465216 0.827747
0 0.428243 0.409142 0.395028 0.455385 0.829667
0 0.428285 0.411437 0.393828 0.45674 0.836279
0 0.425384 0.411183 0.396409 0.462251 0.837261
0 0.424783 0.41241 0.39357 0.459083 0.841725
0 0.427926 0.40927 0.39615 0.460156 0.825998
0 0.425644 0.412157 0.398396 0.461171 0.844169
0 0.426429 0.412932 0.397811 0.463318 0.841226
0 0.424036 0.412721 0.397014 0.460427 0.847428
0 0.426555 0.412396 0.395978 0.459997 0.851575
0 0.424832 0.412203 0.395281 0.458207 0.843197
0 0.424023 0.412711 0.397037 0.460429 0.847632
