0 0.524392 0.316357 0.140019 0.160136 0.942924
0 0.515235 0.330292 0.164892 0.195382 0.662464
0 0.506753 0.311893 0.113702 0.139212 0.690102
0 0.510862 0.315115 0.118652 0.122967 0.644006
0 0.507572 0.309552 0.110272 0.126817 0.776656
0 0.50709 0.312927 0.116636 0.142884 0.817824
0 0.506016 0.314959 0.116217 0.137775 0.916616
0 0.507792 0.309845 0.111734 0.129574 0.752811
0 0.508165 0.307038 0.110793 0.133765 0.814605
0 0.510813 0.307628 0.112394 0.13332 0.704524
0 0.509104 0.308357 0.109927 0.129003 0.817731
0 0.506796 0.30983 0.11505 0.126963 0.790572
0 0.503483 0.309361 0.108467 0.118223 0.718761
0 0.506511 0.310705 0.120775 0.143816 0.790166
0 0.504648 0.30771 0.120919 0.139251 0.791049
0 0.505355 0.308703 0.107553 0.129831 0.870492
0 0.508611 0.307993 0.112607 0.13152 0.798804
0 0.506012 0.305514 0.112117 0.130192 0.822709
0 0.50948 0.310535 0.119631 0.141763 0.833292
0 0.507723 0.306733 0.109756 0.131382 0.795627
0 0.504364 0.307775 0.116914 0.135973 0.719994
0 0.50776 0.310462 0.116568 0.138248 0.816024
0 0.505525 0.308228 0.117541 0.137305 0.874784
0 0.505599 0.308924 0.113149 0.132987 0.849801
0 0.507051 0.310452 0.109709 0.130594 0.826755
0 0.506005 0.308077 0.117573 0.139013 0.81932
0 0.502581 0.30909 0.115602 0.134905 0.854598
0 0.502085 0.312712 0.12053 0.140572 0.809653
0 0.50514 0.308548 0.106458 0.12457 0.861529
0 0.505918 0.307874 0.112822 0.130682 0.748755
0 0.505823 0.30852 0.11392 0.132709 0.757923
0 0.507224 0.309115 0.117782 0.136834 0.821079
0 0.505526 0.307293 0.112794 0.133722 0.842684
0 0.504424 0.310927 0.121631 0.14092 0.826816
0 0.503751 0.31264 0.118833 0.137475 0.862555
0 0.504749 0.310665 0.117811 0.136897 0.797618
0 0.503633 0.310864 0.116803 0.137546 0.706033
0 0.50418 0.311334 0.114351 0.135577 0.817902
0 0.502752 0.311433 0.121422 0.138931 0.807638
0 0.503103 0.312108 0.118422 0.137457 0.715406
0 0.504783 0.308922 0.112852 0.132336 0.780629
0 0.504088 0.30839 0.112425 0.130364 0.787836
0 0.504753 0.3085 0.112588 0.133988 0.784557
0 0.503995 0.309146 0.116179 0.137535 0.82673
0 0.504227 0.311497 0.1162 0.136758 0.824181
0 0.50515 0.309773 0.114159 0.136293 0.848262
0 0.504295 0.30892 0.115041 0.132958 0.832436
0 0.503412 0.310708 0.109602 0.131706 0.833856
0 0.503153 0.309057 0.113853 0.133378 0.841453
0 0.504135 0.311715 0.112647 0.134886 0.800173
0 0.506115 0.308934 0.115552 0.136833 0.795189
0 0.503389 0.310808 0.11754 0.137657 0.836072
0 0.505313 0.308803 0.117675 0.137647 0.836355
0 0.504781 0.309379 0.117437 0.137518 0.82424
0 0.50427 0.310852 0.118108 0.139285 0.839336
0 0.503826 0.310667 0.118026 0.137748 0.791483
0 0.504527 0.310336 0.119753 0.141466 0.778724
0 0.504602 0.31266 0.118963 0.139586 0.8138
0 0.505033 0.309366 0.118347 0.140309 0.810013
0 0.504127 0.310713 0.122081 0.141859 0.750272
0 0.506824 0.31028 0.115287 0.136846 0.849889
0 0.504948 0.311684 0.116233 0.137773 0.845917
0 0.50561 0.311972 0.12061 0.140438 0.81961
0 0.504524 0.30964 0.114609 0.135041 0.778382
0 0.504456 0.311346 0.118209 0.13814 0.867705
0 0.504174 0.311623 0.120378 0.139457 0.825642
0 0.505884 0.310756 0.115835 0.138181 0.805313
0 0.504847 0.311762 0.118123 0.138777 0.799979
0 0.506049 0.311141 0.118357 0.138454 0.834538
0 0.504757 0.311283 0.118116 0.137785 0.833498
0 0.505414 0.311112 0.117859 0.137853 0.812977
0 0.504989 0.311275 0.118577 0.139217 0.869467
0 0.504639 0.311404 0.118049 0.137962 0.776523
0 0.505127 0.31224 0.116424 0.136601 0.83553
0 0.505401 0.31076 0.116829 0.138407 0.843583
0 0.504911 0.31038 0.118601 0.137893 0.819145
0 0.505089 0.309118 0.115232 0.134603 0.834773
0 0.506297 0.30888 0.113436 0.134615 0.873171
0 0.505672 0.30827 0.115742 0.13544 0.781568
0 0.505677 0.310891 0.118315 0.1393 0.865623
0 0.505865 0.309759 0.117309 0.1392 0.802906
0 0.506964 0.310366 0.112944 0.135735 0.857222
0 0.505551 0.309878 0.118441 0.139176 0.816871
0 0.505502 0.310747 0.115965 0.13734 0.862304
0 0.506097 0.310332 0.117439 0.138434 0.827412
0 0.50525 0.309888 0.116585 0.1374 0.870679
0 0.505646 0.31108 0.115829 0.138673 0.864827
0 0.504868 0.311433 0.117943 0.139336 0.867985
0 0.504503 0.311373 0.119552 0.141296 0.819624
0 0.506484 0.311619 0.116295 0.139027 0.8435
0 0.505176 0.311924 0.118085 0.140315 0.862315
0 0.504892 0.310742 0.118658 0.139643 0.879148
0 0.50545 0.310555 0.116154 0.137982 0.882471
0 0.506494 0.310113 0.116253 0.13865 0.851439
0 0.504808 0.31108 0.117156 0.138022 0.887657
0 0.504521 0.310431 0.117713 0.138819 0.875998
0 0.505651 0.31097 0.116915 0.138727 0.890312
0 0.505297 0.310631 0.116566 0.13799 0.872658
0 0.505814 0.310822 0.116972 0.13873 0.880548
0 0.505655 0.31097 0.116905 0.138729 0.890048
