0 0.417365 0.437863 0.223598 0.272358 0.883938
0 0.422025 0.409895 0.18432 0.202981 0.840099
0 0.461088 0.398766 0.141791 0.156542 0.615881
0 0.453626 0.392136 0.128377 0.162662 0.827793
0 0.45647 0.402363 0.130836 0.151345 0.876149
0 0.46302 0.393835 0.12856 0.153218 0.72179
0 0.465179 0.396207 0.142241 0.165359 0.729513
0 0.458694 0.393914 0.132641 0.15918 0.737566
0 0.452261 0.400429 0.128083 0.144034 0.774134
0 0.455902 0.400571 0.127626 0.143958 0.755319
0 0.463811 0.398129 0.142483 0.162471 0.745575
0 0.460207 0.393933 0.142733 0.161268 0.80205
0 0.462456 0.396398 0.14071 0.161949 0.803202
0 0.457595 0.398907 0.137134 0.155441 0.836262
0 0.458458 0.395317 0.135704 0.15802 0.813992
0 0.463688 0.395184 0.145072 0.167098 0.827562
0 0.45652 0.396167 0.141815 0.162239 0.739181
0 0.457173 0.392894 0.1496 0.182062 0.737
0 0.458575 0.393442 0.14606 0.171505 0.738213
0 0.457813 0.399701 0.141961 0.163834 0.838428
0 0.459489 0.395644 0.1384 0.161495 0.805572
0 0.45811 0.399005 0.139069 0.160446 0.769062
0 0.462924 0.396172 0.141753 0.167435 0.874726
0 0.45675 0.400402 0.147358 0.173531 0.814148
0 0.454501 0.40244 0.140738 0.15887 0.801396
0 0.456807 0.399615 0.141908 0.160008 0.780013
0 0.459297 0.396601 0.145311 0.166763 0.677307
0 0.46033 0.395898 0.142231 0.166225 0.742155
0 0.457216 0.397017 0.143436 0.163854 0.843023
0 0.459404 0.395779 0.14775 0.17655 0.785666
0 0.457767 0.401261 0.147344 0.173564 0.827746
0 0.459716 0.401495 0.142791 0.163865 0.866938
0 0.459885 0.397586 0.146876 0.169392 0.817709
0 0.462436 0.390994 0.144356 0.168176 0.703113
0 0.46323 0.397815 0.150218 0.166325 0.789791
0 0.461586 0.397676 0.150821 0.169775 0.815548
0 0.462208 0.39454 0.143666 0.167406 0.71401
0 0.460255 0.39715 0.136973 0.15961 0.776046
0 0.460501 0.396764 0.142888 0.167899 0.820208
0 0.458299 0.39586 0.149722 0.173955 0.772344
0 0.460564 0.39617 0.149452 0.174705 0.798962
0 0.459884 0.395601 0.143072 0.16257 0.807225
0 0.458023 0.396765 0.145648 0.165466 0.776246
0 0.46297 0.394989 0.148275 0.16793 0.812172
0 0.460062 0.395638 0.139703 0.163423 0.75644
0 0.458693 0.395754 0.146461 0.166729 0.77354
0 0.45866 0.394455 0.145339 0.166878 0.765772
0 0.461664 0.396133 0.152267 0.173503 0.758193
0 0.459727 0.393615 0.145059 0.1699 0.806918
0 0.461475 0.390805 0.151542 0.174179 0.819631
0 0.463092 0.390489 0.150829 0.175317 0.777075
0 0.45996 0.396135 0.143849 0.166861 0.809323
0 0.458384 0.395186 0.14519 0.16747 0.772573
0 0.463163 0.392833 0.154326 0.17848 0.759998
0 0.464514 0.396577 0.154167 0.174786 0.727367
0 0.459671 0.394415 0.150448 0.176761 0.809777
0 0.460697 0.391179 0.153162 0.174755 0.744023
0 0.461827 0.393609 0.151815 0.170945 0.762887
0 0.460747 0.394414 0.144405 0.169377 0.784588
0 0.462702 0.393695 0.15205 0.176759 0.759947
0 0.462247 0.391263 0.153434 0.179399 0.717187
0 0.46067 0.39277 0.153363 0.179815 0.764594
0 0.461194 0.396189 0.150551 0.177178 0.77685
0 0.461382 0.397152 0.146757 0.168702 0.795617
0 0.458486 0.393451 0.146879 0.168719 0.770889
0 0.459824 0.393941 0.149064 0.171267 0.791305
0 0.461338 0.392855 0.152558 0.178287 0.809608
0 0.459296 0.396994 0.148211 0.169405 0.824406
0 0.459618 0.393206 0.152119 0.176444 0.84082
0 0.458922 0.395198 0.14445 0.164969 0.780632
0 0.459791 0.394879 0.149343 0.172705 0.794314
0 0.457921 0.395293 0.146358 0.170351 0.801249
0 0.457721 0.392908 0.151523 0.174964 0.841511
0 0.458799 0.393124 0.150166 0.175721 0.830196
0 0.460368 0.391621 0.148851 0.169781 0.817399
0 0.460305 0.388688 0.151455 0.17696 0.765504
0 0.459519 0.395696 0.149793 0.171027 0.857484
0 0.458478 0.39286 0.151164 0.176006 0.796636
0 0.458404 0.392558 0.144481 0.168171 0.827028
0 0.457919 0.391322 0.147746 0.171481 0.805271
0 0.458884 0.394156 0.148032 0.17195 0.816628
0 0.460448 0.393138 0.14985 0.172428 0.803001
0 0.458784 0.392752 0.148136 0.170701 0.823021
0 0.459476 0.392231 0.150984 0.174822 0.799402
0 0.459386 0.39344 0.149217 0.171121 0.818012
0 0.459637 0.392533 0.14822 0.171772 0.746009
0 0.45935 0.393632 0.150947 0.175207 0.789039
0 0.460111 0.395996 0.151205 0.173333 0.785272
0 0.462177 0.392866 0.153256 0.176317 0.785401
0 0.461472 0.393053 0.153025 0.177356 0.80297
0 0.462199 0.394637 0.152528 0.173603 0.730643
0 0.462021 0.394201 0.152296 0.175838 0.804562
0 0.459486 0.393692 0.151605 0.174594 0.794605
0 0.460132 0.394032 0.152108 0.174442 0.820596
0 0.459452 0.393658 0.1514 0.174562 0.790781
0 0.46029 0.393442 0.152918 0.176328 0.795705
0 0.46013 0.394008 0.152111 0.17448 0.820144
