0 0.330564 0.198387 0.230976 0.277468 0.658991
0 0.369052 0.203922 0.283737 0.321827 0.64368
0 0.348962 0.199106 0.32204 0.360045 0.607707
0 0.37194 0.20643 0.30931 0.363235 0.6689
0 0.379561 0.215918 0.336111 0.393569 0.729222
0 0.365031 0.208771 0.29277 0.335767 0.611269
0 0.379936 0.205907 0.302095 0.348369 0.654414
0 0.381466 0.212124 0.299137 0.361551 0.761862
0 0.365319 0.200438 0.298092 0.342146 0.69134
0 0.391928 0.207383 0.328061 0.367051 0.648124
0 0.377109 0.20682 0.320835 0.366853 0.703029
0 0.38012 0.210705 0.318924 0.361399 0.710784
0 0.377371 0.216817 0.32305 0.372794 0.66222
0 0.380328 0.214432 0.324132 0.368766 0.766562
0 0.38116 0.20987 0.308564 0.365528 0.700745
0 0.384691 0.211243 0.315196 0.357477 0.741739
0 0.38548 0.210606 0.325755 0.375966 0.76829
0 0.400217 0.21919 0.357802 0.387745 0.701571
0 0.383272 0.211247 0.316936 0.364703 0.64773
0 0.377404 0.217596 0.315167 0.367425 0.739031
0 0.386134 0.207584 0.334669 0.382854 0.744807
0 0.38029 0.206812 0.306301 0.3585 0.77041
0 0.388592 0.214444 0.330677 0.377811 0.812956
0 0.389724 0.209918 0.316912 0.373089 0.623994
0 0.380178 0.213277 0.30693 0.354998 0.751234
0 0.376437 0.210774 0.300741 0.359689 0.725481
0 0.387494 0.21602 0.319154 0.373517 0.794087
0 0.379926 0.210637 0.313851 0.362997 0.773215
0 0.382119 0.215281 0.334796 0.376477 0.775435
0 0.385043 0.208541 0.316793 0.37235 0.751004
0 0.382003 0.206696 0.297592 0.362698 0.78487
0 0.377692 0.208056 0.297502 0.368101 0.7716
0 0.389282 0.212444 0.320353 0.373984 0.799329
0 0.39831 0.217729 0.337731 0.393394 0.714798
0 0.384452 0.208336 0.294401 0.360365 0.796198
0 0.38642 0.209033 0.303793 0.359827 0.776659
0 0.37614 0.205612 0.310601 0.377069 0.768962
0 0.392958 0.206115 0.312634 0.369521 0.765146
0 0.38652 0.211118 0.312301 0.368728 0.782919
0 0.378564 0.205078 0.291853 0.358637 0.796517
0 0.386083 0.205082 0.308925 0.361807 0.794536
0 0.383151 0.203688 0.304028 0.358553 0.805797
0 0.385459 0.205679 0.312203 0.369839 0.81061
0 0.388592 0.211882 0.315048 0.375905 0.804101
0 0.385353 0.207253 0.305485 0.359203 0.840806
0 0.383459 0.213541 0.308645 0.361724 0.84761
0 0.379106 0.208078 0.295236 0.353873 0.825148
0 0.389476 0.210085 0.307776 0.360869 0.841151
0 0.385709 0.208052 0.304784 0.357988 0.83308
0 0.391201 0.210042 0.311601 0.36551 0.835079
0 0.386311 0.206009 0.306743 0.356601 0.827494
0 0.395047 0.208696 0.3226 0.371536 0.83879
0 0.393125 0.207772 0.318638 0.364235 0.853628
0 0.388647 0.211012 0.313191 0.364007 0.847045
0 0.389101 0.207023 0.314696 0.361868 0.830481
0 0.380901 0.206072 0.295757 0.358341 0.840162
0 0.383092 0.205612 0.302694 0.362322 0.841415
0 0.387962 0.205594 0.305922 0.365937 0.833162
0 0.388745 0.204926 0.310312 0.36096 0.830484
0 0.391157 0.207606 0.314972 0.364363 0.848259
0 0.388446 0.20814 0.313446 0.365471 0.848557
0 0.385882 0.207869 0.310882 0.362598 0.850757
0 0.387722 0.208093 0.311949 0.364136 0.852817
0 0.387782 0.206758 0.308548 0.366875 0.841217
0 0.385881 0.207874 0.310861 0.36258 0.850871
