0 0.823576 0.65648 0.174524 0.204138 0.794815
0 0.838388 0.663264 0.226584 0.280335 0.70288
0 0.806773 0.659308 0.190989 0.207323 0.986556
0 0.831759 0.673831 0.213281 0.227963 0.933961
0 0.838101 0.653059 0.181797 0.184145 0.864474
0 0.486369 0.724867 0.147779 0.172221 0.820134
0 0.818013 0.713198 0.238691 0.289444 0.734815
0 0.787388 0.690002 0.209782 0.22716 0.696143
0 0.83804 0.656041 0.153642 0.160263 0.73423
0 0.828325 0.656853 0.161689 0.18501 0.717586
0 0.468711 0.723373 0.129618 0.148725 0.614461
0 0.465942 0.724437 0.134178 0.162255 0.740746
0 0.821418 0.651538 0.139315 0.169383 0.731227
0 0.643511 0.612487 0.138328 0.170092 0.668741
0 0.463642 0.728649 0.13369 0.152052 0.821221
0 0.827977 0.658298 0.136252 0.160855 0.79622
0 0.642845 0.616232 0.128595 0.154801 0.767886
0 0.834073 0.652231 0.133981 0.164112 0.828459
0 0.470104 0.72368 0.127157 0.151089 0.69774
0 0.643117 0.611467 0.122038 0.153498 0.688115
0 0.835012 0.658231 0.148491 0.173601 0.737906
0 0.471738 0.723817 0.136998 0.157733 0.639944
0 0.83211 0.652862 0.14803 0.17533 0.628947
0 0.829173 0.654089 0.133001 0.1584 0.817431
0 0.463287 0.722192 0.121503 0.140315 0.729882
0 0.645222 0.615326 0.136713 0.154925 0.672702
0 0.825843 0.655698 0.140385 0.166438 0.897653
0 0.633981 0.620733 0.143238 0.162528 0.794174
0 0.461084 0.724424 0.130392 0.146671 0.743848
0 0.830242 0.65453 0.127255 0.149953 0.840368
0 0.462581 0.724348 0.119822 0.13922 0.690189
0 0.642929 0.615073 0.125464 0.146609 0.613529
0 0.82885 0.652665 0.157767 0.184181 0.741254
0 0.467362 0.721961 0.143832 0.162544 0.713478
0 0.831156 0.652184 0.144521 0.171729 0.818489
0 0.46196 0.721172 0.135773 0.150669 0.777218
0 0.642045 0.612403 0.133815 0.157005 0.601317
0 0.464073 0.722141 0.129834 0.149344 0.838861
0 0.829204 0.651354 0.145387 0.176447 0.830642
0 0.82877 0.65277 0.147346 0.175535 0.745209
0 0.465991 0.723188 0.131226 0.150608 0.69991
0 0.465922 0.722755 0.125489 0.144328 0.757236
0 0.831208 0.65113 0.146399 0.171041 0.74226
0 0.643565 0.611464 0.124091 0.145706 0.65016
0 0.831568 0.650318 0.144167 0.170142 0.882637
0 0.466197 0.722076 0.126588 0.144765 0.787176
0 0.645779 0.609784 0.127979 0.145835 0.621622
0 0.465054 0.720061 0.130662 0.149464 0.793201
0 0.826791 0.650226 0.144332 0.171897 0.746662
0 0.826974 0.65098 0.148035 0.175561 0.767933
0 0.46187 0.723063 0.133821 0.152321 0.755383
0 0.83098 0.651169 0.151275 0.178987 0.733053
0 0.467499 0.723583 0.1356 0.158647 0.673364
0 0.831422 0.653533 0.145981 0.171338 0.869883
0 0.463802 0.724564 0.129561 0.150803 0.835107
0 0.643899 0.617891 0.146147 0.169667 0.710303
0 0.82858 0.652807 0.148927 0.171135 0.83277
0 0.465548 0.724571 0.125004 0.149435 0.695385
0 0.645317 0.611215 0.128692 0.15169 0.688493
0 0.828958 0.650993 0.1398 0.169324 0.836249
0 0.464761 0.721798 0.126593 0.145809 0.800972
0 0.64401 0.616366 0.136823 0.163897 0.617514
0 0.831223 0.651338 0.151111 0.175099 0.891726
0 0.466836 0.72265 0.133736 0.15211 0.808869
0 0.645744 0.611187 0.139922 0.163378 0.715014
0 0.82818 0.651923 0.161029 0.178391 0.812698
0 0.469686 0.724812 0.138555 0.157374 0.771079
0 0.641158 0.614409 0.148026 0.169701 0.677238
0 0.828032 0.652088 0.15628 0.176674 0.927229
0 0.463312 0.723537 0.127203 0.146081 0.851875
0 0.641084 0.6123 0.146154 0.167004 0.72466
0 0.829802 0.648841 0.147596 0.171703 0.772499
0 0.470557 0.725133 0.134471 0.149805 0.731262
0 0.462612 0.7203 0.127766 0.147184 0.741875
0 0.827956 0.647795 0.145469 0.169343 0.726363
0 0.829568 0.648645 0.154382 0.172743 0.786858
0 0.466789 0.721361 0.131037 0.150982 0.748889
0 0.828392 0.647281 0.150475 0.170343 0.857038
0 0.465727 0.721896 0.128162 0.145825 0.770702
0 0.645893 0.608798 0.128924 0.148145 0.662041
0 0.464211 0.718428 0.136906 0.158642 0.812611
0 0.825856 0.648867 0.158389 0.17923 0.741676
0 0.82864 0.651092 0.148879 0.174503 0.871127
0 0.464303 0.726373 0.131094 0.152255 0.84762
0 0.644303 0.619251 0.151564 0.177216 0.723246
0 0.83209 0.65277 0.148936 0.175146 0.913299
0 0.468233 0.726455 0.12577 0.144211 0.823295
0 0.644633 0.613117 0.128713 0.150097 0.681102
0 0.833804 0.647653 0.157023 0.180936 0.80408
0 0.466666 0.722023 0.127517 0.146964 0.749443
0 0.642617 0.60907 0.136626 0.158627 0.681207
0 0.829601 0.648143 0.14516 0.169804 0.67959
0 0.464384 0.722151 0.125676 0.143487 0.678591
0 0.466675 0.726004 0.131196 0.154581 0.776259
0 0.831993 0.647856 0.151033 0.172455 0.76002
0 0.832565 0.648091 0.156999 0.177198 0.857723
0 0.466397 0.723628 0.131889 0.148655 0.763992
0 0.64442 0.611258 0.141967 0.161787 0.668817
0 0.831337 0.648344 0.151512 0.172677 0.76288
0 0.465271 0.72491 0.130335 0.150412 0.682434
0 0.831708 0.648201 0.145458 0.168459 0.805844
0 0.466272 0.723756 0.126266 0.145021 0.751284
0 0.642435 0.609387 0.132408 0.152966 0.623406
0 0.830254 0.646684 0.148462 0.171303 0.845955
0 0.464322 0.722461 0.128796 0.147639 0.749648
0 0.642235 0.611671 0.149458 0.169356 0.680498
0 0.828449 0.649184 0.153203 0.173985 0.809473
0 0.465959 0.720665 0.134819 0.153884 0.75444
0 0.828143 0.649104 0.150924 0.175305 0.849535
0 0.465653 0.723921 0.128706 0.150293 0.78495
0 0.644261 0.611556 0.143988 0.164324 0.706339
0 0.830215 0.647268 0.1453 0.167966 0.884733
0 0.465342 0.723963 0.127101 0.146265 0.817059
0 0.644849 0.611474 0.137971 0.158107 0.729097
0 0.830601 0.649951 0.15231 0.175547 0.864482
0 0.467749 0.722297 0.128711 0.146568 0.808686
0 0.643781 0.610785 0.13538 0.154176 0.643392
0 0.83077 0.649499 0.146358 0.172868 0.869642
0 0.466219 0.722298 0.131387 0.150067 0.794324
0 0.645972 0.611335 0.153791 0.182577 0.660189
0 0.828893 0.650759 0.147124 0.171227 0.834978
0 0.462909 0.72419 0.126224 0.146125 0.762045
0 0.643426 0.612336 0.140191 0.160872 0.655889
0 0.829228 0.649851 0.14844 0.170527 0.804271
0 0.464542 0.723407 0.124209 0.143248 0.790685
0 0.82955 0.649774 0.152446 0.1772 0.832002
0 0.466536 0.723844 0.13472 0.157779 0.784237
0 0.830755 0.64993 0.150117 0.174811 0.809634
0 0.468727 0.724415 0.1296 0.15091 0.771824
0 0.641127 0.611618 0.139948 0.163526 0.613033
0 0.827056 0.64831 0.153111 0.175984 0.849388
0 0.466193 0.722624 0.126887 0.14597 0.823984
0 0.6421 0.610946 0.141939 0.159553 0.684213
0 0.831224 0.648073 0.148692 0.172521 0.863721
0 0.466429 0.722336 0.126191 0.145907 0.817265
0 0.642932 0.608909 0.137587 0.158451 0.732162
0 0.829631 0.647488 0.154476 0.177353 0.832498
0 0.465765 0.721601 0.127952 0.149666 0.813719
0 0.645143 0.608657 0.141654 0.163918 0.70377
0 0.827581 0.650773 0.143404 0.169551 0.836792
0 0.465679 0.724709 0.128529 0.148676 0.823954
0 0.64234 0.610905 0.138126 0.157737 0.670479
0 0.828472 0.649459 0.144415 0.169507 0.817549
0 0.46596 0.722463 0.128806 0.147624 0.796826
0 0.644371 0.611895 0.143069 0.164556 0.682478
0 0.831238 0.650032 0.153327 0.178128 0.817784
0 0.465214 0.723826 0.125728 0.144501 0.765667
0 0.642168 0.609345 0.142641 0.163935 0.668921
0 0.829486 0.649664 0.146672 0.17347 0.814368
0 0.46616 0.725207 0.127857 0.148483 0.781279
0 0.64303 0.610432 0.142852 0.163547 0.65023
0 0.829932 0.650503 0.149264 0.177244 0.872685
0 0.467644 0.724333 0.130025 0.152004 0.812608
0 0.645955 0.613934 0.138677 0.162377 0.690395
0 0.829543 0.648242 0.152342 0.177168 0.791801
0 0.468114 0.723444 0.135821 0.156004 0.767087
0 0.829278 0.648279 0.149857 0.174357 0.83447
0 0.467428 0.72352 0.12868 0.14764 0.807162
0 0.641475 0.609547 0.136804 0.157614 0.737061
0 0.464889 0.724128 0.127005 0.14788 0.858237
0 0.828369 0.648384 0.147596 0.172748 0.844871
0 0.643693 0.611831 0.13123 0.152134 0.726162
0 0.828764 0.647207 0.147014 0.169215 0.851806
0 0.464489 0.723713 0.127397 0.147588 0.819945
0 0.644319 0.61183 0.13881 0.159845 0.659119
0 0.82919 0.64744 0.147769 0.171835 0.783552
0 0.466059 0.723195 0.127291 0.14785 0.745468
0 0.831306 0.64881 0.14751 0.172831 0.87924
0 0.466389 0.723206 0.125901 0.145487 0.852983
0 0.643456 0.608941 0.133584 0.154447 0.672631
0 0.830227 0.649579 0.144547 0.170347 0.849319
0 0.464408 0.724907 0.126014 0.146335 0.817219
0 0.64403 0.613563 0.143545 0.166895 0.69878
0 0.830798 0.650414 0.144829 0.172576 0.846343
0 0.466532 0.724969 0.122995 0.143033 0.829294
0 0.647465 0.613052 0.135286 0.155052 0.706346
0 0.82985 0.650447 0.144456 0.169213 0.873428
0 0.465367 0.724474 0.124469 0.142737 0.839422
0 0.643684 0.610482 0.134295 0.153805 0.670685
0 0.829664 0.650487 0.145871 0.171593 0.859698
0 0.466902 0.724439 0.130425 0.151332 0.830928
0 0.642662 0.615111 0.142479 0.163815 0.674225
0 0.828133 0.649005 0.149687 0.175014 0.869051
0 0.46476 0.723941 0.128903 0.152537 0.848989
0 0.646794 0.611836 0.141063 0.160902 0.766489
0 0.829327 0.650619 0.14597 0.170315 0.868414
0 0.464711 0.724115 0.125974 0.144799 0.841523
0 0.644179 0.612816 0.136963 0.156344 0.736134
0 0.827322 0.649207 0.153307 0.175822 0.888854
0 0.464942 0.722693 0.127213 0.147887 0.870364
0 0.645391 0.609666 0.142083 0.161433 0.749199
0 0.829585 0.649673 0.148784 0.174802 0.832789
0 0.466124 0.724724 0.124798 0.142902 0.80523
0 0.645985 0.615474 0.136638 0.159133 0.622008
0 0.82921 0.652105 0.148111 0.174417 0.859652
0 0.466722 0.724978 0.125522 0.145119 0.843283
0 0.6459 0.612936 0.139089 0.160066 0.729844
0 0.827813 0.650217 0.147924 0.171186 0.864297
0 0.465289 0.724011 0.126367 0.145428 0.836073
0 0.643215 0.612718 0.140742 0.160932 0.717402
0 0.827984 0.650244 0.147008 0.173728 0.875333
0 0.466272 0.723306 0.128431 0.146275 0.874255
0 0.643234 0.610477 0.141747 0.161206 0.694895
0 0.828111 0.650134 0.145626 0.174936 0.867752
0 0.465931 0.723855 0.127674 0.146822 0.846905
0 0.64396 0.61292 0.147502 0.170825 0.73228
0 0.466892 0.723363 0.124231 0.144195 0.862299
0 0.829227 0.649398 0.146008 0.172882 0.85825
0 0.643735 0.610649 0.136762 0.158822 0.728488
0 0.830669 0.649326 0.147647 0.175494 0.833057
0 0.467644 0.722547 0.128956 0.147327 0.786944
0 0.828676 0.65041 0.150589 0.175683 0.895062
0 0.466578 0.724128 0.129205 0.148763 0.865472
0 0.644259 0.613029 0.142746 0.160534 0.778648
0 0.830288 0.649917 0.154622 0.17861 0.828227
0 0.465708 0.723977 0.128918 0.1494 0.787453
0 0.64403 0.613692 0.150469 0.17192 0.691533
0 0.829752 0.64973 0.146778 0.175119 0.882101
0 0.466512 0.725817 0.122395 0.142051 0.852019
0 0.646146 0.612712 0.133214 0.152843 0.780867
0 0.830375 0.649745 0.153112 0.177538 0.856766
0 0.465406 0.722624 0.128636 0.147322 0.830865
0 0.643952 0.611556 0.143808 0.163161 0.714038
0 0.828857 0.651282 0.149075 0.17639 0.86625
0 0.466555 0.724249 0.126867 0.146549 0.834268
0 0.646306 0.612669 0.140814 0.162208 0.747646
0 0.830232 0.651216 0.149521 0.176365 0.846589
0 0.467373 0.724213 0.126571 0.146114 0.825114
0 0.647293 0.613208 0.139742 0.162711 0.727761
0 0.828677 0.649818 0.147858 0.17442 0.877024
0 0.465796 0.724001 0.125538 0.146021 0.858769
0 0.645544 0.611666 0.138493 0.1595 0.753171
0 0.827781 0.650466 0.146464 0.172009 0.871163
0 0.465626 0.726004 0.126296 0.147758 0.853154
0 0.644586 0.613335 0.140286 0.161856 0.752281
0 0.828601 0.648009 0.151373 0.175001 0.880311
0 0.466069 0.723744 0.1271 0.146313 0.862499
0 0.645196 0.611816 0.138009 0.157751 0.757333
0 0.828447 0.649173 0.147718 0.175876 0.854129
0 0.465696 0.723413 0.127242 0.146554 0.838037
0 0.644409 0.611729 0.138712 0.159783 0.711086
0 0.827891 0.6493 0.149164 0.176087 0.856605
0 0.464919 0.724608 0.126853 0.145651 0.845758
0 0.645177 0.611775 0.139377 0.160972 0.7244
0 0.828695 0.650536 0.148494 0.175498 0.856997
0 0.466123 0.724944 0.126945 0.146674 0.853507
0 0.645589 0.612903 0.138592 0.159187 0.678857
0 0.828916 0.649328 0.148972 0.175256 0.867726
0 0.465829 0.725033 0.127487 0.147243 0.851369
0 0.644245 0.610375 0.136705 0.157156 0.714293
0 0.828725 0.649609 0.149695 0.176286 0.872274
0 0.465807 0.725341 0.127665 0.14815 0.857116
0 0.645474 0.613295 0.137417 0.159352 0.716632
0 0.830293 0.648434 0.149096 0.175692 0.85354
0 0.465778 0.725119 0.127293 0.14793 0.849696
0 0.645355 0.610711 0.135261 0.156365 0.678532
0 0.828833 0.649944 0.148181 0.174723 0.876085
0 0.465135 0.724465 0.128094 0.147863 0.860905
0 0.643801 0.611445 0.139751 0.161033 0.746842
0 0.829018 0.649947 0.147345 0.174686 0.867596
0 0.464964 0.724254 0.127876 0.147567 0.854618
0 0.643606 0.611445 0.138318 0.159876 0.707295
0 0.829298 0.650238 0.148555 0.174904 0.881381
0 0.465828 0.725413 0.127301 0.147314 0.877444
0 0.644587 0.611205 0.138828 0.160048 0.774153
0 0.829297 0.648383 0.149874 0.175918 0.869838
0 0.465425 0.725042 0.127257 0.147314 0.860318
0 0.644455 0.610867 0.137306 0.158346 0.703935
0 0.830172 0.648396 0.150405 0.176971 0.871349
0 0.465925 0.72519 0.1281 0.148486 0.870675
0 0.645026 0.611331 0.139529 0.160866 0.706112
0 0.829299 0.65023 0.148534 0.174899 0.881114
0 0.465826 0.725404 0.127284 0.147297 0.877188
0 0.644586 0.611195 0.138829 0.160055 0.773621
