0 0.539388 0.291631 0.250865 0.276176 0.807335
0 0.559719 0.471809 0.137151 0.167959 0.711647
0 0.533039 0.271486 0.20732 0.231271 0.711442
0 0.54533 0.329565 0.173836 0.186681 0.652025
0 0.549859 0.490151 0.18273 0.203359 0.634647
0 0.546356 0.275574 0.282583 0.336017 0.814721
0 0.544576 0.278565 0.256527 0.321935 0.669195
0 0.551104 0.261937 0.295646 0.357785 0.779402
0 0.546698 0.274049 0.271805 0.323043 0.711591
0 0.551107 0.272047 0.253779 0.297221 0.78511
0 0.554371 0.273416 0.265716 0.307059 0.762656
0 0.547942 0.264669 0.277412 0.308568 0.622638
0 0.552541 0.27916 0.266097 0.303307 0.736085
0 0.556353 0.277727 0.264276 0.301811 0.889167
0 0.552357 0.271803 0.263922 0.315269 0.840357
0 0.547791 0.267289 0.266233 0.317265 0.874415
0 0.553442 0.272267 0.279954 0.324045 0.887474
0 0.552033 0.269818 0.266909 0.317464 0.825262
0 0.54744 0.265209 0.27211 0.316534 0.768758
0 0.555906 0.271174 0.261133 0.302814 0.853057
0 0.544607 0.280057 0.265052 0.303559 0.790623
0 0.550146 0.296024 0.274266 0.295846 0.863095
0 0.549813 0.276402 0.278074 0.303149 0.833486
0 0.550496 0.275912 0.272484 0.317802 0.889159
0 0.547723 0.284751 0.275375 0.297412 0.862678
0 0.545121 0.284774 0.270591 0.308418 0.869765
0 0.54987 0.270658 0.283116 0.328109 0.754849
0 0.550842 0.275154 0.263264 0.298789 0.76101
0 0.55084 0.278305 0.27781 0.306088 0.815536
0 0.550657 0.274402 0.277041 0.313444 0.833104
0 0.553718 0.27192 0.271527 0.313389 0.804274
0 0.549019 0.284868 0.26727 0.304487 0.883304
0 0.55118 0.281835 0.264595 0.292593 0.793809
0 0.551377 0.28626 0.265936 0.303842 0.79203
0 0.551217 0.271078 0.274453 0.307132 0.729657
0 0.546933 0.278409 0.264347 0.295043 0.826657
0 0.558086 0.275124 0.264574 0.313529 0.830193
0 0.554317 0.274589 0.272313 0.30647 0.826308
0 0.554222 0.280016 0.272896 0.310636 0.755493
0 0.55205 0.273644 0.272598 0.307272 0.885689
0 0.551095 0.277359 0.269487 0.316219 0.865708
0 0.552483 0.274681 0.276103 0.310051 0.817118
0 0.551247 0.279002 0.273397 0.309561 0.810718
0 0.546773 0.278117 0.256548 0.294603 0.816827
0 0.552692 0.2739 0.255775 0.295887 0.834222
0 0.545423 0.290922 0.269291 0.291712 0.829503
0 0.553359 0.294159 0.268181 0.294267 0.871926
0 0.55029 0.289715 0.263845 0.287598 0.885075
0 0.55283 0.276436 0.262594 0.295141 0.842104
0 0.55112 0.276743 0.272453 0.307716 0.898109
0 0.553246 0.283633 0.277746 0.307831 0.866962
0 0.559031 0.278402 0.27596 0.304459 0.856808
0 0.553846 0.284637 0.248385 0.283657 0.854307
0 0.545196 0.277004 0.257387 0.290045 0.814185
0 0.554659 0.281477 0.261323 0.295316 0.841955
0 0.554393 0.280984 0.24668 0.281618 0.796252
0 0.554109 0.276925 0.259707 0.292305 0.850973
0 0.548782 0.275645 0.256615 0.2946 0.797989
0 0.55394 0.27484 0.269007 0.298569 0.830123
0 0.555049 0.272957 0.271927 0.311615 0.837953
0 0.551304 0.278503 0.262366 0.30203 0.850188
0 0.551028 0.275333 0.265142 0.300593 0.827878
0 0.553062 0.276072 0.266318 0.306972 0.871341
0 0.555964 0.280124 0.263226 0.294112 0.859434
0 0.553373 0.277311 0.256539 0.29568 0.841614
0 0.559937 0.276187 0.26317 0.296097 0.82483
0 0.550751 0.27699 0.261471 0.304846 0.832518
0 0.556699 0.277432 0.259913 0.298432 0.8444
0 0.556367 0.280772 0.26221 0.296817 0.839486
0 0.558446 0.272817 0.265611 0.307007 0.877304
0 0.551776 0.278047 0.262452 0.296595 0.868292
0 0.552752 0.283876 0.257334 0.288145 0.851784
0 0.556014 0.277774 0.261897 0.294668 0.843319
0 0.554409 0.281076 0.259979 0.293684 0.892255
0 0.557827 0.276502 0.259663 0.297604 0.870001
0 0.55348 0.275497 0.265362 0.301316 0.841208
0 0.556154 0.27379 0.263871 0.300102 0.851543
0 0.555795 0.281123 0.254147 0.286219 0.862941
0 0.557257 0.282576 0.260962 0.287683 0.830462
0 0.553405 0.279609 0.26046 0.29286 0.849293
0 0.557326 0.277786 0.258015 0.291972 0.836739
0 0.55589 0.280473 0.258371 0.287801 0.835996
0 0.558742 0.282147 0.261519 0.286367 0.836636
0 0.55561 0.278164 0.256624 0.287364 0.858314
0 0.557252 0.280137 0.259597 0.288287 0.857125
0 0.555246 0.28185 0.261775 0.288732 0.876359
0 0.556355 0.281751 0.263073 0.290459 0.847089
0 0.558431 0.278327 0.266097 0.294964 0.863948
0 0.555932 0.278507 0.260129 0.293101 0.855033
0 0.556161 0.27625 0.265954 0.297456 0.854323
0 0.553531 0.280684 0.259123 0.287962 0.865826
0 0.555771 0.277855 0.263589 0.29541 0.836863
0 0.557322 0.28207 0.258688 0.285239 0.867406
0 0.555785 0.279754 0.26306 0.29206 0.857008
0 0.555984 0.279282 0.261833 0.291137 0.871453
0 0.556343 0.279154 0.261181 0.291793 0.857866
0 0.555782 0.278602 0.261918 0.293165 0.862376
0 0.555983 0.279284 0.261819 0.291122 0.871244
