0 0.537681 0.119537 0.115303 0.1398 0.669784
0 0.541016 0.11982 0.113186 0.142269 0.900277
0 0.543465 0.126776 0.106933 0.128902 0.946518
0 0.545001 0.122051 0.105549 0.128365 0.857354
0 0.544596 0.11938 0.11117 0.134304 0.848213
0 0.546313 0.119933 0.110761 0.133987 0.697078
0 0.541587 0.119282 0.0998553 0.11888 0.843837
0 0.541725 0.121011 0.109744 0.123223 0.75268
0 0.541588 0.122248 0.10089 0.1221 0.844789
0 0.545912 0.122212 0.110082 0.128818 0.798514
0 0.543391 0.121328 0.116083 0.132241 0.792814
0 0.541304 0.119452 0.0967855 0.114634 0.82213
0 0.545657 0.120233 0.10891 0.129497 0.81918
0 0.542921 0.119376 0.101851 0.12053 0.805405
0 0.547169 0.121738 0.104908 0.121802 0.899959
0 0.54355 0.119337 0.107181 0.12753 0.786267
0 0.545044 0.119847 0.107418 0.125601 0.663447
0 0.543092 0.122638 0.102714 0.121966 0.761574
0 0.54436 0.123654 0.108903 0.124621 0.899405
0 0.543025 0.120411 0.104694 0.124437 0.793755
0 0.544322 0.122678 0.105647 0.12379 0.826113
0 0.544258 0.119939 0.10455 0.122826 0.847858
0 0.543932 0.121289 0.106351 0.131095 0.794317
0 0.54328 0.120826 0.105832 0.121244 0.901818
0 0.543741 0.123616 0.103063 0.120574 0.872632
0 0.545025 0.121871 0.106837 0.121985 0.78879
0 0.545581 0.118854 0.10428 0.118084 0.770784
0 0.546235 0.121304 0.108173 0.123789 0.891555
0 0.544364 0.121711 0.106037 0.123906 0.860161
0 0.546035 0.122731 0.108786 0.125589 0.845557
0 0.544376 0.122747 0.102181 0.119789 0.888516
0 0.544389 0.120632 0.103145 0.119846 0.850998
0 0.543597 0.122903 0.103932 0.121815 0.735301
0 0.54217 0.124023 0.103937 0.122844 0.851478
0 0.54372 0.122692 0.106093 0.120959 0.846384
0 0.543467 0.123541 0.106744 0.123192 0.751895
0 0.543386 0.122379 0.101395 0.117811 0.806458
0 0.542942 0.121593 0.10538 0.123657 0.7964
0 0.543233 0.121719 0.105252 0.123591 0.801736
0 0.543114 0.121593 0.106287 0.123514 0.866414
0 0.543883 0.122321 0.104177 0.12105 0.84753
0 0.544332 0.121617 0.105395 0.120278 0.864187
0 0.543588 0.122616 0.104765 0.121728 0.86208
0 0.544183 0.124342 0.105318 0.122132 0.847516
0 0.543702 0.123186 0.105937 0.121707 0.85951
0 0.54338 0.123903 0.105458 0.124133 0.736734
0 0.543868 0.12112 0.106463 0.123515 0.778982
0 0.542457 0.122874 0.102617 0.121601 0.832111
0 0.544092 0.121486 0.106097 0.123741 0.849845
0 0.542891 0.12118 0.105397 0.122776 0.857946
0 0.543154 0.123475 0.104222 0.121417 0.869162
0 0.54321 0.123081 0.105487 0.122503 0.879442
0 0.542467 0.123353 0.103306 0.12081 0.802385
0 0.544253 0.12328 0.104024 0.121005 0.812953
0 0.543987 0.121602 0.104327 0.122574 0.820632
0 0.544304 0.123103 0.105559 0.122796 0.750898
0 0.544324 0.121828 0.103764 0.119343 0.860201
0 0.544751 0.123189 0.103372 0.120807 0.864312
0 0.544576 0.12317 0.105349 0.122329 0.815684
0 0.544168 0.12272 0.103673 0.12035 0.798122
0 0.544952 0.123234 0.104922 0.122323 0.888973
0 0.542447 0.123316 0.101147 0.116682 0.837977
0 0.544226 0.123971 0.101852 0.119949 0.854367
0 0.543523 0.124937 0.10482 0.12177 0.838004
0 0.543548 0.124363 0.101951 0.120285 0.882911
0 0.543644 0.122836 0.104859 0.120714 0.884305
0 0.543093 0.122755 0.104155 0.120426 0.884864
0 0.543742 0.122104 0.10354 0.119249 0.909685
0 0.543163 0.123057 0.103283 0.118918 0.789085
0 0.544517 0.122911 0.102226 0.118341 0.856265
0 0.543896 0.123266 0.103894 0.119974 0.874885
0 0.543758 0.123566 0.105361 0.122193 0.886829
0 0.5441 0.123724 0.104288 0.121607 0.896185
0 0.544162 0.122939 0.103815 0.121663 0.888559
0 0.543949 0.123308 0.104112 0.121339 0.831904
0 0.544627 0.123317 0.105583 0.122523 0.882095
0 0.543977 0.122981 0.105949 0.123091 0.8334
0 0.544755 0.124071 0.103467 0.120366 0.899285
0 0.543852 0.122973 0.104216 0.12059 0.847959
0 0.544433 0.123496 0.104678 0.120941 0.874436
0 0.544836 0.123448 0.103364 0.119433 0.861327
0 0.544502 0.123605 0.104436 0.12103 0.883038
0 0.544735 0.124062 0.103696 0.120217 0.86806
0 0.544395 0.123545 0.104092 0.120727 0.894044
0 0.544521 0.123809 0.104145 0.121701 0.85159
0 0.545311 0.124148 0.103768 0.12062 0.847126
0 0.544762 0.124119 0.104015 0.121386 0.861015
0 0.54422 0.124106 0.106121 0.123457 0.879647
0 0.544031 0.124008 0.105367 0.122673 0.888581
0 0.54449 0.123804 0.105701 0.123279 0.877734
0 0.543524 0.124234 0.105288 0.122183 0.891726
0 0.5438 0.124235 0.105691 0.123569 0.885948
0 0.544285 0.123986 0.105281 0.122523 0.898414
0 0.543847 0.123842 0.10475 0.122046 0.883071
0 0.544277 0.124085 0.105485 0.122802 0.890452
0 0.544283 0.123988 0.105279 0.122527 0.898179
