0 0.515123 0.154588 0.167445 0.162081 0.748528
0 0.523197 0.151941 0.124046 0.156092 0.977525
0 0.507887 0.178897 0.197998 0.24074 0.870393
0 0.519176 0.161788 0.156702 0.17828 0.836277
0 0.520422 0.153809 0.111993 0.119752 0.899323
0 0.517793 0.152025 0.111892 0.131698 0.85143
0 0.517027 0.148363 0.121639 0.146364 0.936615
0 0.517925 0.154816 0.107994 0.12754 0.938953
0 0.521051 0.149843 0.108219 0.125821 0.837589
0 0.520113 0.147151 0.119915 0.140829 0.843461
0 0.521045 0.147228 0.108137 0.125787 0.746253
0 0.521455 0.147894 0.103472 0.123658 0.911691
0 0.519322 0.149868 0.109505 0.129993 0.898385
0 0.513853 0.149027 0.10398 0.121607 0.868629
0 0.520325 0.148878 0.11597 0.135389 0.819551
0 0.518088 0.1484 0.115635 0.134697 0.877871
0 0.518535 0.148413 0.104064 0.119212 0.918863
0 0.521578 0.148374 0.107915 0.127879 0.80923
0 0.521763 0.147984 0.105326 0.12677 0.891109
0 0.523926 0.146449 0.107646 0.125078 0.881496
0 0.518075 0.146084 0.108582 0.128046 0.879848
0 0.519008 0.147563 0.117462 0.134181 0.733354
0 0.520891 0.150962 0.111143 0.132531 0.84404
0 0.522942 0.149061 0.11563 0.135537 0.928639
0 0.520111 0.148318 0.109117 0.13055 0.845962
0 0.522824 0.148429 0.107738 0.127698 0.850015
0 0.520592 0.14649 0.111854 0.129779 0.841558
0 0.517836 0.147987 0.10765 0.129334 0.849472
0 0.51777 0.150254 0.108375 0.132195 0.903742
0 0.520236 0.151123 0.10478 0.122142 0.891109
0 0.518359 0.146318 0.106786 0.124532 0.834671
0 0.52092 0.146814 0.10944 0.125518 0.788961
0 0.522641 0.146944 0.112073 0.1286 0.851271
0 0.517545 0.145835 0.110054 0.128542 0.832396
0 0.520684 0.149587 0.114639 0.133275 0.868014
0 0.521208 0.151976 0.112796 0.129195 0.873503
0 0.52125 0.147562 0.112252 0.131828 0.867727
0 0.517408 0.149005 0.110795 0.130788 0.775573
0 0.51877 0.149127 0.113234 0.13298 0.84528
0 0.518859 0.149591 0.109545 0.124605 0.841507
0 0.52033 0.152191 0.108313 0.129925 0.76202
0 0.519481 0.147713 0.109576 0.12691 0.859598
0 0.51895 0.148432 0.111337 0.127034 0.761375
0 0.518358 0.146851 0.113098 0.131615 0.802737
0 0.51832 0.146232 0.112928 0.129981 0.861871
0 0.520968 0.147888 0.112012 0.130092 0.855821
0 0.51982 0.147379 0.110526 0.129251 0.878234
0 0.518969 0.145421 0.113277 0.127458 0.827094
0 0.520321 0.149674 0.104048 0.123496 0.828293
0 0.518547 0.148022 0.109513 0.125496 0.854788
0 0.5186 0.14927 0.105793 0.123954 0.808728
0 0.520834 0.14726 0.115223 0.131663 0.79214
0 0.516559 0.148298 0.112691 0.128485 0.836277
0 0.518156 0.147141 0.112303 0.130677 0.872053
0 0.519778 0.147409 0.111803 0.130337 0.825106
0 0.518134 0.149284 0.109685 0.129027 0.84315
0 0.518064 0.146697 0.11009 0.124747 0.819773
0 0.518609 0.147193 0.113697 0.1296 0.792873
0 0.520032 0.147255 0.107934 0.125829 0.828187
0 0.517745 0.149145 0.112996 0.132054 0.810635
0 0.518505 0.146713 0.116208 0.132751 0.765891
0 0.519678 0.146115 0.113513 0.128557 0.846454
0 0.518824 0.147791 0.106416 0.125057 0.882564
0 0.518913 0.146531 0.111207 0.12644 0.831709
0 0.518359 0.145704 0.113253 0.130011 0.772383
0 0.518076 0.146711 0.112261 0.127664 0.855729
0 0.517987 0.146466 0.11213 0.129382 0.841879
0 0.519369 0.147804 0.107996 0.128681 0.809545
0 0.52015 0.147539 0.111825 0.130851 0.805266
0 0.519106 0.146019 0.108818 0.129253 0.84301
0 0.51782 0.145937 0.112423 0.131713 0.810443
0 0.518558 0.147548 0.110202 0.130872 0.820526
0 0.519171 0.146442 0.1133 0.132276 0.857925
0 0.519346 0.146935 0.109931 0.126587 0.748532
0 0.519144 0.148331 0.109509 0.128458 0.786413
0 0.519209 0.146282 0.109519 0.126336 0.842865
0 0.519333 0.145868 0.113419 0.12834 0.829518
0 0.517859 0.146254 0.111991 0.127275 0.794465
0 0.519617 0.144958 0.110976 0.126427 0.853414
0 0.51849 0.146234 0.112341 0.131393 0.766891
0 0.518741 0.147518 0.111029 0.1293 0.839514
0 0.517847 0.146218 0.113241 0.131938 0.728946
0 0.519363 0.147951 0.108757 0.129307 0.824886
0 0.518308 0.145075 0.112366 0.131183 0.749975
0 0.518525 0.146967 0.110207 0.129234 0.824329
0 0.519148 0.147106 0.109545 0.129268 0.802651
0 0.519953 0.146024 0.109036 0.125726 0.845975
0 0.520067 0.146583 0.10789 0.125089 0.835204
0 0.518968 0.146413 0.110106 0.129325 0.850709
0 0.519782 0.147125 0.110829 0.126843 0.806929
0 0.5205 0.146724 0.108953 0.128811 0.795079
0 0.519244 0.147932 0.108817 0.128674 0.827825
0 0.519772 0.147484 0.111776 0.131362 0.841607
0 0.51939 0.146798 0.110803 0.129777 0.844141
0 0.519533 0.146895 0.109415 0.130011 0.817491
0 0.518752 0.146711 0.110325 0.129331 0.840002
0 0.519477 0.146793 0.110582 0.127701 0.831673
0 0.51962 0.146091 0.10904 0.126116 0.847951
0 0.51937 0.146246 0.108684 0.125988 0.824554
0 0.519747 0.145942 0.109007 0.126167 0.831424
0 0.519612 0.146086 0.109028 0.126131 0.847611
