0 0.57787 0.355676 0.13165 0.1565 0.633025
0 0.572869 0.360304 0.119359 0.140805 0.611111
0 0.577085 0.363309 0.114343 0.137728 0.693468
0 0.576158 0.364425 0.12478 0.14365 0.682268
0 0.574125 0.363251 0.117608 0.13881 0.656103
0 0.578311 0.359699 0.120265 0.142318 0.668387
0 0.573682 0.362223 0.122172 0.140798 0.682885
0 0.572516 0.358492 0.121553 0.143184 0.618095
0 0.575037 0.363181 0.116645 0.140311 0.633569
0 0.57348 0.359583 0.122071 0.142605 0.654188
0 0.570822 0.360943 0.124432 0.147445 0.681941
0 0.57673 0.364408 0.114806 0.140514 0.668794
0 0.572232 0.361637 0.121812 0.141554 0.753962
0 0.570882 0.361156 0.125209 0.148926 0.666675
0 0.5771 0.356993 0.117055 0.136061 0.631164
0 0.573934 0.359324 0.121199 0.140506 0.758356
0 0.572621 0.357863 0.124375 0.146306 0.746166
0 0.573727 0.360719 0.118158 0.137826 0.801877
0 0.576222 0.360395 0.116501 0.134228 0.792228
0 0.575206 0.359262 0.123796 0.144441 0.720696
0 0.574896 0.359996 0.116127 0.135489 0.736742
0 0.576313 0.360037 0.117285 0.138118 0.732226
0 0.572922 0.360872 0.117881 0.13679 0.645013
0 0.571969 0.359187 0.121391 0.141604 0.703126
0 0.578294 0.361781 0.114189 0.136883 0.710834
0 0.574683 0.35914 0.119647 0.140457 0.68049
0 0.573489 0.360231 0.121649 0.142114 0.646963
0 0.575701 0.361002 0.115352 0.133867 0.747048
0 0.576281 0.360217 0.11735 0.136505 0.702074
0 0.574766 0.360563 0.113838 0.135151 0.6956
0 0.574731 0.36301 0.117289 0.135727 0.741127
0 0.574055 0.360952 0.120806 0.140079 0.742736
0 0.574416 0.359771 0.120488 0.140185 0.756801
0 0.574216 0.359514 0.118562 0.138589 0.746703
0 0.574983 0.358546 0.119946 0.143721 0.801324
0 0.577177 0.361935 0.111411 0.13272 0.640594
0 0.575211 0.361603 0.114934 0.134094 0.738882
0 0.574634 0.360705 0.119821 0.139505 0.745833
0 0.574401 0.358623 0.116487 0.135622 0.759783
0 0.571398 0.359929 0.120551 0.142131 0.77701
0 0.574614 0.358996 0.118627 0.138902 0.759015
0 0.573646 0.359193 0.11634 0.134618 0.724562
0 0.574402 0.360453 0.116529 0.133363 0.767576
0 0.572975 0.358474 0.120404 0.138789 0.725285
0 0.577077 0.36135 0.11304 0.133015 0.763044
0 0.574314 0.358303 0.115717 0.133482 0.747804
0 0.573491 0.360252 0.116492 0.135803 0.736444
0 0.576343 0.359646 0.115944 0.134781 0.742004
0 0.574792 0.359384 0.116033 0.13638 0.769647
0 0.573847 0.359164 0.118525 0.137528 0.760228
0 0.573922 0.35875 0.117422 0.136804 0.77555
0 0.574031 0.358222 0.116052 0.13579 0.732141
0 0.57441 0.359618 0.118951 0.138864 0.741519
0 0.573663 0.360225 0.118256 0.138492 0.750323
0 0.57479 0.359508 0.118002 0.13896 0.769701
0 0.576213 0.360538 0.117411 0.137478 0.78924
0 0.576787 0.360702 0.116835 0.137044 0.765465
0 0.57483 0.360471 0.119869 0.140524 0.809178
0 0.575171 0.360706 0.118898 0.140207 0.798423
0 0.575254 0.359915 0.119878 0.140411 0.807182
0 0.575192 0.35959 0.11825 0.13835 0.782846
0 0.575675 0.360128 0.118389 0.1388 0.799472
0 0.575247 0.359911 0.119889 0.140444 0.806668
