0 0.509635 0.489787 0.246723 0.286852 0.962384
0 0.229017 0.444577 0.219059 0.270801 0.92139
0 0.310998 0.164614 0.150341 0.184973 0.792597
0 0.464963 0.315667 0.19136 0.207155 0.735707
0 0.129568 0.201076 0.212691 0.245642 0.671024
0 0.302507 0.195298 0.221888 0.255528 0.662356
0 0.78365 0.375304 0.164239 0.185769 0.642184
0 0.602514 0.356051 0.163404 0.187223 0.866337
0 0.524531 0.486744 0.232762 0.289213 0.690346
0 0.593749 0.363185 0.164579 0.200643 0.74425
0 0.425844 0.144339 0.128983 0.15659 0.736387
0 0.236292 0.465023 0.286713 0.38522 0.722636
0 0.513969 0.49046 0.250646 0.284967 0.671011
0 0.293528 0.160496 0.112513 0.134938 0.636585
0 0.599202 0.358326 0.186582 0.216535 0.775077
0 0.132602 0.176486 0.163104 0.19739 0.708723
0 0.292436 0.159081 0.122976 0.155281 0.683372
0 0.518848 0.49402 0.2646 0.308746 0.606851
0 0.597292 0.359712 0.163597 0.207478 0.848383
0 0.130958 0.188051 0.187957 0.214133 0.821132
0 0.510233 0.492328 0.277676 0.325084 0.75606
0 0.426032 0.145622 0.140766 0.162892 0.725285
0 0.296391 0.164513 0.118265 0.138507 0.705577
0 0.698109 0.160946 0.194493 0.230203 0.652589
0 0.232383 0.469954 0.302407 0.362986 0.645247
0 0.422853 0.153715 0.166698 0.207851 0.600729
0 0.433924 0.142449 0.14708 0.168775 0.713117
0 0.234795 0.461999 0.32786 0.384445 0.701284
0 0.514642 0.494227 0.254473 0.302257 0.671695
0 0.605005 0.360266 0.185847 0.221367 0.642333
0 0.136253 0.177243 0.171059 0.203391 0.623454
0 0.23706 0.46777 0.326801 0.405215 0.828014
0 0.594589 0.369963 0.18669 0.221781 0.703593
0 0.69314 0.153823 0.203959 0.236817 0.696007
0 0.603019 0.36521 0.176987 0.217137 0.836606
0 0.248585 0.457179 0.271749 0.347674 0.751659
0 0.431225 0.144132 0.147001 0.177525 0.724763
0 0.29612 0.157855 0.122772 0.144046 0.606997
0 0.603035 0.363505 0.18176 0.220546 0.790797
0 0.429356 0.145349 0.140958 0.165647 0.728757
0 0.69633 0.158963 0.2056 0.239074 0.716002
0 0.506182 0.499442 0.256305 0.315241 0.696276
0 0.298533 0.156326 0.120984 0.139567 0.66536
0 0.135463 0.179503 0.160271 0.190013 0.661324
0 0.503846 0.496778 0.242462 0.296792 0.823234
0 0.599104 0.368969 0.197479 0.226385 0.76367
0 0.692214 0.154117 0.194674 0.229744 0.7391
0 0.236296 0.453059 0.307613 0.347484 0.737999
0 0.127268 0.182785 0.187014 0.214821 0.723585
0 0.426068 0.14762 0.153656 0.174522 0.695298
0 0.807954 0.354717 0.198952 0.23526 0.659188
0 0.29045 0.159322 0.133708 0.151206 0.632196
0 0.499454 0.497259 0.257937 0.310956 0.71305
0 0.595327 0.371444 0.169079 0.196491 0.705179
0 0.685863 0.15805 0.189666 0.228854 0.673141
0 0.424468 0.146812 0.140337 0.164431 0.666951
0 0.132123 0.175331 0.14926 0.182937 0.656787
0 0.259395 0.449618 0.309055 0.346375 0.628289
0 0.598602 0.363671 0.186438 0.226022 0.771117
0 0.12564 0.185104 0.198887 0.224731 0.729983
0 0.690187 0.152492 0.207832 0.238911 0.727617
0 0.246119 0.45019 0.29956 0.365957 0.700555
0 0.498132 0.496287 0.261549 0.311341 0.680352
0 0.608349 0.371872 0.19 0.229163 0.742066
0 0.430773 0.145311 0.14024 0.167558 0.720119
0 0.511468 0.497036 0.255813 0.309384 0.713461
0 0.252198 0.449186 0.300258 0.351946 0.672185
0 0.129477 0.172294 0.157167 0.185845 0.6469
0 0.601752 0.370468 0.194493 0.230733 0.796083
0 0.250252 0.44563 0.300801 0.357314 0.776399
0 0.696232 0.153849 0.2021 0.238235 0.749169
0 0.507422 0.497836 0.25992 0.309201 0.73498
0 0.133699 0.18273 0.194318 0.225746 0.72304
0 0.428254 0.145548 0.140361 0.163198 0.714022
0 0.296724 0.159453 0.13023 0.149493 0.673219
0 0.601605 0.367966 0.184396 0.217564 0.862784
0 0.697607 0.155891 0.205031 0.238508 0.798278
0 0.512611 0.499159 0.266652 0.310632 0.77267
0 0.137365 0.185179 0.190183 0.222551 0.747637
0 0.431805 0.145476 0.146977 0.173779 0.711954
0 0.247534 0.452645 0.302354 0.345264 0.668357
0 0.505322 0.492324 0.235356 0.284869 0.769363
0 0.249258 0.452532 0.305084 0.339443 0.753726
0 0.601713 0.367558 0.191972 0.226806 0.753612
0 0.425269 0.145439 0.14295 0.16739 0.677474
0 0.691741 0.155325 0.201456 0.233185 0.636771
0 0.130331 0.179928 0.178977 0.208717 0.607514
0 0.605734 0.370471 0.209223 0.238658 0.843308
0 0.693918 0.158111 0.201843 0.232198 0.746727
0 0.428379 0.149211 0.158301 0.180595 0.736912
0 0.251374 0.448384 0.296038 0.341869 0.729229
0 0.132468 0.18836 0.183788 0.220137 0.725507
0 0.507908 0.495396 0.289775 0.346211 0.673758
0 0.299641 0.162243 0.128402 0.15048 0.650899
0 0.593825 0.37305 0.197332 0.237647 0.803832
0 0.499276 0.495976 0.24536 0.293752 0.778172
0 0.246834 0.446093 0.298493 0.35212 0.707878
0 0.424851 0.140663 0.141961 0.160065 0.702547
0 0.128075 0.18892 0.19057 0.223732 0.650874
0 0.682794 0.16073 0.202423 0.238057 0.626111
0 0.243218 0.446031 0.311276 0.356095 0.786264
0 0.593854 0.370243 0.206593 0.244045 0.744473
0 0.507416 0.497363 0.275293 0.321577 0.722201
0 0.124872 0.184986 0.200997 0.23044 0.65985
0 0.426813 0.146975 0.154558 0.170278 0.630498
0 0.607945 0.362273 0.198353 0.231779 0.81202
0 0.509726 0.492394 0.278864 0.324455 0.792823
0 0.252402 0.445395 0.30446 0.350977 0.742351
0 0.430723 0.147791 0.15973 0.182878 0.719
0 0.687866 0.149987 0.209212 0.238474 0.700574
0 0.131734 0.184556 0.196531 0.225611 0.677458
0 0.597892 0.369169 0.198106 0.228039 0.843255
0 0.129617 0.183524 0.187214 0.21211 0.799233
0 0.429278 0.148718 0.142716 0.17088 0.796451
0 0.249992 0.448254 0.30061 0.344969 0.778668
0 0.688149 0.155598 0.189773 0.21404 0.76574
0 0.503115 0.495076 0.251289 0.296099 0.764999
0 0.81724 0.358314 0.216297 0.246569 0.673846
0 0.602382 0.369562 0.195866 0.233303 0.814723
0 0.497116 0.503461 0.266932 0.313853 0.75942
0 0.687347 0.160972 0.214398 0.245931 0.752816
0 0.429372 0.152021 0.155569 0.175718 0.738536
0 0.24722 0.456659 0.301463 0.344278 0.703566
0 0.807549 0.361978 0.225482 0.26974 0.699667
0 0.129365 0.184637 0.191064 0.221606 0.695501
0 0.597802 0.365833 0.185849 0.21954 0.814164
0 0.498686 0.49629 0.264136 0.293632 0.796237
0 0.427208 0.150608 0.158507 0.181619 0.782829
0 0.127806 0.185432 0.190504 0.218941 0.760545
0 0.241735 0.448284 0.308287 0.354035 0.757503
0 0.689256 0.157672 0.206829 0.22981 0.726757
0 0.808357 0.359063 0.223522 0.253584 0.61822
0 0.247976 0.450506 0.29079 0.339336 0.860045
0 0.600696 0.364797 0.186962 0.222256 0.85755
0 0.69406 0.157067 0.200389 0.232145 0.837262
0 0.133389 0.181508 0.176531 0.207082 0.828441
0 0.499413 0.493663 0.2624 0.31058 0.822059
0 0.430604 0.149655 0.15771 0.179649 0.781371
0 0.807194 0.348652 0.209788 0.252315 0.640822
0 0.259471 0.453371 0.315927 0.352075 0.878639
0 0.598511 0.365615 0.196343 0.231689 0.85216
0 0.426838 0.15146 0.158922 0.180355 0.818456
0 0.51013 0.504072 0.264557 0.308194 0.802991
0 0.68735 0.156856 0.201534 0.23187 0.795708
0 0.135093 0.185457 0.193764 0.223169 0.774259
0 0.603265 0.367624 0.195177 0.235637 0.82302
0 0.685195 0.161287 0.20241 0.229859 0.783951
0 0.131832 0.189174 0.189627 0.221307 0.759896
0 0.252289 0.44394 0.298279 0.356867 0.758548
0 0.431302 0.150441 0.159114 0.183087 0.734405
0 0.508703 0.496806 0.25707 0.309962 0.724218
0 0.810457 0.367301 0.227882 0.268515 0.691579
0 0.597596 0.371172 0.193534 0.226649 0.790309
0 0.254744 0.449996 0.28112 0.333859 0.77537
0 0.428272 0.150866 0.153608 0.172652 0.769568
0 0.506896 0.501331 0.249351 0.295053 0.740859
0 0.688561 0.157518 0.202896 0.235393 0.737398
0 0.133521 0.183986 0.181623 0.214257 0.720621
0 0.801027 0.358876 0.213063 0.258908 0.68742
0 0.247123 0.445913 0.295315 0.352712 0.799492
0 0.600942 0.372919 0.192751 0.225347 0.754155
0 0.130633 0.186096 0.184932 0.20974 0.749856
0 0.502437 0.493195 0.244803 0.286051 0.737181
0 0.428409 0.149618 0.155267 0.177919 0.68311
0 0.688627 0.158279 0.194143 0.22533 0.666002
0 0.601933 0.364336 0.202844 0.236407 0.800838
0 0.252119 0.444918 0.308229 0.347526 0.771525
0 0.689419 0.149552 0.189138 0.220921 0.766018
0 0.504174 0.494946 0.260166 0.305219 0.760756
0 0.428955 0.147711 0.159704 0.179738 0.712526
0 0.131992 0.17683 0.17703 0.205032 0.687247
0 0.247752 0.444315 0.311199 0.351696 0.867374
0 0.500428 0.494706 0.271581 0.312138 0.838595
0 0.599606 0.365822 0.198028 0.230948 0.831543
0 0.689777 0.149032 0.201485 0.231032 0.797661
0 0.428555 0.150043 0.161246 0.183453 0.788914
0 0.128621 0.180939 0.181712 0.213933 0.764244
0 0.298963 0.165248 0.139025 0.165964 0.606012
0 0.595772 0.368777 0.203526 0.238882 0.837215
0 0.689295 0.155886 0.197247 0.230132 0.790297
0 0.129463 0.178507 0.187552 0.212789 0.771723
0 0.249889 0.447582 0.305783 0.344781 0.762411
0 0.427966 0.151919 0.161922 0.18394 0.761377
0 0.499728 0.494066 0.271649 0.315953 0.736893
0 0.293267 0.169175 0.142147 0.168581 0.658452
0 0.82663 0.362922 0.259079 0.299112 0.624458
0 0.595721 0.372127 0.203706 0.241175 0.883112
0 0.24834 0.452567 0.290648 0.35228 0.843408
0 0.49941 0.502417 0.269854 0.313819 0.827321
0 0.427678 0.149941 0.156396 0.179125 0.79617
0 0.685941 0.157826 0.200503 0.231392 0.788046
0 0.130276 0.183993 0.190165 0.220526 0.78749
0 0.807857 0.362153 0.227682 0.267825 0.656269
0 0.293774 0.170816 0.142158 0.165778 0.649843
0 0.596325 0.373827 0.194814 0.228779 0.843576
0 0.427813 0.1534 0.159035 0.179228 0.788822
0 0.686357 0.154934 0.202229 0.231537 0.780872
0 0.501806 0.497618 0.25621 0.294768 0.762462
0 0.130029 0.185981 0.18865 0.216879 0.751241
0 0.244971 0.441807 0.300223 0.363434 0.703626
0 0.798902 0.359336 0.225086 0.265877 0.698204
0 0.689942 0.151866 0.201085 0.232739 0.782166
0 0.253368 0.451161 0.287491 0.344525 0.765403
0 0.59894 0.368787 0.201767 0.23571 0.763931
0 0.431568 0.147385 0.160216 0.183982 0.735691
0 0.134612 0.178112 0.18521 0.218698 0.71953
0 0.508754 0.499826 0.257619 0.304018 0.714395
0 0.815694 0.360222 0.238408 0.280615 0.616307
0 0.249982 0.442604 0.299082 0.340798 0.833308
0 0.598326 0.364876 0.193523 0.225345 0.754217
0 0.495902 0.48698 0.270033 0.309893 0.704646
0 0.133066 0.179515 0.184516 0.210433 0.696757
0 0.431084 0.147605 0.156837 0.180709 0.66609
0 0.69045 0.149456 0.194984 0.221327 0.647926
0 0.598951 0.366829 0.191114 0.221942 0.836508
0 0.498261 0.495583 0.256242 0.288011 0.824288
0 0.688628 0.151369 0.188126 0.218923 0.815357
0 0.128291 0.182492 0.188577 0.212682 0.794765
0 0.428642 0.152022 0.160899 0.184888 0.783162
0 0.249466 0.445548 0.302906 0.340356 0.76077
0 0.813477 0.352291 0.226846 0.262463 0.7448
0 0.597258 0.365246 0.1933 0.224703 0.840579
0 0.132169 0.183617 0.183814 0.21683 0.811043
0 0.693263 0.149155 0.194849 0.227427 0.798822
0 0.510508 0.49208 0.24823 0.297818 0.792259
0 0.430961 0.14957 0.155691 0.18182 0.782049
0 0.252977 0.448896 0.279053 0.345094 0.779475
0 0.817008 0.35396 0.226803 0.264708 0.736319
0 0.596328 0.366336 0.196089 0.225317 0.806538
0 0.505751 0.497868 0.26019 0.301346 0.789754
0 0.131065 0.181252 0.193311 0.217888 0.789364
0 0.245421 0.448296 0.289083 0.337574 0.778669
0 0.688183 0.149749 0.193037 0.218861 0.752715
0 0.42895 0.150824 0.158939 0.179701 0.70304
0 0.812696 0.351716 0.242536 0.281 0.669903
0 0.597229 0.371873 0.19692 0.233846 0.784703
0 0.255995 0.445714 0.297267 0.34256 0.752228
0 0.132719 0.185226 0.185781 0.217836 0.74993
0 0.498458 0.498269 0.263351 0.310669 0.723282
0 0.690351 0.156713 0.197162 0.227164 0.699632
0 0.42824 0.151302 0.159308 0.184673 0.690697
0 0.600131 0.368046 0.191142 0.224659 0.864048
0 0.129347 0.181146 0.184766 0.211036 0.8232
0 0.490242 0.488454 0.263912 0.311072 0.818092
0 0.428468 0.151315 0.157561 0.183728 0.798465
0 0.685999 0.152045 0.196149 0.227927 0.793235
0 0.242392 0.436209 0.300205 0.359049 0.792294
0 0.807374 0.353956 0.222365 0.261134 0.741103
0 0.498739 0.492513 0.255355 0.301053 0.834025
0 0.596354 0.367784 0.193208 0.228142 0.831179
0 0.128917 0.182039 0.187677 0.213688 0.821434
0 0.248684 0.448342 0.283492 0.337248 0.820086
0 0.685881 0.154743 0.199425 0.232931 0.747107
0 0.428976 0.150987 0.163898 0.189085 0.713944
0 0.811465 0.351155 0.243565 0.291578 0.703142
0 0.595903 0.374948 0.195097 0.229253 0.846114
0 0.129837 0.184551 0.185347 0.218902 0.813656
0 0.255972 0.445685 0.305546 0.349162 0.797987
0 0.686986 0.156496 0.197903 0.22727 0.795762
0 0.509771 0.495427 0.258905 0.300882 0.785343
0 0.809807 0.355568 0.222682 0.257889 0.758049
0 0.429484 0.14803 0.15177 0.173677 0.733712
0 0.247792 0.450048 0.302585 0.347142 0.858126
0 0.599025 0.37393 0.192077 0.230321 0.8566
0 0.135682 0.181786 0.176684 0.208548 0.815106
0 0.808942 0.357298 0.213773 0.252492 0.783885
0 0.512417 0.492357 0.261174 0.303283 0.782484
0 0.428767 0.150445 0.154872 0.17957 0.750074
0 0.685965 0.160519 0.186745 0.219217 0.736726
0 0.296232 0.167291 0.138538 0.165511 0.605743
0 0.129183 0.182271 0.183319 0.210268 0.810205
0 0.246518 0.443116 0.295017 0.346578 0.810104
0 0.595073 0.364926 0.19102 0.223202 0.803946
0 0.499089 0.488062 0.25439 0.293764 0.793777
0 0.427646 0.149065 0.153818 0.175068 0.740679
0 0.684695 0.154491 0.188378 0.214124 0.721426
0 0.817401 0.348314 0.226462 0.260626 0.659823
0 0.5933 0.367788 0.192846 0.224718 0.838658
0 0.496294 0.491919 0.251507 0.287455 0.833301
0 0.128173 0.180901 0.193396 0.221213 0.821996
0 0.686197 0.154421 0.192152 0.221435 0.780686
0 0.235108 0.446024 0.28602 0.339134 0.774852
0 0.81482 0.355446 0.224723 0.255996 0.763675
0 0.427641 0.149746 0.162079 0.186941 0.72909
0 0.595006 0.375633 0.197359 0.233334 0.850655
0 0.503167 0.499969 0.257168 0.293233 0.831531
0 0.247797 0.450551 0.29866 0.345134 0.817318
0 0.128813 0.18207 0.177764 0.206258 0.796625
0 0.811552 0.365216 0.22091 0.269054 0.782502
0 0.687298 0.158336 0.190249 0.221115 0.758536
0 0.430055 0.151565 0.150769 0.177018 0.738382
0 0.595262 0.374768 0.197353 0.228066 0.843525
0 0.128109 0.184028 0.187518 0.213631 0.83681
0 0.247912 0.447154 0.288345 0.339297 0.834917
0 0.499577 0.504465 0.258798 0.297868 0.818377
0 0.684701 0.161848 0.196265 0.224639 0.797177
0 0.424738 0.152072 0.163539 0.188445 0.756029
0 0.813277 0.357603 0.220271 0.254131 0.72809
0 0.249745 0.446642 0.306943 0.356408 0.843343
0 0.595715 0.370569 0.1911 0.22448 0.836592
0 0.502917 0.501457 0.251055 0.28553 0.812292
0 0.127013 0.183352 0.192757 0.221365 0.799071
0 0.68269 0.160941 0.19658 0.229081 0.790374
0 0.813818 0.362661 0.223273 0.258592 0.750237
0 0.425923 0.151342 0.16238 0.189627 0.736026
0 0.252889 0.442835 0.302396 0.35658 0.796509
0 0.501167 0.49496 0.251289 0.284211 0.783814
0 0.13245 0.181804 0.191017 0.218572 0.782373
0 0.596151 0.36979 0.195176 0.226797 0.776451
0 0.683722 0.157953 0.196303 0.224888 0.761407
0 0.42659 0.150252 0.161299 0.184992 0.716248
0 0.813512 0.3545 0.225699 0.258686 0.680418
0 0.500277 0.496589 0.253618 0.288213 0.84076
0 0.59523 0.371817 0.194346 0.228937 0.836339
0 0.244004 0.44547 0.303443 0.351083 0.817469
0 0.129348 0.181034 0.183738 0.215169 0.813572
0 0.686151 0.155788 0.193626 0.227719 0.802107
0 0.425783 0.150085 0.158393 0.184757 0.745245
0 0.814623 0.354697 0.229555 0.258284 0.644867
0 0.130268 0.177775 0.180822 0.209252 0.859593
0 0.595851 0.371485 0.196391 0.23018 0.852515
0 0.50127 0.498372 0.257557 0.289397 0.828882
0 0.685201 0.15387 0.192599 0.222627 0.811969
0 0.249911 0.447065 0.307182 0.346002 0.798627
0 0.426641 0.147349 0.157916 0.184372 0.794778
0 0.815497 0.356224 0.230815 0.261165 0.755832
0 0.596387 0.370214 0.195577 0.230249 0.864012
0 0.503825 0.492046 0.252881 0.292989 0.820324
0 0.12803 0.177138 0.182867 0.213269 0.811678
0 0.687906 0.152774 0.188845 0.218512 0.807282
0 0.251268 0.441494 0.311239 0.354092 0.799167
0 0.427699 0.149383 0.158377 0.184421 0.775887
0 0.811562 0.357286 0.223635 0.25895 0.713664
0 0.129517 0.182067 0.181128 0.211308 0.84775
0 0.596968 0.375401 0.196374 0.235933 0.829405
0 0.246224 0.448226 0.293638 0.337072 0.796985
0 0.509624 0.499653 0.250212 0.295193 0.774649
0 0.684734 0.158142 0.187745 0.220223 0.768481
0 0.826067 0.361833 0.237361 0.271444 0.759883
0 0.426856 0.15112 0.158731 0.184315 0.757773
0 0.599302 0.37233 0.197415 0.231683 0.847746
0 0.12958 0.182016 0.183419 0.212707 0.841093
0 0.250704 0.448143 0.301891 0.342159 0.8033
0 0.513833 0.496063 0.250896 0.290835 0.761274
0 0.431865 0.151865 0.151223 0.172912 0.759477
0 0.683622 0.158777 0.189598 0.219379 0.741037
0 0.820655 0.359316 0.229984 0.266533 0.688568
0 0.244767 0.447468 0.301762 0.348231 0.834424
0 0.497788 0.493038 0.266567 0.30389 0.785664
0 0.591939 0.368164 0.203221 0.239818 0.781604
0 0.131058 0.178661 0.18376 0.21445 0.764775
0 0.814015 0.351925 0.221932 0.258354 0.763068
0 0.684685 0.151848 0.19524 0.227233 0.748817
0 0.426065 0.148769 0.156227 0.181898 0.650979
0 0.250923 0.451083 0.301867 0.347729 0.846678
0 0.130291 0.183953 0.187119 0.216457 0.826605
0 0.594008 0.372789 0.19744 0.230997 0.816341
0 0.502634 0.493267 0.249105 0.289132 0.794873
0 0.81268 0.359303 0.222301 0.252979 0.788011
0 0.683076 0.160697 0.194542 0.226349 0.762735
0 0.426607 0.150255 0.158583 0.182533 0.72094
0 0.132355 0.184047 0.187405 0.220216 0.856428
0 0.504312 0.494344 0.253272 0.289005 0.826014
0 0.595556 0.372387 0.198916 0.234142 0.825594
0 0.683761 0.156436 0.198172 0.226864 0.803417
0 0.24621 0.443776 0.302969 0.352578 0.794733
0 0.814338 0.358566 0.228451 0.264406 0.730523
0 0.427576 0.150663 0.163434 0.1927 0.714869
0 0.249624 0.446093 0.290268 0.341702 0.835843
0 0.130874 0.1828 0.186234 0.218113 0.805459
0 0.59669 0.369119 0.201518 0.234362 0.783152
0 0.513424 0.492632 0.244839 0.29054 0.745057
0 0.687721 0.154109 0.197157 0.227141 0.71333
0 0.816729 0.357564 0.228937 0.262821 0.706883
0 0.429809 0.148539 0.158743 0.18532 0.628216
0 0.248798 0.43924 0.306573 0.351924 0.833666
0 0.1305 0.182837 0.18318 0.214124 0.821162
0 0.597608 0.370025 0.19955 0.233057 0.816719
0 0.497952 0.491631 0.259629 0.297998 0.785308
0 0.807169 0.354076 0.220796 0.25555 0.784527
0 0.685357 0.150884 0.194049 0.221145 0.7521
0 0.426127 0.148536 0.160356 0.185332 0.716011
0 0.300014 0.165329 0.148703 0.173271 0.601992
0 0.596182 0.376788 0.20363 0.242073 0.824445
0 0.248574 0.448932 0.299814 0.342151 0.822714
0 0.131463 0.183231 0.18625 0.216515 0.81521
0 0.500469 0.496295 0.260914 0.299653 0.791318
0 0.816183 0.363686 0.230823 0.268611 0.766731
0 0.684978 0.156778 0.190835 0.220354 0.765054
0 0.426254 0.152373 0.162869 0.189826 0.733139
0 0.598526 0.373824 0.196946 0.231756 0.824615
0 0.506713 0.498178 0.251177 0.290116 0.823959
0 0.131445 0.184894 0.181462 0.211509 0.817359
0 0.25428 0.449003 0.301031 0.343868 0.815502
0 0.686762 0.159157 0.196593 0.223699 0.779233
0 0.825689 0.361653 0.238131 0.269381 0.767936
0 0.429348 0.151511 0.160545 0.186125 0.678541
0 0.247583 0.440641 0.303516 0.3424 0.822514
0 0.131968 0.184524 0.180873 0.21209 0.809232
0 0.501572 0.49724 0.257458 0.29286 0.800183
0 0.598408 0.369394 0.195378 0.23122 0.783699
0 0.813386 0.354289 0.227264 0.25934 0.74482
0 0.684709 0.155394 0.19599 0.224414 0.739217
0 0.430101 0.149982 0.158838 0.185144 0.686655
0 0.129278 0.181569 0.182314 0.211352 0.851061
0 0.595855 0.373974 0.202696 0.239587 0.849761
0 0.252161 0.44429 0.30984 0.348356 0.840107
0 0.504025 0.498147 0.259207 0.301247 0.830388
0 0.685048 0.160313 0.195704 0.227659 0.78708
0 0.815585 0.360384 0.225304 0.259932 0.773709
0 0.428363 0.1518 0.159852 0.185499 0.728894
0 0.251236 0.446996 0.302277 0.345492 0.845086
0 0.59677 0.374087 0.199271 0.235432 0.843281
0 0.129711 0.183399 0.183908 0.213547 0.828974
0 0.507428 0.496962 0.252168 0.289603 0.792168
0 0.684899 0.155673 0.192965 0.223796 0.767101
0 0.816574 0.357196 0.223085 0.254411 0.758948
0 0.428124 0.152523 0.158506 0.183601 0.732979
0 0.131581 0.182645 0.18177 0.210008 0.840295
0 0.25386 0.4493 0.299456 0.335051 0.838755
0 0.59877 0.374557 0.195681 0.231163 0.837943
0 0.507946 0.497643 0.254168 0.292098 0.79761
0 0.685465 0.160279 0.194796 0.224984 0.782674
0 0.825551 0.360055 0.228901 0.262575 0.742085
0 0.429395 0.153749 0.150382 0.178674 0.741575
0 0.257596 0.445995 0.311039 0.348179 0.839645
0 0.131894 0.182863 0.174533 0.205464 0.833785
0 0.598495 0.369916 0.195483 0.231233 0.817628
0 0.686649 0.159146 0.191639 0.220677 0.763154
0 0.509366 0.493587 0.25477 0.293044 0.75648
0 0.833241 0.362857 0.248267 0.281069 0.657855
0 0.429391 0.150841 0.155209 0.180115 0.639623
0 0.130342 0.182105 0.184948 0.214041 0.832368
0 0.245533 0.447162 0.304968 0.35082 0.813316
0 0.595866 0.375027 0.199978 0.239099 0.802602
0 0.811459 0.360768 0.215259 0.259266 0.754061
0 0.685959 0.158902 0.193137 0.222541 0.747412
0 0.509792 0.497093 0.254092 0.297724 0.745668
0 0.432059 0.15171 0.153215 0.183193 0.671921
0 0.250265 0.446817 0.301557 0.348122 0.879221
0 0.130682 0.182156 0.189389 0.221399 0.855742
0 0.600115 0.373647 0.202627 0.238961 0.83964
0 0.687965 0.158544 0.198335 0.22762 0.804528
0 0.823514 0.361077 0.232166 0.26886 0.80321
0 0.514441 0.495977 0.253487 0.295029 0.768964
0 0.433438 0.156139 0.155739 0.190168 0.708867
0 0.24879 0.444424 0.306033 0.351719 0.86663
0 0.598692 0.37459 0.203524 0.238409 0.821032
0 0.129084 0.181768 0.188371 0.217093 0.810549
0 0.504498 0.498576 0.260326 0.301086 0.803226
0 0.685625 0.160292 0.20111 0.230582 0.776666
0 0.821187 0.362217 0.228506 0.258292 0.767553
0 0.428737 0.152891 0.161965 0.186811 0.666429
0 0.598637 0.369989 0.203002 0.237348 0.85145
0 0.250675 0.444589 0.310535 0.355195 0.836257
0 0.130892 0.180919 0.181857 0.211182 0.830839
0 0.689842 0.15462 0.197237 0.224647 0.830005
0 0.512858 0.495203 0.256012 0.296836 0.803919
0 0.816736 0.356455 0.225054 0.257295 0.788338
0 0.431287 0.149658 0.158699 0.185458 0.727561
0 0.25015 0.450503 0.303935 0.347218 0.870652
0 0.592938 0.374301 0.200838 0.236864 0.818687
0 0.130338 0.182926 0.181801 0.211309 0.817342
0 0.507088 0.497699 0.250568 0.288956 0.793615
0 0.686174 0.157064 0.191835 0.220865 0.762913
0 0.816004 0.362637 0.221943 0.258047 0.740569
0 0.24682 0.445435 0.304587 0.348178 0.863393
0 0.130533 0.182899 0.185511 0.214215 0.836227
0 0.507288 0.501898 0.254235 0.290971 0.790998
0 0.594499 0.375169 0.202388 0.237313 0.787239
0 0.686245 0.157444 0.192019 0.222204 0.761414
0 0.814791 0.359849 0.219944 0.255712 0.746352
0 0.430123 0.153174 0.157113 0.184603 0.676396
0 0.251114 0.442146 0.301193 0.344254 0.85056
0 0.130198 0.184399 0.182374 0.213161 0.836601
0 0.59558 0.372045 0.199057 0.234954 0.809014
0 0.50777 0.49927 0.250299 0.288277 0.800774
0 0.686481 0.155744 0.190056 0.218781 0.763022
0 0.428956 0.151894 0.160913 0.187586 0.723416
0 0.825116 0.358784 0.237989 0.272831 0.687545
0 0.250031 0.445553 0.30819 0.351324 0.890802
0 0.131965 0.181083 0.184508 0.213257 0.870179
0 0.597109 0.373464 0.197362 0.231907 0.85478
0 0.51379 0.496535 0.251744 0.292486 0.842766
0 0.689105 0.154942 0.19299 0.221887 0.830143
0 0.817831 0.355565 0.225149 0.259995 0.824491
0 0.430276 0.151065 0.158406 0.183427 0.754065
0 0.250387 0.446058 0.3065 0.345922 0.867218
0 0.13098 0.182397 0.18134 0.211839 0.863674
0 0.510217 0.495901 0.2513 0.29064 0.838805
0 0.688064 0.154558 0.189878 0.218481 0.835576
0 0.595699 0.374723 0.200457 0.234854 0.819807
0 0.82006 0.358705 0.227416 0.261086 0.801099
0 0.428454 0.151262 0.157502 0.183336 0.697114
0 0.249627 0.441059 0.30692 0.353897 0.858612
0 0.129386 0.178396 0.182868 0.210375 0.84709
0 0.500689 0.492432 0.257848 0.296441 0.824524
0 0.591792 0.369096 0.200156 0.234058 0.823042
0 0.684777 0.154286 0.189915 0.218291 0.812817
0 0.812335 0.354324 0.223437 0.254822 0.803411
0 0.428297 0.148845 0.156391 0.181591 0.673355
0 0.24884 0.442248 0.306831 0.352785 0.86441
0 0.505426 0.493843 0.254144 0.291356 0.835794
0 0.132283 0.179051 0.180982 0.211545 0.834055
0 0.596082 0.370205 0.197069 0.230838 0.817908
0 0.688264 0.155594 0.189787 0.220379 0.816457
0 0.830789 0.359485 0.248752 0.283463 0.761806
0 0.131505 0.180256 0.183103 0.211731 0.868953
0 0.250125 0.448452 0.302635 0.345595 0.86178
0 0.686669 0.157646 0.192886 0.222415 0.843707
0 0.59564 0.372867 0.198801 0.232562 0.842941
0 0.508319 0.49843 0.255528 0.296597 0.805317
0 0.818015 0.358549 0.234275 0.276015 0.779404
0 0.430226 0.151587 0.161095 0.18605 0.683125
0 0.252473 0.451601 0.294646 0.342709 0.85357
0 0.130269 0.179036 0.181422 0.209132 0.815477
0 0.50923 0.495157 0.254605 0.288033 0.803332
0 0.59502 0.371814 0.195633 0.226608 0.795784
0 0.686462 0.156112 0.192638 0.219595 0.75063
0 0.813899 0.360524 0.221308 0.251447 0.728288
0 0.249642 0.448372 0.298262 0.348339 0.87255
0 0.131792 0.181271 0.183198 0.214656 0.868374
0 0.595414 0.373927 0.203282 0.237694 0.827826
0 0.685727 0.156486 0.195419 0.225157 0.8233
0 0.502814 0.495739 0.257734 0.297887 0.809196
0 0.810309 0.358868 0.224128 0.264992 0.778198
0 0.429588 0.150544 0.157484 0.182504 0.668676
0 0.25295 0.447219 0.304022 0.348191 0.860344
0 0.131004 0.182245 0.183083 0.213328 0.848892
0 0.501614 0.493408 0.255935 0.29591 0.819504
0 0.594452 0.373088 0.203029 0.237082 0.81499
0 0.68567 0.157806 0.192434 0.222984 0.801728
0 0.816323 0.359414 0.225086 0.25748 0.791069
0 0.428614 0.151192 0.15896 0.184831 0.600652
0 0.253572 0.445521 0.298031 0.34382 0.857204
0 0.131891 0.181205 0.18285 0.210822 0.83647
0 0.597378 0.373521 0.205831 0.237853 0.809094
0 0.506928 0.496652 0.25746 0.296556 0.804991
0 0.687509 0.157051 0.193477 0.222065 0.79276
0 0.816479 0.361021 0.228882 0.261411 0.75705
0 0.248417 0.445486 0.305847 0.351825 0.856505
0 0.131795 0.180634 0.183845 0.211454 0.838194
0 0.68693 0.156786 0.192444 0.221117 0.822843
0 0.503834 0.493586 0.259586 0.296384 0.812678
0 0.59589 0.371346 0.20149 0.236019 0.806348
0 0.811372 0.357114 0.22121 0.256893 0.788588
0 0.431403 0.151887 0.1603 0.185911 0.604621
0 0.252185 0.44657 0.301631 0.345221 0.860577
0 0.131115 0.180348 0.180941 0.208237 0.858786
0 0.506757 0.495569 0.25042 0.288785 0.843386
0 0.594857 0.371824 0.199302 0.233044 0.842329
0 0.686604 0.156126 0.190286 0.219071 0.828851
0 0.815578 0.357981 0.221879 0.258975 0.793029
0 0.430031 0.150344 0.156996 0.181039 0.657258
0 0.253032 0.449993 0.299339 0.345511 0.864381
0 0.130341 0.181486 0.180446 0.208447 0.850421
0 0.594068 0.373694 0.200684 0.233352 0.841224
0 0.507488 0.497016 0.25173 0.288863 0.833201
0 0.685079 0.157963 0.191026 0.221343 0.821337
0 0.817056 0.362952 0.227876 0.265186 0.814603
0 0.429029 0.151776 0.158789 0.182699 0.709809
0 0.249743 0.446831 0.306386 0.351953 0.881362
0 0.131332 0.180919 0.183592 0.21368 0.868792
0 0.685458 0.158656 0.196104 0.226233 0.84865
0 0.503517 0.496683 0.257956 0.294561 0.847184
0 0.594769 0.373676 0.20367 0.238728 0.836757
0 0.807718 0.360759 0.221562 0.263803 0.816003
0 0.429177 0.151883 0.160764 0.187291 0.724967
0 0.250968 0.449374 0.302717 0.349084 0.883402
0 0.130692 0.181164 0.179584 0.208511 0.830185
0 0.688069 0.158698 0.19075 0.220498 0.817667
0 0.507091 0.496843 0.258136 0.298648 0.816897
0 0.594514 0.377092 0.20265 0.239471 0.809431
0 0.813054 0.363714 0.22099 0.261998 0.803853
0 0.252787 0.447508 0.305786 0.349592 0.87397
0 0.13079 0.180928 0.182265 0.210868 0.846141
0 0.686483 0.156867 0.19292 0.222944 0.836504
0 0.595556 0.372923 0.202258 0.236404 0.830309
0 0.507882 0.495364 0.258334 0.294648 0.824052
0 0.818873 0.359358 0.231046 0.262516 0.820277
0 0.250523 0.449966 0.300673 0.348137 0.88026
0 0.130834 0.18218 0.182369 0.209704 0.844023
0 0.503679 0.497626 0.253465 0.293811 0.843288
0 0.68506 0.1593 0.190074 0.221315 0.821252
0 0.593581 0.375817 0.202085 0.236278 0.805059
0 0.819523 0.364226 0.231119 0.265076 0.801185
0 0.250103 0.447152 0.303524 0.351815 0.869482
0 0.131054 0.180948 0.181055 0.210339 0.843557
0 0.503877 0.49595 0.257083 0.295651 0.834432
0 0.686318 0.156315 0.190135 0.221327 0.823596
0 0.59428 0.37461 0.200998 0.23482 0.817249
0 0.8168 0.361101 0.227629 0.260171 0.798339
0 0.246455 0.446092 0.307669 0.353091 0.880481
0 0.506578 0.496668 0.253839 0.292448 0.85085
0 0.130009 0.180761 0.184543 0.213158 0.850015
0 0.595992 0.372508 0.199715 0.232601 0.842307
0 0.685237 0.155896 0.191264 0.22202 0.816045
0 0.816245 0.360835 0.226483 0.260416 0.799096
0 0.254178 0.447044 0.300735 0.350599 0.865024
0 0.50725 0.495304 0.256644 0.295336 0.829548
0 0.131668 0.180213 0.181132 0.208989 0.818575
0 0.597733 0.373957 0.199415 0.232235 0.815527
0 0.688127 0.156749 0.190124 0.220455 0.811953
0 0.820624 0.361811 0.230361 0.261094 0.773753
0 0.249879 0.448489 0.301289 0.346965 0.877167
0 0.506034 0.497242 0.254528 0.291927 0.849733
0 0.130281 0.181488 0.182117 0.210282 0.83952
0 0.596658 0.373611 0.198983 0.231158 0.837311
0 0.687085 0.15668 0.190893 0.221376 0.833793
0 0.817077 0.361547 0.225854 0.259351 0.792396
0 0.249891 0.447086 0.306691 0.350954 0.873073
0 0.130852 0.181178 0.18203 0.209968 0.845046
0 0.507601 0.496734 0.257441 0.295732 0.835148
0 0.687052 0.156342 0.190549 0.220212 0.826996
0 0.59652 0.374438 0.198678 0.232075 0.819502
0 0.818101 0.362301 0.228541 0.262748 0.793342
0 0.248489 0.447628 0.304125 0.34826 0.880082
0 0.131005 0.183869 0.179505 0.208982 0.861155
0 0.50634 0.496475 0.256771 0.295272 0.853454
0 0.687259 0.156855 0.190783 0.221021 0.846297
0 0.596135 0.374817 0.200056 0.233143 0.838525
0 0.815821 0.361172 0.226143 0.259923 0.811879
0 0.249918 0.447803 0.302197 0.348094 0.882841
0 0.507672 0.496031 0.254165 0.293115 0.84562
0 0.131117 0.181473 0.182047 0.210592 0.841025
0 0.596268 0.374624 0.198632 0.232121 0.825061
0 0.687385 0.156743 0.1903 0.220621 0.824135
0 0.814652 0.360125 0.224315 0.257429 0.801564
0 0.249221 0.448041 0.301703 0.348176 0.87805
0 0.508837 0.496149 0.254653 0.294128 0.848485
0 0.131599 0.181631 0.182631 0.211329 0.84543
0 0.596623 0.374495 0.199467 0.23284 0.830694
0 0.687843 0.156714 0.190867 0.221376 0.827424
0 0.816511 0.360083 0.227082 0.260407 0.804887
0 0.248482 0.447636 0.304098 0.348228 0.880172
0 0.131008 0.183861 0.1795 0.208998 0.860901
0 0.506336 0.496481 0.256744 0.295259 0.853227
0 0.687259 0.156848 0.190774 0.221021 0.845989
0 0.596131 0.374803 0.200039 0.233129 0.838218
0 0.815786 0.361147 0.226102 0.259889 0.811614
