0 0.596367 0.393989 0.151505 0.166936 0.707733
0 0.608552 0.403647 0.153201 0.183534 0.946906
0 0.720855 0.845793 0.255356 0.285079 0.768289
0 0.604984 0.428011 0.17843 0.19692 0.604892
0 0.591553 0.401879 0.117906 0.137091 0.759915
0 0.586939 0.397457 0.11878 0.140691 0.66136
0 0.58707 0.396504 0.123884 0.155109 0.72641
0 0.589059 0.401951 0.11359 0.132039 0.697889
0 0.593197 0.39797 0.128545 0.157446 0.642057
0 0.59516 0.399155 0.133382 0.168905 0.675788
0 0.592132 0.395435 0.125245 0.150501 0.705595
0 0.591771 0.395968 0.122368 0.140166 0.723656
0 0.588628 0.397048 0.127324 0.143549 0.68988
0 0.59321 0.39893 0.126038 0.140502 0.659992
0 0.589239 0.394839 0.134038 0.154341 0.698533
0 0.591398 0.394903 0.125344 0.14801 0.691306
0 0.59154 0.395877 0.128173 0.149471 0.701291
0 0.592299 0.397305 0.125985 0.149373 0.650252
0 0.593643 0.397124 0.128877 0.150802 0.761263
0 0.589623 0.3954 0.126391 0.149514 0.688301
0 0.590067 0.397521 0.128452 0.145376 0.628593
0 0.592621 0.397718 0.13054 0.152699 0.648181
0 0.589903 0.396183 0.130131 0.154224 0.779487
0 0.59452 0.400263 0.125108 0.144214 0.690431
0 0.592941 0.398522 0.126915 0.147138 0.73354
0 0.592783 0.396484 0.130303 0.151493 0.752688
0 0.589787 0.398938 0.128714 0.150653 0.772284
0 0.590892 0.399673 0.125202 0.148127 0.714268
0 0.593775 0.399042 0.128134 0.14602 0.755143
0 0.589671 0.396732 0.124645 0.145145 0.707463
0 0.593957 0.396783 0.130546 0.151452 0.689599
0 0.593091 0.397902 0.129903 0.151624 0.722138
0 0.589793 0.397812 0.12772 0.152444 0.758565
0 0.592966 0.400835 0.129865 0.150858 0.770425
0 0.591976 0.402142 0.12893 0.148314 0.769826
0 0.590717 0.397513 0.130664 0.15247 0.72644
0 0.591992 0.39695 0.126862 0.148943 0.679646
0 0.592343 0.398856 0.128306 0.150176 0.757698
0 0.591991 0.400784 0.130037 0.149186 0.745925
0 0.5919 0.401228 0.128737 0.149972 0.707004
0 0.590945 0.400118 0.126469 0.147661 0.725231
0 0.591542 0.397471 0.126899 0.149965 0.742395
0 0.59198 0.400517 0.127813 0.149058 0.737595
0 0.591572 0.399615 0.129158 0.15061 0.757182
0 0.592909 0.400932 0.126515 0.148979 0.786004
0 0.59271 0.39924 0.128539 0.149522 0.791635
0 0.59265 0.398432 0.128927 0.149861 0.766279
0 0.591626 0.401745 0.120933 0.143138 0.760046
0 0.590141 0.39961 0.126248 0.147978 0.797217
0 0.590958 0.399966 0.125978 0.14881 0.739459
0 0.593606 0.400343 0.128706 0.149163 0.741233
0 0.592864 0.401165 0.127244 0.148618 0.795909
0 0.592883 0.397495 0.127841 0.149708 0.785544
0 0.593426 0.399378 0.127712 0.149134 0.761883
0 0.590913 0.401627 0.125633 0.145464 0.772367
0 0.590526 0.3992 0.125373 0.143874 0.742399
0 0.592 0.398506 0.128032 0.149223 0.687851
0 0.592449 0.40043 0.12628 0.147294 0.784407
0 0.593901 0.399774 0.126367 0.146621 0.749162
0 0.59398 0.398382 0.130182 0.15072 0.702032
0 0.593099 0.399752 0.127071 0.147855 0.758641
0 0.590955 0.401189 0.125384 0.146295 0.796235
0 0.590879 0.400214 0.126387 0.147422 0.764585
0 0.591477 0.400998 0.124478 0.147407 0.716855
0 0.593061 0.400983 0.128147 0.14988 0.805209
0 0.592818 0.401761 0.126704 0.146776 0.773551
0 0.59465 0.401144 0.127112 0.146978 0.745164
0 0.593503 0.401511 0.128028 0.147144 0.762756
0 0.593189 0.399117 0.1257 0.147138 0.728014
0 0.594636 0.39998 0.128274 0.148254 0.819384
0 0.594554 0.400245 0.128075 0.148607 0.787328
0 0.594842 0.399164 0.128315 0.149605 0.825443
0 0.592587 0.40134 0.123863 0.144137 0.779014
0 0.594401 0.401129 0.126919 0.147646 0.821407
0 0.59458 0.400427 0.128506 0.148124 0.808359
0 0.594021 0.400517 0.127264 0.148267 0.843758
0 0.59206 0.400783 0.124674 0.146593 0.814817
0 0.594321 0.399616 0.123359 0.146678 0.805978
0 0.593507 0.39885 0.123469 0.146397 0.739781
0 0.593144 0.400455 0.127356 0.148779 0.80705
0 0.592969 0.399176 0.127246 0.150132 0.740142
0 0.593182 0.400965 0.123493 0.146099 0.82134
0 0.5925 0.399864 0.125835 0.147122 0.786203
0 0.593386 0.40084 0.125757 0.147079 0.796999
0 0.593767 0.400212 0.127082 0.148457 0.745042
0 0.592711 0.399692 0.125144 0.14707 0.809681
0 0.592716 0.400769 0.125522 0.147044 0.801231
0 0.593615 0.399286 0.126771 0.149271 0.786169
0 0.59391 0.399068 0.126185 0.149372 0.745431
0 0.593659 0.400227 0.125434 0.147532 0.780713
0 0.59377 0.401808 0.127857 0.148561 0.821048
0 0.593869 0.399949 0.127735 0.148581 0.845835
0 0.593199 0.399714 0.126978 0.1487 0.849036
0 0.594672 0.39995 0.127665 0.148459 0.819842
0 0.593138 0.400684 0.12723 0.147398 0.854189
0 0.593875 0.40027 0.128199 0.148777 0.850062
0 0.59434 0.400484 0.127786 0.147839 0.860108
0 0.593427 0.400399 0.125686 0.146225 0.844105
0 0.593864 0.400455 0.126899 0.147187 0.852422
0 0.594339 0.40047 0.127784 0.147848 0.859703
