0 0.433449 0.3645 0.521004 0.633007 0.661876
0 0.445762 0.371146 0.53465 0.628953 0.632121
0 0.47964 0.409098 0.586774 0.647106 0.621299
0 0.454079 0.393128 0.516299 0.632615 0.622761
0 0.473193 0.377225 0.565206 0.647352 0.704669
0 0.471735 0.401189 0.564954 0.66582 0.797755
0 0.453247 0.410459 0.64295 0.739856 0.752824
0 0.46385 0.396875 0.557358 0.69473 0.642857
0 0.456309 0.380583 0.517066 0.643967 0.714569
0 0.46474 0.390718 0.595965 0.65131 0.713036
0 0.481476 0.408667 0.569775 0.702427 0.756115
0 0.47772 0.390599 0.520084 0.633419 0.760291
0 0.46324 0.384101 0.530591 0.649329 0.652489
0 0.466589 0.426133 0.605916 0.707405 0.731446
0 0.46084 0.387606 0.56151 0.66928 0.726235
0 0.45446 0.395973 0.553928 0.657924 0.798143
0 0.490416 0.401705 0.624509 0.734448 0.602627
0 0.477927 0.387367 0.537719 0.64677 0.708034
0 0.465454 0.416649 0.611514 0.704134 0.751324
0 0.438551 0.48497 0.766572 0.876191 0.661862
0 0.448823 0.371701 0.532882 0.633948 0.740045
0 0.395166 0.464868 0.699459 0.800327 0.611424
0 0.458407 0.397881 0.535412 0.648917 0.726566
0 0.460975 0.410656 0.542119 0.634349 0.698081
0 0.460777 0.386956 0.531736 0.629048 0.737932
0 0.450468 0.377124 0.568859 0.676761 0.700298
0 0.487513 0.380001 0.533383 0.631182 0.805986
0 0.477604 0.38383 0.565458 0.661604 0.621838
0 0.458933 0.388483 0.51918 0.625904 0.781996
0 0.485848 0.378269 0.533067 0.630644 0.725175
0 0.453604 0.401361 0.532183 0.661787 0.667467
0 0.467001 0.394384 0.568065 0.659968 0.731077
0 0.472241 0.392503 0.545808 0.667796 0.665017
0 0.465467 0.375883 0.56097 0.668423 0.73961
0 0.468486 0.407937 0.57187 0.70434 0.706139
0 0.445596 0.470725 0.661015 0.873697 0.651298
0 0.477793 0.4055 0.561078 0.660981 0.737076
0 0.43659 0.453576 0.691677 0.877478 0.622943
0 0.457394 0.400985 0.583083 0.700255 0.711833
0 0.456062 0.39668 0.5471 0.647132 0.76996
0 0.465133 0.394746 0.543284 0.636962 0.812493
0 0.471791 0.384266 0.566478 0.642253 0.74557
0 0.460188 0.382817 0.577093 0.676511 0.788612
0 0.467172 0.38966 0.566297 0.667826 0.788348
0 0.500325 0.505463 0.741999 0.789429 0.715407
0 0.465296 0.397803 0.604086 0.655285 0.638047
0 0.479312 0.393628 0.588181 0.678733 0.760962
0 0.459396 0.39204 0.59742 0.674531 0.736566
0 0.460668 0.384133 0.570971 0.667053 0.721626
0 0.460618 0.381674 0.571941 0.651059 0.791953
0 0.469391 0.376413 0.562218 0.659241 0.774308
0 0.455807 0.389809 0.590055 0.691656 0.753828
0 0.482431 0.374675 0.555937 0.660794 0.765406
0 0.453566 0.372753 0.577251 0.668531 0.727615
0 0.441052 0.467983 0.709695 0.830024 0.703105
0 0.492079 0.381158 0.563762 0.678866 0.753527
0 0.466724 0.411307 0.560806 0.632388 0.746835
0 0.456524 0.37283 0.572655 0.683506 0.747876
0 0.459666 0.385615 0.557585 0.650259 0.734189
0 0.4715 0.38415 0.577011 0.681931 0.754377
0 0.461512 0.509584 0.717384 0.908086 0.696255
0 0.445617 0.385171 0.577194 0.674862 0.710566
0 0.409937 0.504972 0.734739 0.900992 0.634409
0 0.476894 0.383334 0.593544 0.680878 0.709403
0 0.48742 0.477888 0.746634 0.851408 0.665723
0 0.466854 0.391641 0.60252 0.70241 0.738277
0 0.471533 0.391104 0.593462 0.669223 0.73764
0 0.467484 0.387646 0.601114 0.683962 0.721786
0 0.44787 0.497037 0.672625 0.88852 0.628002
0 0.467631 0.392772 0.602359 0.696921 0.729653
0 0.446893 0.471791 0.729419 0.810232 0.678411
0 0.468489 0.395449 0.62889 0.701874 0.737076
0 0.450622 0.488005 0.729227 0.882149 0.702024
0 0.470769 0.419767 0.621963 0.669159 0.78758
0 0.476479 0.425257 0.585892 0.639213 0.797625
0 0.447283 0.477765 0.709384 0.807306 0.612258
0 0.475217 0.401992 0.606089 0.668851 0.781131
0 0.473207 0.48855 0.723278 0.823752 0.604644
0 0.478039 0.394673 0.596378 0.663445 0.759104
0 0.468494 0.470808 0.683793 0.82883 0.650094
0 0.474012 0.400358 0.618835 0.678231 0.754984
0 0.477038 0.398205 0.612716 0.680294 0.783229
0 0.453871 0.461254 0.747672 0.810033 0.713225
0 0.464831 0.406554 0.612388 0.68208 0.775326
0 0.439807 0.474776 0.746334 0.842257 0.669109
0 0.47207 0.395524 0.594982 0.659628 0.800952
0 0.474083 0.391952 0.596443 0.685509 0.794155
0 0.471576 0.403944 0.606988 0.674789 0.786643
0 0.444084 0.473823 0.739736 0.847179 0.621567
0 0.469597 0.40515 0.59927 0.647886 0.788713
0 0.476608 0.401697 0.603813 0.665816 0.804572
0 0.480986 0.403292 0.607051 0.661175 0.806347
0 0.474653 0.411552 0.619597 0.671428 0.813536
0 0.456066 0.475502 0.76256 0.842137 0.675938
0 0.480347 0.399337 0.622921 0.671633 0.793533
0 0.474355 0.401412 0.609137 0.673315 0.817393
0 0.477907 0.406862 0.612864 0.677239 0.801466
0 0.462391 0.477467 0.752861 0.833984 0.677103
0 0.472441 0.400747 0.60027 0.666187 0.818031
0 0.478092 0.404954 0.608367 0.673025 0.819644
0 0.47834 0.401326 0.605462 0.669369 0.813534
0 0.472415 0.400731 0.60018 0.666123 0.818196
