0 0.445911 0.135749 0.212696 0.257748 0.767752
0 0.47573 0.128777 0.191932 0.217136 0.829127
0 0.460962 0.129734 0.189341 0.221862 0.716287
0 0.453494 0.136039 0.182927 0.209929 0.721206
0 0.452808 0.133945 0.167389 0.201352 0.738002
0 0.448851 0.134781 0.164829 0.191949 0.774633
0 0.451187 0.131964 0.165759 0.193719 0.621803
0 0.447265 0.137156 0.171083 0.200428 0.659087
0 0.450119 0.134765 0.17099 0.188463 0.638288
0 0.459548 0.127564 0.180156 0.202601 0.756613
0 0.448919 0.137009 0.165975 0.198001 0.697068
0 0.450876 0.127818 0.173999 0.205884 0.706857
0 0.456751 0.130932 0.179712 0.209123 0.805789
0 0.444843 0.13501 0.170775 0.199177 0.709385
0 0.448233 0.131986 0.178788 0.208046 0.681235
0 0.441688 0.135423 0.167302 0.196138 0.676633
0 0.453973 0.139848 0.171025 0.194298 0.804391
0 0.447523 0.136762 0.165928 0.194903 0.763263
0 0.450154 0.13339 0.165334 0.191718 0.769822
0 0.448959 0.135385 0.164629 0.193096 0.862467
0 0.445156 0.133949 0.173539 0.203214 0.817325
0 0.449762 0.137491 0.167464 0.191709 0.871881
0 0.443269 0.136824 0.167825 0.192572 0.697172
0 0.450514 0.136754 0.162495 0.185967 0.781009
0 0.448139 0.130367 0.174804 0.203524 0.747146
0 0.447036 0.133292 0.165744 0.191247 0.803402
0 0.449754 0.134635 0.170904 0.202206 0.82306
0 0.451825 0.134925 0.176943 0.208222 0.823156
0 0.443141 0.131732 0.169392 0.198504 0.811789
0 0.459804 0.133434 0.177467 0.206768 0.753166
0 0.450642 0.130461 0.170223 0.195975 0.729675
0 0.453615 0.133382 0.173805 0.202366 0.833725
0 0.448421 0.133884 0.171619 0.199269 0.836407
0 0.447087 0.139861 0.159397 0.178717 0.713125
0 0.448097 0.135022 0.163632 0.18911 0.816078
0 0.448675 0.132193 0.167842 0.200299 0.869524
0 0.445276 0.133565 0.167835 0.19719 0.828392
0 0.449228 0.135098 0.170488 0.196214 0.85688
0 0.451464 0.131489 0.169047 0.196186 0.890897
0 0.449555 0.133809 0.169332 0.191085 0.859132
0 0.454087 0.13315 0.171264 0.195517 0.885915
0 0.447098 0.1334 0.164749 0.191898 0.836384
0 0.451809 0.133845 0.170196 0.195209 0.856925
0 0.449146 0.131714 0.166371 0.197293 0.826894
0 0.451556 0.135907 0.167997 0.193464 0.797625
0 0.449724 0.13191 0.168356 0.197285 0.841599
0 0.451372 0.130575 0.169672 0.197126 0.87039
0 0.450143 0.129089 0.172819 0.197902 0.863461
0 0.448846 0.135012 0.161245 0.186122 0.833964
0 0.448781 0.131447 0.16686 0.19582 0.814228
0 0.45342 0.133177 0.173119 0.201633 0.816127
0 0.452689 0.134793 0.165942 0.193427 0.799995
0 0.447794 0.132835 0.167472 0.194651 0.837965
0 0.447775 0.130743 0.171876 0.201067 0.805629
0 0.44931 0.130951 0.17412 0.203527 0.823863
0 0.451867 0.134116 0.169463 0.198593 0.843041
0 0.450582 0.134689 0.167373 0.193748 0.815183
0 0.448284 0.131488 0.164606 0.193188 0.739601
0 0.449664 0.134973 0.166411 0.192638 0.849091
0 0.451267 0.133268 0.167666 0.198485 0.863686
0 0.449851 0.133887 0.164644 0.192403 0.859752
0 0.451712 0.13494 0.164906 0.187417 0.870386
0 0.449746 0.136894 0.163329 0.187479 0.891873
0 0.449868 0.131201 0.169381 0.197535 0.869481
0 0.450653 0.133968 0.168772 0.196448 0.838675
0 0.451527 0.13195 0.171648 0.199452 0.872439
0 0.450496 0.135413 0.165985 0.188541 0.876112
0 0.451993 0.13343 0.167183 0.195584 0.859293
0 0.450987 0.133942 0.16352 0.188242 0.842004
0 0.450751 0.131087 0.168592 0.196473 0.854962
0 0.452897 0.13112 0.168041 0.198755 0.850449
0 0.451674 0.132528 0.164834 0.190634 0.843247
0 0.452228 0.132604 0.164841 0.187723 0.811968
0 0.449464 0.13657 0.165713 0.188598 0.879312
0 0.451493 0.133596 0.169593 0.194677 0.805661
0 0.450796 0.133729 0.163667 0.19094 0.845028
0 0.450678 0.132463 0.167814 0.195221 0.831231
0 0.450056 0.134308 0.167022 0.195667 0.835383
0 0.451499 0.136322 0.166965 0.19214 0.823656
0 0.450303 0.132713 0.165916 0.191964 0.849087
0 0.451516 0.133184 0.168529 0.195434 0.852834
0 0.450309 0.131763 0.169246 0.195283 0.85395
0 0.451336 0.130602 0.168301 0.196073 0.818911
0 0.450317 0.132322 0.166949 0.19719 0.861307
0 0.451236 0.136069 0.166624 0.193481 0.863221
0 0.451349 0.132921 0.168172 0.194222 0.868688
0 0.450397 0.133676 0.166756 0.194861 0.873315
0 0.451686 0.133629 0.166195 0.195249 0.84042
0 0.452668 0.134824 0.167074 0.194651 0.867209
0 0.450501 0.134234 0.16576 0.193509 0.857864
0 0.452187 0.134313 0.168195 0.195284 0.878258
0 0.450529 0.134475 0.166311 0.193607 0.861618
0 0.45203 0.134407 0.167243 0.195107 0.867376
0 0.452189 0.134291 0.168204 0.195289 0.877909
