0 0.425416 0.228652 0.211751 0.236232 0.831201
0 0.443597 0.243723 0.178833 0.204758 0.677082
0 0.442474 0.220682 0.20478 0.237095 0.709987
0 0.440621 0.225807 0.201123 0.235474 0.632549
0 0.437924 0.227044 0.187727 0.216864 0.715102
0 0.43814 0.227625 0.199488 0.224269 0.750281
0 0.451104 0.232198 0.199351 0.215305 0.623118
0 0.438535 0.225019 0.195706 0.21998 0.716183
0 0.435347 0.223994 0.194831 0.219916 0.728812
0 0.441702 0.22175 0.199889 0.228694 0.816617
0 0.442067 0.223161 0.198198 0.223981 0.745805
0 0.433457 0.222952 0.185169 0.215676 0.757257
0 0.44091 0.22728 0.198071 0.22509 0.830347
0 0.43715 0.227271 0.203287 0.231959 0.706006
0 0.438738 0.224334 0.204266 0.233458 0.697306
0 0.43498 0.217892 0.197908 0.229496 0.733066
0 0.435695 0.228334 0.192488 0.216815 0.852958
0 0.440192 0.226891 0.204752 0.241295 0.784167
0 0.431423 0.221261 0.186884 0.217737 0.821979
0 0.444122 0.221647 0.192061 0.22522 0.865488
0 0.436742 0.223911 0.198738 0.226077 0.831169
0 0.438331 0.227214 0.187439 0.214932 0.846681
0 0.434673 0.222596 0.201847 0.232491 0.728407
0 0.44052 0.228825 0.184554 0.213152 0.785248
0 0.436966 0.222409 0.197068 0.225169 0.794252
0 0.443555 0.221872 0.199825 0.228145 0.867924
0 0.442172 0.227326 0.193075 0.221836 0.823161
0 0.442722 0.227822 0.194109 0.225235 0.850606
0 0.433737 0.228489 0.201784 0.22717 0.829235
0 0.445566 0.226638 0.200876 0.228677 0.724413
0 0.439623 0.222527 0.193317 0.223684 0.759771
0 0.441608 0.22377 0.19 0.219393 0.852723
0 0.447565 0.223676 0.193089 0.226449 0.803497
0 0.440402 0.224452 0.190916 0.220914 0.805468
0 0.441511 0.23052 0.193244 0.224713 0.773953
0 0.440439 0.226112 0.191878 0.220075 0.848259
0 0.440018 0.224459 0.19106 0.219027 0.779634
0 0.438268 0.226887 0.190112 0.220387 0.848379
0 0.44137 0.228529 0.187727 0.218839 0.840998
0 0.43936 0.224921 0.186221 0.215625 0.791473
0 0.441656 0.227507 0.18391 0.213775 0.846406
0 0.438813 0.22993 0.186816 0.220193 0.826585
0 0.438143 0.230582 0.180323 0.208227 0.818471
0 0.439547 0.227437 0.189643 0.221742 0.821374
0 0.439807 0.228618 0.190469 0.219537 0.802678
0 0.438097 0.228538 0.189165 0.221813 0.854947
0 0.441701 0.22617 0.198105 0.226796 0.855091
0 0.441932 0.227078 0.191844 0.222231 0.833745
0 0.441592 0.231936 0.188884 0.221378 0.810992
0 0.437637 0.227084 0.187587 0.218057 0.807754
0 0.442632 0.228684 0.193895 0.225413 0.840392
0 0.442739 0.230742 0.191037 0.221914 0.816133
0 0.438092 0.227665 0.185796 0.219154 0.87084
0 0.442902 0.223727 0.189652 0.219336 0.834257
0 0.442262 0.225851 0.19045 0.219577 0.849047
0 0.4385 0.229075 0.18222 0.212992 0.830912
0 0.4404 0.232501 0.188897 0.220145 0.868566
0 0.439885 0.226589 0.188828 0.219473 0.821805
0 0.439607 0.227962 0.186811 0.217519 0.850848
0 0.437248 0.228717 0.185926 0.220707 0.856939
0 0.43964 0.229472 0.182949 0.215712 0.857536
0 0.444471 0.230002 0.186234 0.214513 0.847401
0 0.440519 0.231808 0.183865 0.215358 0.835997
0 0.441378 0.228169 0.187749 0.219953 0.867833
0 0.438205 0.228978 0.183672 0.212869 0.851095
0 0.440062 0.225898 0.188104 0.219854 0.895152
0 0.437871 0.227443 0.184974 0.214086 0.878051
0 0.439302 0.226729 0.186845 0.216485 0.85807
0 0.438528 0.227118 0.18339 0.213691 0.866108
0 0.44089 0.22667 0.189015 0.218791 0.882428
0 0.440269 0.224954 0.18467 0.21813 0.871229
0 0.440574 0.225911 0.187002 0.21624 0.854457
0 0.44089 0.2238 0.185105 0.21538 0.850692
0 0.440364 0.227034 0.186768 0.216477 0.870334
0 0.437948 0.227079 0.188614 0.219689 0.865141
0 0.43873 0.227113 0.185318 0.216777 0.863314
0 0.43955 0.227854 0.186486 0.217432 0.874358
0 0.439451 0.227077 0.186632 0.218174 0.848376
0 0.44193 0.228019 0.187179 0.215752 0.844866
0 0.439298 0.22662 0.185148 0.215294 0.879812
0 0.438993 0.228068 0.186178 0.216853 0.866729
0 0.439389 0.227777 0.189453 0.219603 0.873853
0 0.441018 0.227899 0.188304 0.218779 0.859173
0 0.43976 0.228299 0.189819 0.222426 0.891843
0 0.441105 0.229533 0.187891 0.219121 0.871669
0 0.440554 0.228077 0.186678 0.216636 0.870588
0 0.439833 0.227158 0.188157 0.219089 0.87495
0 0.441495 0.226051 0.189134 0.218932 0.846016
0 0.441293 0.2284 0.189727 0.219349 0.872343
0 0.439094 0.226704 0.187755 0.218759 0.873569
0 0.439805 0.227649 0.188579 0.219074 0.884449
0 0.438813 0.227683 0.187517 0.218586 0.877485
0 0.43997 0.227459 0.188495 0.219608 0.876986
0 0.439815 0.227639 0.188557 0.219044 0.884254
