0 0.488418 0.526297 0.514243 0.582063 0.64155
0 0.488055 0.516944 0.604847 0.669043 0.672327
0 0.53356 0.532997 0.682905 0.688919 0.60884
0 0.556655 0.519057 0.592605 0.681342 0.619236
0 0.523768 0.500765 0.578335 0.648276 0.685937
0 0.515155 0.492828 0.626331 0.701353 0.67726
0 0.517191 0.511417 0.611804 0.671263 0.64432
0 0.489949 0.498278 0.567462 0.642964 0.703147
0 0.529263 0.507335 0.55231 0.601957 0.652851
0 0.509795 0.502064 0.618199 0.720452 0.643317
0 0.513205 0.513059 0.601308 0.675289 0.617351
0 0.507008 0.522749 0.639334 0.713501 0.621158
0 0.525782 0.535667 0.589213 0.615391 0.657996
0 0.513566 0.511338 0.629541 0.700894 0.712067
0 0.503147 0.517094 0.57265 0.643251 0.656602
0 0.507038 0.518195 0.569892 0.654319 0.680281
0 0.507025 0.508186 0.580642 0.661552 0.710676
0 0.502398 0.537503 0.604796 0.62676 0.707442
0 0.526302 0.515391 0.644794 0.665675 0.716767
0 0.530059 0.503938 0.6995 0.688185 0.685703
0 0.494616 0.523559 0.567237 0.683903 0.696589
0 0.520811 0.51066 0.674888 0.714307 0.759854
0 0.559234 0.444588 0.83421 0.889176 0.653407
0 0.517449 0.527036 0.64528 0.711125 0.620884
0 0.509735 0.50191 0.655993 0.722607 0.767067
0 0.513818 0.497685 0.617387 0.705832 0.750274
0 0.483256 0.476466 0.600893 0.686697 0.7254
0 0.523148 0.508103 0.642757 0.678832 0.735959
0 0.507912 0.52814 0.63739 0.697777 0.678454
0 0.506488 0.511433 0.617085 0.721631 0.734963
0 0.511274 0.50446 0.61545 0.644529 0.716091
0 0.521335 0.518196 0.673627 0.73153 0.750002
0 0.490134 0.523395 0.61544 0.698631 0.701139
0 0.509367 0.529961 0.626483 0.698274 0.714403
0 0.510336 0.496526 0.631756 0.727096 0.748921
0 0.507234 0.491794 0.640219 0.727005 0.759752
0 0.517551 0.491932 0.601604 0.69834 0.782436
0 0.513468 0.501699 0.665031 0.728592 0.765538
0 0.506003 0.519633 0.641044 0.714123 0.734212
0 0.513213 0.509337 0.653697 0.707667 0.769462
0 0.528587 0.457431 0.809475 0.833041 0.604451
0 0.510018 0.52207 0.620194 0.681016 0.758729
0 0.519633 0.474582 0.642544 0.735575 0.741421
0 0.531707 0.512361 0.612015 0.677673 0.722613
0 0.515278 0.506485 0.6413 0.705938 0.743216
0 0.521229 0.515255 0.592022 0.691204 0.732291
0 0.505137 0.51572 0.625028 0.711287 0.748525
0 0.516404 0.502612 0.612908 0.719391 0.755011
0 0.517319 0.452087 0.794466 0.871866 0.670536
0 0.514318 0.503518 0.632159 0.719541 0.783566
0 0.52977 0.510553 0.616322 0.706213 0.779356
0 0.504057 0.512692 0.625398 0.719597 0.748889
0 0.517495 0.435206 0.782615 0.834112 0.647318
0 0.523478 0.504689 0.61923 0.726948 0.769396
0 0.533302 0.505282 0.641059 0.737337 0.767947
0 0.52265 0.505191 0.632261 0.742546 0.772908
0 0.515884 0.491465 0.639632 0.739765 0.749362
0 0.520251 0.495002 0.647046 0.74689 0.794278
0 0.514736 0.444149 0.810118 0.861457 0.608714
0 0.515924 0.494257 0.647077 0.750643 0.782322
0 0.516728 0.489999 0.655009 0.752039 0.806314
0 0.530456 0.436927 0.819063 0.86876 0.619533
0 0.522047 0.498238 0.656023 0.749847 0.811416
0 0.526485 0.445959 0.820907 0.865823 0.632922
0 0.519554 0.496368 0.638957 0.746792 0.794301
0 0.516756 0.489991 0.654928 0.751993 0.806411
0 0.530467 0.436934 0.819075 0.868738 0.619867
