0 0.479104 0.28299 0.112956 0.119716 0.926277
0 0.471573 0.285245 0.0998158 0.107729 0.683242
0 0.474789 0.289457 0.096325 0.115957 0.65425
0 0.4717 0.284841 0.102104 0.12315 0.856903
0 0.47431 0.285873 0.0980248 0.116418 0.946367
0 0.473445 0.280738 0.0803097 0.102075 0.881
0 0.474393 0.283139 0.0911663 0.117015 0.895557
0 0.471213 0.28293 0.0854591 0.0919349 0.636267
0 0.472191 0.280527 0.0909119 0.103494 0.885392
0 0.473397 0.285675 0.0957121 0.112125 0.836483
0 0.46891 0.284097 0.0878583 0.101511 0.859658
0 0.472795 0.279063 0.0925367 0.107003 0.78212
0 0.472852 0.280865 0.103012 0.114245 0.805767
0 0.467767 0.283236 0.0837931 0.0945439 0.832122
0 0.476192 0.281874 0.0952425 0.109997 0.798588
0 0.472717 0.282882 0.0830675 0.0979813 0.833967
0 0.476087 0.284415 0.0867447 0.0987125 0.847643
0 0.475067 0.280721 0.0918493 0.105322 0.85627
0 0.473145 0.280854 0.0961809 0.109289 0.702587
0 0.474282 0.281236 0.0945238 0.108272 0.82011
0 0.476138 0.283641 0.0977212 0.109859 0.897971
0 0.475347 0.283232 0.090656 0.103723 0.859344
0 0.475496 0.28321 0.0934978 0.102895 0.839206
0 0.47576 0.282448 0.0954064 0.109218 0.822409
0 0.474505 0.281975 0.0849938 0.0992728 0.842723
0 0.475881 0.287318 0.093706 0.109144 0.846601
0 0.475957 0.285444 0.0902604 0.0980073 0.945654
0 0.473985 0.282219 0.0924537 0.100884 0.813256
0 0.477618 0.282746 0.0917843 0.101006 0.788452
0 0.478445 0.281199 0.0948334 0.107618 0.849813
0 0.472352 0.281075 0.0904461 0.102391 0.877365
0 0.476455 0.284297 0.100602 0.116474 0.879199
0 0.476654 0.286902 0.0944396 0.103062 0.902491
0 0.477192 0.283834 0.0921666 0.101871 0.846815
0 0.475416 0.283075 0.0944215 0.106625 0.741682
0 0.472465 0.285026 0.0912313 0.101269 0.839822
0 0.476882 0.284024 0.094855 0.107187 0.862778
0 0.474294 0.290343 0.0963642 0.109675 0.715974
0 0.477781 0.2847 0.0919976 0.104317 0.892813
0 0.476726 0.284165 0.0937764 0.109912 0.771645
0 0.475832 0.282737 0.0945761 0.107258 0.824724
0 0.476284 0.284346 0.0937143 0.104927 0.851829
0 0.47753 0.283977 0.0914552 0.106046 0.841109
0 0.477171 0.284091 0.0932095 0.106594 0.894735
0 0.474049 0.283107 0.0959854 0.108491 0.843391
0 0.476302 0.285932 0.0960234 0.110311 0.835287
0 0.475616 0.283329 0.097464 0.105997 0.874834
0 0.475055 0.284712 0.0943234 0.108716 0.839015
0 0.475699 0.285213 0.0987817 0.112891 0.816978
0 0.472306 0.285182 0.0920545 0.101156 0.853106
0 0.476125 0.282861 0.0959476 0.109447 0.832861
0 0.475588 0.284285 0.0980069 0.108668 0.85582
0 0.475364 0.285007 0.095617 0.110048 0.869912
0 0.473832 0.283706 0.0985824 0.109253 0.834562
0 0.473007 0.285122 0.100354 0.113585 0.788338
0 0.476675 0.285759 0.0965503 0.112086 0.816631
0 0.475264 0.283571 0.0987992 0.11521 0.808786
0 0.47601 0.284024 0.0983061 0.112238 0.763803
0 0.477087 0.283807 0.0963928 0.11077 0.847827
0 0.476944 0.286569 0.0946326 0.106546 0.876489
0 0.476373 0.283837 0.0968512 0.108002 0.843738
0 0.477513 0.285135 0.0925685 0.107044 0.78797
0 0.47601 0.284035 0.0973474 0.112084 0.875675
0 0.474626 0.284535 0.0921298 0.107126 0.808885
0 0.475771 0.284411 0.0959582 0.112027 0.832692
0 0.475217 0.286188 0.100127 0.115588 0.800487
0 0.4754 0.285102 0.0956018 0.109221 0.843271
0 0.474835 0.283656 0.0978652 0.11214 0.854502
0 0.474352 0.284546 0.0980804 0.112388 0.856078
0 0.476826 0.283591 0.0971384 0.112069 0.850407
0 0.474764 0.283748 0.0973106 0.112 0.765585
0 0.475961 0.284156 0.095867 0.110834 0.814565
0 0.475706 0.284362 0.0977857 0.113891 0.849516
0 0.475523 0.283556 0.0976735 0.112275 0.861437
0 0.47363 0.283318 0.0977211 0.110775 0.838156
0 0.475663 0.28259 0.0949229 0.108766 0.867195
0 0.475169 0.282522 0.0960606 0.111135 0.803239
0 0.475765 0.283209 0.0960993 0.110418 0.857696
0 0.475636 0.283324 0.0971011 0.11234 0.781872
0 0.476271 0.283999 0.0946857 0.110483 0.861654
0 0.475173 0.282437 0.0946267 0.109068 0.798856
0 0.475433 0.283751 0.0935098 0.107444 0.846044
0 0.47484 0.282986 0.0932738 0.107142 0.807478
0 0.475149 0.283608 0.0943025 0.109862 0.863554
0 0.47535 0.283468 0.0946084 0.110254 0.858203
0 0.475059 0.283154 0.0959902 0.109547 0.870297
0 0.475091 0.282337 0.0932931 0.108969 0.827493
0 0.477056 0.283082 0.093621 0.108981 0.825538
0 0.475613 0.28296 0.0937187 0.109739 0.838048
0 0.476279 0.283551 0.0963981 0.112963 0.874507
0 0.47604 0.28337 0.0958703 0.111767 0.875058
0 0.47568 0.282919 0.0961455 0.112038 0.854452
0 0.475309 0.283736 0.0944563 0.109759 0.874638
0 0.474527 0.283797 0.0948257 0.11166 0.866359
0 0.475006 0.283837 0.0947633 0.109703 0.888051
0 0.474918 0.283418 0.0935707 0.109505 0.869368
0 0.475371 0.283848 0.0946497 0.110635 0.884168
0 0.475001 0.283844 0.0947482 0.109697 0.887736
