0 0.489824 0.182459 0.19614 0.223817 0.969294
0 0.527421 0.193117 0.207163 0.221159 0.958084
0 0.468288 0.210031 0.238504 0.248212 0.849422
0 0.513161 0.185837 0.184446 0.222078 0.778899
0 0.52789 0.192165 0.20144 0.225819 0.808722
0 0.526994 0.200758 0.19176 0.223822 0.763997
0 0.520742 0.185269 0.211508 0.241357 0.754996
0 0.519721 0.189609 0.200574 0.234353 0.70207
0 0.513021 0.194123 0.196403 0.234703 0.763011
0 0.512899 0.194118 0.205171 0.234818 0.764204
0 0.513799 0.194223 0.209249 0.23182 0.925867
0 0.524507 0.196452 0.198825 0.228754 0.824822
0 0.514377 0.192938 0.217687 0.237376 0.823479
0 0.527652 0.190218 0.195225 0.225209 0.806256
0 0.52421 0.190699 0.214654 0.240541 0.887198
0 0.518811 0.189608 0.212654 0.241366 0.890326
0 0.519561 0.188843 0.199209 0.228241 0.824
0 0.519765 0.196207 0.213706 0.238027 0.919339
0 0.517745 0.194774 0.208065 0.242242 0.847756
0 0.513346 0.196081 0.213163 0.246319 0.803707
0 0.516064 0.19045 0.208455 0.238731 0.848872
0 0.518476 0.194969 0.200878 0.223551 0.923601
0 0.518107 0.19654 0.205883 0.239966 0.893227
0 0.515122 0.191787 0.206544 0.233752 0.894349
0 0.519394 0.192493 0.199617 0.233493 0.961356
0 0.516288 0.195412 0.215561 0.240295 0.913071
0 0.51609 0.193002 0.206161 0.235243 0.930383
0 0.513307 0.191859 0.204625 0.239033 0.82616
0 0.517587 0.194734 0.206739 0.238371 0.9103
0 0.515525 0.189312 0.211498 0.248187 0.845729
0 0.516038 0.195443 0.212511 0.244655 0.910519
0 0.515143 0.19024 0.215597 0.250701 0.887339
0 0.516102 0.193942 0.210325 0.247455 0.925735
0 0.510435 0.193717 0.213968 0.24627 0.8934
0 0.520391 0.189012 0.209744 0.242337 0.862831
0 0.517423 0.184224 0.202079 0.233179 0.767308
0 0.519503 0.192448 0.203499 0.237397 0.893926
0 0.522334 0.190853 0.204251 0.237615 0.908354
0 0.515207 0.189995 0.215152 0.245076 0.867417
0 0.517076 0.195639 0.213423 0.24277 0.896785
0 0.516502 0.190087 0.201953 0.233941 0.929079
0 0.512773 0.19249 0.210169 0.243454 0.879922
0 0.514199 0.192244 0.202262 0.233963 0.915257
0 0.515147 0.195837 0.197136 0.230735 0.917023
0 0.51491 0.190201 0.199526 0.225613 0.906225
0 0.516406 0.193851 0.201164 0.231072 0.934317
0 0.512842 0.197195 0.207566 0.239065 0.89529
0 0.516882 0.200672 0.201502 0.230373 0.901098
0 0.513115 0.196134 0.200297 0.231462 0.887966
0 0.51614 0.19301 0.209019 0.238213 0.871245
0 0.514043 0.194826 0.201346 0.234168 0.896908
0 0.514831 0.192975 0.206864 0.23693 0.929224
0 0.515798 0.191702 0.207302 0.238906 0.908366
0 0.516798 0.198407 0.202145 0.236838 0.906077
0 0.515917 0.194605 0.206648 0.239123 0.889339
0 0.517226 0.192202 0.210627 0.243204 0.895634
0 0.518123 0.194382 0.206953 0.235504 0.882735
0 0.516769 0.194955 0.205148 0.23886 0.902605
0 0.516579 0.189188 0.205112 0.23704 0.864866
0 0.51792 0.192227 0.206895 0.242074 0.900803
0 0.514792 0.195731 0.206958 0.240278 0.891098
0 0.515343 0.195353 0.206698 0.237703 0.907781
0 0.517903 0.19413 0.204132 0.233753 0.880187
0 0.514437 0.191889 0.206355 0.238952 0.913353
0 0.51278 0.193975 0.206581 0.237648 0.915525
0 0.516589 0.194391 0.202119 0.235851 0.93178
0 0.517334 0.192827 0.19985 0.232793 0.920484
0 0.516515 0.1965 0.201908 0.236029 0.907154
0 0.516158 0.193867 0.206309 0.239161 0.933856
0 0.515581 0.197303 0.209006 0.239287 0.911253
0 0.516158 0.192165 0.206187 0.237562 0.937716
0 0.514597 0.194872 0.205651 0.238278 0.916028
0 0.514154 0.193794 0.202969 0.232593 0.917235
0 0.51587 0.194323 0.203519 0.236329 0.915055
0 0.515636 0.192529 0.205693 0.23823 0.916759
0 0.51751 0.188692 0.201255 0.237165 0.917915
0 0.51637 0.191138 0.204261 0.238107 0.913369
0 0.51976 0.189031 0.203638 0.238838 0.901169
0 0.516506 0.192648 0.208255 0.242317 0.929778
0 0.515163 0.193773 0.202275 0.234678 0.895496
0 0.514474 0.194238 0.205791 0.239459 0.905814
0 0.515267 0.193146 0.205981 0.238754 0.898773
0 0.515259 0.194306 0.206752 0.237144 0.907718
0 0.51614 0.194133 0.203136 0.235617 0.897067
0 0.515646 0.191885 0.200745 0.232332 0.917541
0 0.51417 0.19536 0.205767 0.235555 0.922043
0 0.514505 0.194195 0.206774 0.238057 0.918602
0 0.516177 0.194785 0.204392 0.236539 0.910105
0 0.514471 0.193578 0.208328 0.239776 0.938845
0 0.515782 0.195663 0.205248 0.236201 0.93004
0 0.515604 0.195303 0.203744 0.235368 0.926871
0 0.514323 0.194626 0.207582 0.238889 0.928528
0 0.515615 0.194127 0.2048 0.235916 0.911569
0 0.516153 0.19553 0.206427 0.236796 0.933196
0 0.513896 0.195528 0.206123 0.23663 0.912428
0 0.51454 0.19622 0.20591 0.236427 0.925921
0 0.514106 0.196132 0.20518 0.235835 0.920411
0 0.515074 0.195598 0.205706 0.236814 0.924229
0 0.514555 0.196211 0.205877 0.236416 0.925835
