0 0.276767 0.84787 0.343765 0.30426 0.682682
0 0.299353 0.828129 0.228481 0.26095 0.641788
0 0.430168 0.488521 0.195094 0.207434 0.60851
0 0.403309 0.479766 0.150021 0.174742 0.618779
0 0.40585 0.481939 0.147082 0.182967 0.738025
0 0.409929 0.4873 0.145727 0.176736 0.853233
0 0.206921 0.418855 0.153911 0.185634 0.734998
0 0.410995 0.483407 0.153093 0.182801 0.707944
0 0.211597 0.416901 0.168808 0.198137 0.609655
0 0.407939 0.485331 0.15573 0.184827 0.661054
0 0.408807 0.485547 0.150818 0.183257 0.711801
0 0.400485 0.484374 0.149926 0.168353 0.72005
0 0.214905 0.419592 0.159755 0.191853 0.65091
0 0.400189 0.484379 0.157258 0.179097 0.771879
0 0.216031 0.419481 0.172615 0.204889 0.602558
0 0.405999 0.483361 0.142888 0.166122 0.68436
0 0.410269 0.48778 0.151157 0.179059 0.786474
0 0.409182 0.487201 0.155039 0.176195 0.7793
0 0.214116 0.422385 0.156153 0.182824 0.607314
0 0.407022 0.483249 0.157232 0.188552 0.775389
0 0.211093 0.419283 0.16941 0.197885 0.699481
0 0.408124 0.482334 0.145779 0.175835 0.75915
0 0.215683 0.421925 0.158051 0.192983 0.643817
0 0.406699 0.484286 0.154927 0.177112 0.755808
0 0.407981 0.482641 0.153711 0.176161 0.850443
0 0.203929 0.418833 0.177278 0.207315 0.704099
0 0.691087 0.386625 0.184826 0.213915 0.615888
0 0.404771 0.486771 0.147094 0.171434 0.73106
0 0.210534 0.423004 0.14653 0.175324 0.605158
0 0.40958 0.480126 0.158809 0.183039 0.721316
0 0.40332 0.482193 0.154417 0.182085 0.708518
0 0.407845 0.485458 0.152796 0.175224 0.845071
0 0.203096 0.424461 0.16912 0.196966 0.696
0 0.407408 0.483599 0.148685 0.173217 0.753228
0 0.199937 0.419395 0.176116 0.207971 0.628671
0 0.405107 0.482613 0.152694 0.17501 0.820185
0 0.196818 0.417363 0.16708 0.203523 0.660975
0 0.407923 0.487053 0.151699 0.175342 0.863743
0 0.203168 0.4195 0.170837 0.206902 0.716424
0 0.687123 0.390233 0.186311 0.212353 0.648015
0 0.404625 0.48415 0.151274 0.174426 0.795096
0 0.195603 0.423881 0.192569 0.225778 0.721967
0 0.681965 0.392925 0.201885 0.223879 0.715805
0 0.405945 0.48621 0.153653 0.178784 0.840914
0 0.204555 0.422594 0.175091 0.203194 0.632455
0 0.407514 0.484197 0.152801 0.172756 0.768655
0 0.201453 0.424868 0.173812 0.201085 0.634634
0 0.400933 0.486895 0.150338 0.177737 0.708868
0 0.406231 0.485252 0.15187 0.178453 0.78204
0 0.407567 0.482751 0.152373 0.173151 0.81882
0 0.206622 0.424962 0.167463 0.201568 0.732016
0 0.680572 0.390953 0.179305 0.215469 0.620384
0 0.403825 0.484524 0.152312 0.180666 0.763463
0 0.409395 0.487363 0.155232 0.182406 0.821921
0 0.204589 0.423099 0.170845 0.204721 0.665764
0 0.409707 0.488922 0.149586 0.175396 0.812338
0 0.68119 0.394288 0.189914 0.221011 0.617768
0 0.197948 0.42576 0.173413 0.203813 0.610925
0 0.412014 0.485085 0.158789 0.186805 0.796665
0 0.407582 0.484138 0.152606 0.174285 0.691772
0 0.405818 0.484573 0.153559 0.177723 0.796945
0 0.40868 0.485866 0.152749 0.175234 0.813629
0 0.203958 0.420186 0.181421 0.215367 0.734676
0 0.683876 0.387824 0.182164 0.227005 0.662968
0 0.407283 0.486463 0.151762 0.177464 0.759634
0 0.406989 0.485943 0.150225 0.175525 0.808009
0 0.191895 0.419528 0.193666 0.226289 0.647305
0 0.404662 0.483731 0.147019 0.170994 0.864592
0 0.683385 0.384255 0.191633 0.232047 0.708708
0 0.198064 0.416496 0.176343 0.215334 0.682388
0 0.40804 0.483882 0.152442 0.17426 0.793371
0 0.194422 0.420034 0.175034 0.21148 0.675012
0 0.406763 0.486726 0.148231 0.173071 0.859154
0 0.679139 0.390416 0.191537 0.225088 0.632087
0 0.203355 0.418674 0.181673 0.212383 0.629367
0 0.406843 0.48507 0.144847 0.16857 0.851606
0 0.208215 0.424598 0.168171 0.201105 0.637662
0 0.407466 0.483715 0.146273 0.169773 0.824232
0 0.684774 0.386606 0.189344 0.2198 0.607324
0 0.408018 0.483597 0.148993 0.171333 0.789327
0 0.199353 0.419043 0.187559 0.218726 0.6307
0 0.40271 0.486105 0.142648 0.167249 0.806977
0 0.208279 0.425725 0.168738 0.199529 0.631024
0 0.405803 0.486797 0.146415 0.171066 0.868695
0 0.202449 0.426217 0.171123 0.201742 0.611138
0 0.407153 0.484464 0.151523 0.177224 0.772986
0 0.197375 0.427035 0.167045 0.201488 0.626792
0 0.684466 0.388296 0.186027 0.224405 0.605697
0 0.407311 0.486025 0.151189 0.176124 0.813496
0 0.202376 0.427242 0.170024 0.202554 0.631503
0 0.40646 0.485548 0.149182 0.174652 0.805466
0 0.198975 0.428918 0.158937 0.194723 0.67685
0 0.685467 0.387456 0.180279 0.227578 0.652997
0 0.405912 0.485126 0.150676 0.176718 0.826963
0 0.202692 0.421848 0.168734 0.206396 0.757571
0 0.678593 0.382065 0.187053 0.227917 0.654017
0 0.405867 0.483503 0.152166 0.17754 0.836355
0 0.682568 0.389858 0.178458 0.211226 0.740215
0 0.195218 0.419682 0.174459 0.210808 0.731293
0 0.405925 0.485345 0.149832 0.173791 0.826706
0 0.681071 0.390893 0.183269 0.21758 0.694517
0 0.195392 0.421736 0.171759 0.207819 0.683475
0 0.407586 0.484843 0.15143 0.173188 0.832894
0 0.68528 0.383393 0.196112 0.229595 0.692111
0 0.20912 0.423496 0.169941 0.20098 0.677598
0 0.409212 0.485915 0.155201 0.180122 0.755808
0 0.204049 0.422583 0.176641 0.210991 0.717524
0 0.406407 0.487668 0.151179 0.176903 0.832913
0 0.195485 0.423597 0.17125 0.20953 0.651149
0 0.685008 0.385444 0.188911 0.228645 0.632998
0 0.408778 0.486217 0.153609 0.178209 0.860367
0 0.684004 0.389012 0.183195 0.221413 0.700749
0 0.193617 0.425059 0.173944 0.211814 0.673668
0 0.409615 0.48381 0.156041 0.178876 0.75239
0 0.18803 0.418749 0.183307 0.215827 0.629995
0 0.687167 0.387346 0.183395 0.220719 0.609052
0 0.408617 0.484748 0.153534 0.176759 0.834041
0 0.682173 0.388347 0.183238 0.215841 0.732605
0 0.185264 0.419436 0.186032 0.22017 0.719308
0 0.408451 0.487356 0.153454 0.178782 0.857282
0 0.680675 0.393642 0.180436 0.215509 0.714333
0 0.192317 0.423523 0.177152 0.216385 0.655863
0 0.409156 0.48553 0.150197 0.171883 0.82034
0 0.6887 0.384964 0.200759 0.232108 0.6723
0 0.195429 0.420529 0.177901 0.210459 0.663871
0 0.408605 0.484389 0.150193 0.173399 0.779314
0 0.686887 0.385032 0.19691 0.231503 0.677922
0 0.410026 0.485839 0.151596 0.176881 0.831905
0 0.685835 0.38424 0.192299 0.228463 0.687578
0 0.187039 0.421016 0.18411 0.216451 0.641158
0 0.406408 0.48674 0.14931 0.174721 0.820027
0 0.684452 0.388554 0.193648 0.23284 0.702945
0 0.407844 0.486425 0.151283 0.176856 0.824886
0 0.684595 0.383533 0.188482 0.230835 0.700237
0 0.198105 0.420737 0.175863 0.212475 0.660504
0 0.407548 0.486209 0.150299 0.174472 0.825187
0 0.686028 0.387349 0.186202 0.221492 0.699184
0 0.193971 0.421009 0.176884 0.206423 0.643958
0 0.407646 0.486752 0.150841 0.175192 0.787268
0 0.202092 0.426367 0.170973 0.206689 0.728265
0 0.688106 0.386227 0.188541 0.224937 0.681781
0 0.408342 0.486634 0.153298 0.177485 0.854512
0 0.682031 0.391698 0.180681 0.216894 0.780936
0 0.194478 0.419705 0.181661 0.215627 0.734018
0 0.407645 0.488227 0.152284 0.176297 0.837167
0 0.18791 0.420029 0.187912 0.220915 0.739356
0 0.684725 0.388817 0.188856 0.223898 0.707051
0 0.408754 0.484455 0.155574 0.179939 0.877413
0 0.201565 0.422141 0.173169 0.212105 0.78892
0 0.685767 0.385829 0.184568 0.220376 0.787954
0 0.405942 0.487233 0.149371 0.173777 0.8194
0 0.192498 0.422227 0.173712 0.210065 0.65079
0 0.681863 0.39371 0.165271 0.200332 0.645321
0 0.408438 0.485187 0.154523 0.181082 0.840171
0 0.686556 0.386588 0.195496 0.229168 0.697484
0 0.193289 0.419265 0.178465 0.216234 0.674347
0 0.40808 0.485566 0.150573 0.173411 0.861048
0 0.196198 0.420648 0.175382 0.210557 0.722537
0 0.681921 0.388529 0.187748 0.221306 0.701823
0 0.408839 0.485598 0.152398 0.176244 0.850223
0 0.198143 0.41963 0.175652 0.211046 0.709416
0 0.686652 0.383783 0.191053 0.226711 0.686377
0 0.406979 0.484417 0.149802 0.174144 0.845675
0 0.193211 0.419368 0.174469 0.213037 0.715517
0 0.680777 0.38469 0.182891 0.221007 0.707307
0 0.407725 0.483202 0.150733 0.173671 0.867701
0 0.678551 0.388452 0.174988 0.208432 0.74656
0 0.188641 0.418967 0.18318 0.214472 0.732397
0 0.407312 0.48209 0.152234 0.176442 0.790079
0 0.683099 0.38049 0.183875 0.22366 0.632082
0 0.194337 0.417078 0.170977 0.209311 0.628031
0 0.409263 0.485291 0.154845 0.179459 0.839013
0 0.188793 0.418989 0.183522 0.215454 0.727514
0 0.688051 0.382254 0.19837 0.232143 0.725227
0 0.407679 0.484364 0.155362 0.180285 0.781522
0 0.688441 0.384954 0.206963 0.231447 0.687006
0 0.18971 0.417514 0.181992 0.213261 0.649961
0 0.407603 0.486113 0.149942 0.175464 0.857581
0 0.685266 0.383616 0.194748 0.229498 0.722043
0 0.193128 0.420182 0.17526 0.215413 0.688216
0 0.407251 0.485691 0.152535 0.176029 0.827953
0 0.686084 0.387019 0.19118 0.223818 0.739694
0 0.190166 0.417719 0.184241 0.216174 0.725983
0 0.408 0.486523 0.152596 0.177563 0.832074
0 0.686736 0.386439 0.195732 0.22572 0.722055
0 0.189513 0.417751 0.181208 0.21434 0.680775
0 0.408632 0.486815 0.153347 0.177877 0.839728
0 0.688415 0.38493 0.19558 0.225513 0.723896
0 0.190542 0.416213 0.182671 0.216047 0.682657
0 0.407422 0.485094 0.1513 0.174273 0.858907
0 0.685026 0.385027 0.189066 0.221381 0.750795
0 0.188923 0.416477 0.182929 0.215192 0.729273
0 0.406701 0.486559 0.151076 0.175807 0.845125
0 0.684294 0.385762 0.191428 0.223658 0.738402
0 0.191069 0.419727 0.176544 0.212302 0.736988
0 0.408313 0.484442 0.155048 0.178987 0.853394
0 0.685891 0.383981 0.195856 0.226444 0.747519
0 0.188467 0.417161 0.186589 0.219182 0.731964
0 0.407698 0.484506 0.152046 0.175524 0.795878
0 0.686881 0.384467 0.194924 0.224759 0.708514
0 0.186205 0.416986 0.183719 0.218642 0.664396
0 0.408307 0.484789 0.152364 0.176123 0.845182
0 0.685598 0.38295 0.199775 0.2279 0.752687
0 0.187931 0.415517 0.187337 0.222633 0.706932
0 0.408191 0.487281 0.153214 0.176528 0.858779
0 0.684133 0.384993 0.193457 0.221751 0.729936
0 0.192039 0.419264 0.179388 0.21497 0.698851
0 0.407893 0.485245 0.152922 0.175598 0.872273
0 0.684782 0.384796 0.192496 0.222174 0.758046
0 0.189876 0.416418 0.183705 0.218914 0.725782
0 0.408455 0.483959 0.153723 0.17768 0.881504
0 0.190411 0.416129 0.185894 0.219171 0.746077
0 0.683232 0.38424 0.192635 0.223911 0.745958
0 0.409352 0.485344 0.152818 0.175831 0.857364
0 0.685068 0.383416 0.193995 0.224665 0.72003
0 0.190906 0.415404 0.185919 0.218956 0.678912
0 0.407517 0.48567 0.151849 0.174862 0.884496
0 0.684791 0.385682 0.194825 0.224758 0.75776
0 0.188635 0.416389 0.185301 0.218308 0.740306
0 0.408027 0.486036 0.152436 0.175494 0.882866
0 0.683883 0.385129 0.193225 0.224778 0.741245
0 0.189717 0.416474 0.185167 0.217917 0.734625
0 0.408566 0.486449 0.153451 0.176856 0.896766
0 0.684627 0.386155 0.195513 0.225332 0.773462
0 0.189385 0.416484 0.187517 0.220284 0.764168
0 0.407784 0.485617 0.152181 0.175693 0.872986
0 0.18841 0.416258 0.18653 0.219265 0.742891
0 0.684039 0.385813 0.192081 0.223452 0.742413
0 0.408506 0.485901 0.152644 0.175977 0.880481
0 0.684408 0.385531 0.193037 0.224358 0.743261
0 0.189408 0.416383 0.186242 0.219131 0.739489
0 0.408565 0.486438 0.153449 0.176869 0.896519
0 0.684644 0.386132 0.195506 0.225334 0.773078
0 0.189389 0.416466 0.1875 0.220294 0.763776
