0 0.447733 0.172732 0.225968 0.266293 0.69774
0 0.446104 0.163508 0.189275 0.211511 0.890038
0 0.307327 0.656127 0.19534 0.224296 0.76102
0 0.431523 0.195522 0.203112 0.238237 0.725808
0 0.310604 0.689649 0.132605 0.143464 0.691382
0 0.439518 0.170789 0.167445 0.181762 0.631129
0 0.440577 0.1635 0.179505 0.203689 0.624721
0 0.447213 0.174989 0.167997 0.198826 0.838428
0 0.444706 0.164447 0.192456 0.222449 0.656223
0 0.442509 0.168583 0.190121 0.220127 0.8098
0 0.438517 0.164215 0.180508 0.209955 0.633998
0 0.437666 0.168306 0.16947 0.194448 0.825978
0 0.436904 0.167121 0.18161 0.208221 0.720321
0 0.434315 0.171981 0.148937 0.179753 0.658667
0 0.437444 0.166513 0.183372 0.213261 0.740891
0 0.440267 0.169383 0.177035 0.203722 0.721172
0 0.441233 0.166507 0.17393 0.205426 0.747302
0 0.440625 0.169261 0.170948 0.200477 0.758836
0 0.438574 0.168287 0.18695 0.213151 0.70742
0 0.433312 0.16773 0.188292 0.21434 0.784396
0 0.437485 0.168507 0.162322 0.192391 0.666599
0 0.432373 0.167413 0.197514 0.224025 0.689349
0 0.437185 0.168071 0.184617 0.210938 0.713507
0 0.436686 0.171017 0.169798 0.195491 0.794794
0 0.437644 0.169407 0.184997 0.213922 0.790775
0 0.430729 0.16764 0.1918 0.216522 0.788478
0 0.437443 0.16998 0.17081 0.20338 0.86284
0 0.43109 0.173829 0.19548 0.218576 0.832444
0 0.435855 0.173483 0.189924 0.216854 0.814978
0 0.435706 0.172249 0.189975 0.213288 0.788862
0 0.434435 0.16824 0.174939 0.203404 0.736402
0 0.434956 0.169556 0.188381 0.216196 0.779785
0 0.434861 0.166636 0.189805 0.218516 0.829258
0 0.431264 0.169614 0.183935 0.209554 0.78725
0 0.437977 0.172217 0.182108 0.211707 0.843041
0 0.43435 0.171345 0.186167 0.21463 0.822868
0 0.43651 0.168087 0.188613 0.217608 0.776395
0 0.436906 0.170403 0.175521 0.200933 0.730363
0 0.436301 0.170171 0.184425 0.212632 0.821645
0 0.437382 0.170606 0.189381 0.217526 0.842094
0 0.437187 0.171284 0.18132 0.204489 0.784452
0 0.435724 0.172644 0.184125 0.211133 0.793716
0 0.435967 0.169203 0.193661 0.222708 0.866214
0 0.431466 0.169281 0.192114 0.220965 0.833376
0 0.435097 0.172134 0.190926 0.220014 0.836466
0 0.435078 0.170845 0.188796 0.218178 0.818081
0 0.435067 0.168456 0.17976 0.206186 0.779204
0 0.436056 0.170367 0.191334 0.222038 0.835869
0 0.438718 0.171598 0.177168 0.204112 0.819263
0 0.436878 0.171011 0.184445 0.209175 0.86322
0 0.434573 0.171338 0.184855 0.213723 0.847982
0 0.438084 0.174425 0.187636 0.213509 0.82594
0 0.435071 0.171341 0.185669 0.218155 0.838011
0 0.437466 0.171399 0.182691 0.209835 0.87979
0 0.437476 0.171308 0.181491 0.208308 0.832572
0 0.433531 0.17178 0.180107 0.210373 0.812224
0 0.436257 0.168591 0.184365 0.211263 0.841694
0 0.438541 0.169252 0.188433 0.21891 0.812273
0 0.434413 0.170743 0.184958 0.214969 0.79843
0 0.435589 0.171266 0.184822 0.2155 0.864262
0 0.433591 0.1671 0.19225 0.222555 0.814839
0 0.430968 0.169795 0.182411 0.212458 0.830648
0 0.433365 0.172375 0.187467 0.217994 0.829456
0 0.434951 0.170464 0.18613 0.215798 0.840153
0 0.435193 0.168379 0.185808 0.218154 0.768601
0 0.432828 0.16911 0.193407 0.224773 0.823074
0 0.432431 0.169271 0.188575 0.217581 0.844972
0 0.434287 0.169811 0.186639 0.21632 0.839214
0 0.433961 0.169414 0.184051 0.213123 0.862557
0 0.433945 0.170184 0.183379 0.21441 0.828393
0 0.432348 0.1702 0.18656 0.217264 0.856234
0 0.432719 0.17052 0.188412 0.218372 0.828516
0 0.434273 0.16924 0.190878 0.221155 0.872081
0 0.433584 0.170054 0.183441 0.214009 0.847195
0 0.433867 0.169678 0.188438 0.21962 0.815863
0 0.434488 0.170204 0.182194 0.213216 0.836151
0 0.435566 0.16743 0.187385 0.21961 0.872858
0 0.435842 0.16876 0.186259 0.22134 0.874009
0 0.435066 0.168897 0.181553 0.213312 0.851725
0 0.436905 0.169666 0.190388 0.22106 0.837845
0 0.43555 0.169629 0.193868 0.222862 0.855482
0 0.43284 0.169744 0.184924 0.217052 0.831623
0 0.435613 0.170411 0.193844 0.224681 0.856904
0 0.435637 0.170369 0.187195 0.219118 0.850907
0 0.434251 0.170355 0.188929 0.219386 0.843517
0 0.435079 0.169681 0.190251 0.221556 0.839723
0 0.432874 0.169207 0.191545 0.222447 0.875106
0 0.432026 0.169075 0.189858 0.222081 0.865684
0 0.433685 0.169675 0.191179 0.222974 0.869597
0 0.432701 0.169794 0.188922 0.222443 0.84769
0 0.432517 0.169271 0.19137 0.223647 0.872255
0 0.433195 0.169163 0.190487 0.22037 0.864247
0 0.433122 0.169045 0.189309 0.218923 0.871016
0 0.434615 0.169607 0.190162 0.220358 0.87668
0 0.433291 0.169821 0.190044 0.22007 0.847906
0 0.43246 0.169423 0.189264 0.220787 0.878598
0 0.433116 0.1688 0.188735 0.220529 0.867284
0 0.433474 0.169146 0.189228 0.221104 0.880176
0 0.433878 0.169774 0.188603 0.219653 0.873715
0 0.433118 0.16927 0.189392 0.221858 0.876074
0 0.433471 0.169135 0.189221 0.221112 0.879968
