0 0.521189 0.28435 0.238334 0.261936 0.927563
0 0.549922 0.277706 0.208573 0.220468 0.630622
0 0.536462 0.293941 0.250137 0.29007 0.644724
0 0.519247 0.294778 0.335596 0.355876 0.63353
0 0.519287 0.302208 0.292596 0.304695 0.724847
0 0.510706 0.29611 0.318213 0.339895 0.682541
0 0.544085 0.309264 0.268759 0.294169 0.645584
0 0.523114 0.286244 0.328123 0.375218 0.683501
0 0.519504 0.278841 0.348312 0.381465 0.730079
0 0.521453 0.302013 0.295161 0.329782 0.693841
0 0.520297 0.304979 0.301451 0.315808 0.698506
0 0.523069 0.288712 0.341435 0.377839 0.770193
0 0.511016 0.291028 0.307191 0.351123 0.854986
0 0.525866 0.285771 0.284698 0.350114 0.845684
0 0.530539 0.297218 0.326339 0.359528 0.874683
0 0.529399 0.28807 0.291039 0.339732 0.81448
0 0.524866 0.298673 0.303003 0.346777 0.731
0 0.520571 0.291015 0.294293 0.335576 0.825506
0 0.523816 0.293095 0.319412 0.358966 0.725567
0 0.526956 0.291704 0.309111 0.341804 0.75848
0 0.521367 0.290642 0.309457 0.355931 0.76521
0 0.515695 0.295633 0.315564 0.364291 0.863327
0 0.52558 0.297184 0.313301 0.370991 0.717276
0 0.520786 0.288829 0.316851 0.370216 0.800116
0 0.522583 0.287897 0.310953 0.350716 0.79989
0 0.52383 0.278315 0.332419 0.394816 0.823005
0 0.524585 0.289469 0.299681 0.341613 0.733392
0 0.530409 0.291613 0.317278 0.358197 0.839352
0 0.511541 0.288675 0.316732 0.372998 0.864118
0 0.522515 0.293311 0.299835 0.355759 0.874461
0 0.527323 0.289842 0.307642 0.363487 0.755241
0 0.529418 0.293045 0.301111 0.352954 0.885573
0 0.531886 0.288263 0.307289 0.354043 0.873803
0 0.519174 0.294171 0.291347 0.353424 0.771819
0 0.526769 0.301855 0.309477 0.358896 0.807655
0 0.530429 0.299439 0.302275 0.352323 0.848229
0 0.53094 0.297946 0.305329 0.351703 0.842223
0 0.535131 0.292823 0.300073 0.353342 0.811473
0 0.519937 0.296496 0.299792 0.351045 0.791096
0 0.527939 0.293384 0.317594 0.360786 0.807286
0 0.528645 0.292953 0.306636 0.356185 0.823125
0 0.527442 0.296575 0.298285 0.353819 0.83077
0 0.525334 0.287885 0.320495 0.372523 0.846832
0 0.523777 0.289307 0.31798 0.368021 0.888335
0 0.532706 0.290986 0.319196 0.37731 0.876431
0 0.524792 0.296225 0.312011 0.356994 0.814956
0 0.531982 0.293962 0.305315 0.347821 0.850416
0 0.526679 0.291863 0.302417 0.35026 0.859905
0 0.527313 0.293742 0.309558 0.354614 0.874555
0 0.529532 0.289429 0.311929 0.361765 0.872623
0 0.523952 0.291475 0.3045 0.345329 0.893747
0 0.527563 0.285508 0.315717 0.365334 0.86179
0 0.528166 0.293434 0.307873 0.353685 0.901418
0 0.524872 0.288894 0.306756 0.354094 0.871785
0 0.538422 0.289351 0.31341 0.355178 0.853641
0 0.527222 0.293803 0.308165 0.358915 0.855717
0 0.529072 0.292893 0.307874 0.355127 0.867671
0 0.52589 0.295682 0.294826 0.34567 0.861655
0 0.527202 0.289171 0.307461 0.363753 0.880129
0 0.527482 0.290351 0.307843 0.357412 0.847219
0 0.529698 0.291644 0.3084 0.356825 0.857577
0 0.525762 0.288899 0.304834 0.34681 0.885079
0 0.523263 0.294631 0.302883 0.354475 0.873838
0 0.522579 0.290396 0.315267 0.36932 0.867052
0 0.525201 0.288928 0.322718 0.371813 0.874655
0 0.526034 0.289653 0.312399 0.362302 0.847115
0 0.525836 0.291711 0.319509 0.364718 0.888161
0 0.527273 0.294508 0.310157 0.356832 0.883131
0 0.52555 0.291091 0.312365 0.360329 0.89108
0 0.525658 0.293951 0.308919 0.357792 0.885402
0 0.527736 0.292295 0.310492 0.358429 0.870502
0 0.521682 0.294883 0.3103 0.35475 0.894992
0 0.526002 0.291882 0.30944 0.3533 0.878803
0 0.527145 0.29473 0.313862 0.357858 0.885779
0 0.522547 0.294732 0.314623 0.359333 0.902739
0 0.52558 0.294185 0.317138 0.36527 0.900498
0 0.525535 0.292446 0.316714 0.360174 0.901459
0 0.527739 0.291989 0.311615 0.357458 0.89899
0 0.527612 0.29088 0.313897 0.363564 0.90799
0 0.52886 0.292338 0.312742 0.358403 0.908422
0 0.529186 0.289793 0.313348 0.362405 0.894273
0 0.528825 0.292047 0.314301 0.357642 0.905891
0 0.527741 0.291205 0.313555 0.361347 0.904747
0 0.525939 0.292393 0.314214 0.359691 0.912435
0 0.526387 0.293704 0.312574 0.358646 0.91554
0 0.526646 0.292716 0.312595 0.359516 0.91074
0 0.525937 0.292395 0.314185 0.359624 0.912668
