0 0.691222 0.14013 0.155873 0.186414 0.726065
0 0.695524 0.130895 0.144119 0.168974 0.655082
0 0.692381 0.137203 0.149034 0.174276 0.68886
0 0.672572 0.139308 0.174226 0.199653 0.667364
0 0.703056 0.138931 0.144891 0.18206 0.621485
0 0.705882 0.134699 0.149345 0.189604 0.611077
0 0.695303 0.136536 0.149908 0.189295 0.758797
0 0.693833 0.136814 0.163594 0.200355 0.632987
0 0.702851 0.136102 0.156206 0.192754 0.669462
0 0.686696 0.137194 0.17475 0.204151 0.72669
0 0.698276 0.136194 0.16163 0.19138 0.677833
0 0.694148 0.139156 0.15673 0.186507 0.753286
0 0.692147 0.143063 0.173564 0.199176 0.796525
0 0.693406 0.138201 0.162773 0.189544 0.745347
0 0.693522 0.139802 0.160104 0.19195 0.694779
0 0.693823 0.136763 0.157538 0.185063 0.651087
0 0.689353 0.140784 0.165125 0.197529 0.741413
0 0.688715 0.138787 0.164202 0.191989 0.769249
0 0.686077 0.140879 0.160711 0.191297 0.689723
0 0.697509 0.141099 0.159306 0.192303 0.732308
0 0.697388 0.142565 0.149971 0.176928 0.765054
0 0.694322 0.140329 0.164398 0.200638 0.707166
0 0.703026 0.135688 0.141872 0.16763 0.661452
0 0.695889 0.141565 0.160901 0.189717 0.7368
0 0.70104 0.139552 0.164287 0.191091 0.757214
0 0.69893 0.139444 0.163834 0.190994 0.70738
0 0.697896 0.142913 0.167965 0.199733 0.700214
0 0.695022 0.142122 0.168478 0.202647 0.794444
0 0.699467 0.138842 0.162478 0.194092 0.668964
0 0.697663 0.141336 0.16661 0.196461 0.754144
0 0.699738 0.140167 0.160848 0.193856 0.748322
0 0.696079 0.139802 0.163833 0.193518 0.731867
0 0.698556 0.141535 0.172952 0.204287 0.696406
0 0.696564 0.140694 0.149297 0.175469 0.739723
0 0.695786 0.146292 0.175913 0.209953 0.746195
0 0.697992 0.1435 0.171691 0.207421 0.725528
0 0.697382 0.143598 0.162489 0.195948 0.688959
0 0.699547 0.143242 0.161115 0.195371 0.752492
0 0.695725 0.138864 0.155149 0.184737 0.755075
0 0.697949 0.143834 0.173189 0.2046 0.796011
0 0.697226 0.14395 0.16988 0.202736 0.761037
0 0.69921 0.137892 0.155775 0.183187 0.732899
0 0.700774 0.140566 0.167527 0.198469 0.693414
0 0.698352 0.140485 0.157646 0.19464 0.734107
0 0.699524 0.143249 0.160221 0.194258 0.787488
0 0.699831 0.143093 0.171851 0.2008 0.73786
0 0.697816 0.143441 0.170125 0.201502 0.784518
0 0.697061 0.143109 0.164898 0.198849 0.7828
0 0.698145 0.143887 0.169128 0.200522 0.783199
0 0.699299 0.143632 0.169358 0.202442 0.721445
0 0.696906 0.143805 0.166403 0.198825 0.794312
0 0.695761 0.144049 0.17321 0.207688 0.7871
0 0.695487 0.142936 0.16878 0.202523 0.803093
0 0.697844 0.146007 0.170997 0.200253 0.81183
0 0.697394 0.144145 0.166091 0.199483 0.803261
0 0.69875 0.143561 0.172331 0.204943 0.835299
0 0.695527 0.145844 0.171775 0.206167 0.787699
0 0.696806 0.142832 0.176289 0.207058 0.85161
0 0.696941 0.14407 0.175249 0.206228 0.796017
0 0.695631 0.143947 0.169896 0.2058 0.801038
0 0.700964 0.142513 0.176551 0.209783 0.801676
0 0.699244 0.143291 0.172497 0.204407 0.839304
0 0.698661 0.142464 0.177971 0.20904 0.825511
0 0.697479 0.143491 0.172471 0.202683 0.836062
0 0.697881 0.143673 0.170808 0.203828 0.815565
0 0.699289 0.142953 0.172527 0.202506 0.834713
0 0.697579 0.142499 0.170064 0.201733 0.784866
0 0.698597 0.143859 0.170027 0.201673 0.833343
0 0.698992 0.144218 0.170085 0.201629 0.824055
0 0.69807 0.144499 0.170386 0.200987 0.827311
0 0.701255 0.144034 0.175599 0.206402 0.821028
0 0.697559 0.143029 0.169749 0.201308 0.847527
0 0.69908 0.144239 0.177065 0.206487 0.836077
0 0.698982 0.143028 0.179386 0.209814 0.838428
0 0.700396 0.144329 0.179036 0.210993 0.818846
0 0.700214 0.144001 0.179866 0.212785 0.83786
0 0.699693 0.14531 0.180567 0.210971 0.824723
0 0.697702 0.142981 0.174409 0.206984 0.843102
0 0.69727 0.142991 0.175955 0.207957 0.851837
0 0.698453 0.141933 0.172987 0.205787 0.829566
0 0.698039 0.143609 0.177107 0.20909 0.853058
0 0.698031 0.142877 0.174576 0.207357 0.845617
0 0.698609 0.143524 0.175832 0.208358 0.859067
0 0.698495 0.143261 0.174022 0.206896 0.846846
0 0.698427 0.142875 0.174599 0.207453 0.851475
0 0.698608 0.143516 0.175831 0.208345 0.858816
