0 0.274186 0.112877 0.179542 0.195324 0.945286
0 0.346471 0.516749 0.184221 0.202891 0.911505
0 0.546369 0.298904 0.226526 0.283467 0.841036
0 0.700037 0.460299 0.171523 0.196998 0.837266
0 0.122637 0.570805 0.198972 0.224223 0.814886
0 0.64933 0.180314 0.143594 0.178489 0.779989
0 0.860358 0.498425 0.176275 0.193518 0.619992
0 0.32712 0.527461 0.165682 0.207535 0.68235
0 0.853382 0.497659 0.194175 0.237625 0.640352
0 0.556072 0.288042 0.202349 0.257254 0.898974
0 0.264224 0.120755 0.151567 0.173784 0.882814
0 0.862684 0.496435 0.159638 0.191239 0.877683
0 0.332459 0.5288 0.166463 0.193565 0.811756
0 0.114919 0.576906 0.162145 0.193889 0.698128
0 0.843348 0.218803 0.141894 0.156133 0.663194
0 0.119589 0.572263 0.194578 0.242161 0.620491
0 0.549624 0.297865 0.192435 0.240547 0.79639
0 0.85154 0.504861 0.159666 0.203131 0.620725
0 0.334015 0.527762 0.153882 0.194601 0.61921
0 0.56415 0.287912 0.196988 0.242756 0.829784
0 0.341399 0.52151 0.189304 0.219706 0.706294
0 0.267394 0.110459 0.151601 0.188898 0.703284
0 0.840039 0.210839 0.177354 0.20779 0.703221
0 0.115914 0.566347 0.186235 0.229249 0.698345
0 0.859691 0.491569 0.192323 0.234998 0.674427
0 0.553468 0.300617 0.187477 0.229532 0.885797
0 0.839334 0.215514 0.160794 0.197702 0.857563
0 0.329215 0.528261 0.176999 0.211905 0.826418
0 0.85739 0.497707 0.176242 0.221736 0.804255
0 0.262762 0.119813 0.16444 0.196358 0.753325
0 0.643692 0.191436 0.158423 0.189217 0.669449
0 0.113949 0.573948 0.170448 0.208949 0.608287
0 0.557486 0.292389 0.207921 0.242982 0.816255
0 0.274038 0.111653 0.17655 0.209547 0.695626
0 0.851438 0.211189 0.16946 0.204673 0.649701
0 0.126554 0.564459 0.211036 0.242751 0.621429
0 0.86475 0.492677 0.188267 0.226896 0.616617
0 0.331789 0.522162 0.189492 0.224544 0.723627
0 0.841391 0.216362 0.187715 0.220763 0.717241
0 0.554472 0.295704 0.195236 0.241274 0.712876
0 0.859204 0.50583 0.182735 0.214146 0.688153
0 0.638603 0.186593 0.184815 0.217344 0.680021
0 0.266489 0.120204 0.159443 0.185273 0.642253
0 0.121205 0.570387 0.19858 0.234493 0.628716
0 0.553296 0.301035 0.210191 0.254547 0.78121
0 0.11666 0.574771 0.189281 0.22037 0.776884
0 0.857389 0.488456 0.195623 0.236262 0.737286
0 0.332032 0.529575 0.186671 0.22643 0.713306
0 0.263597 0.11938 0.16913 0.201097 0.675614
0 0.54458 0.297215 0.214489 0.25395 0.824991
0 0.113346 0.572056 0.191285 0.222395 0.727263
0 0.326457 0.526665 0.182069 0.208342 0.688148
0 0.844839 0.212968 0.172713 0.206544 0.667013
0 0.859415 0.49412 0.195319 0.236029 0.666763
0 0.259248 0.119193 0.175351 0.196397 0.63979
0 0.550202 0.29345 0.208666 0.244026 0.892465
0 0.117121 0.569392 0.195505 0.226565 0.810821
0 0.32648 0.525305 0.190432 0.219058 0.773263
0 0.839653 0.211485 0.174933 0.205664 0.729851
0 0.851325 0.497699 0.188303 0.216501 0.693317
0 0.258497 0.116879 0.174178 0.201145 0.646486
0 0.54389 0.290444 0.221468 0.259815 0.774337
0 0.118452 0.569005 0.198174 0.232063 0.681403
0 0.840191 0.208895 0.181261 0.221199 0.665796
0 0.326117 0.53062 0.178064 0.210508 0.634364
0 0.324933 0.527381 0.196449 0.224026 0.825613
0 0.546729 0.293223 0.227194 0.262028 0.804763
0 0.853934 0.498033 0.196089 0.222285 0.722435
0 0.83844 0.218082 0.170128 0.196019 0.705532
0 0.115079 0.571078 0.195964 0.221528 0.701655
0 0.263285 0.12045 0.168037 0.192057 0.685902
0 0.558201 0.29984 0.212868 0.251311 0.824563
0 0.863255 0.493745 0.180264 0.221302 0.759986
0 0.333381 0.529319 0.187393 0.217604 0.744176
0 0.847658 0.213723 0.164614 0.197512 0.702422
0 0.265784 0.118587 0.161757 0.184642 0.700415
0 0.125164 0.571423 0.190911 0.219465 0.652819
0 0.548791 0.293831 0.209957 0.244106 0.83554
0 0.330254 0.528376 0.197311 0.223652 0.7816
0 0.263726 0.118867 0.172713 0.194493 0.741949
0 0.857733 0.495111 0.197783 0.235173 0.736386
0 0.123606 0.5688 0.199146 0.227472 0.658155
0 0.846168 0.209658 0.165459 0.210125 0.606544
0 0.551377 0.295749 0.220622 0.258886 0.852698
0 0.856088 0.496967 0.188666 0.225884 0.845786
0 0.841176 0.211979 0.164754 0.201423 0.807728
0 0.331817 0.527806 0.18762 0.219349 0.767195
0 0.262881 0.119784 0.162736 0.194334 0.728036
0 0.644755 0.183236 0.157754 0.193601 0.656011
0 0.549805 0.29438 0.211673 0.252655 0.776099
0 0.839615 0.206488 0.177357 0.216081 0.77412
0 0.854478 0.493288 0.199421 0.236668 0.755963
0 0.11868 0.568721 0.194957 0.223687 0.69816
0 0.324994 0.529585 0.195318 0.225448 0.662508
0 0.262706 0.116337 0.169622 0.195526 0.655887
0 0.553418 0.287723 0.230415 0.274971 0.852987
0 0.856715 0.497017 0.191401 0.222912 0.812576
0 0.841753 0.208007 0.17764 0.212696 0.811536
0 0.327996 0.524777 0.202686 0.231571 0.783033
0 0.265549 0.117869 0.166465 0.192955 0.750099
0 0.12543 0.571915 0.194786 0.223383 0.749047
0 0.652312 0.178121 0.162738 0.200964 0.737626
0 0.85392 0.502742 0.179169 0.218897 0.817456
0 0.331551 0.530219 0.193036 0.227562 0.80673
0 0.842123 0.214305 0.154 0.198692 0.796183
0 0.540086 0.298641 0.199129 0.24527 0.775333
0 0.260661 0.118931 0.148727 0.176489 0.695339
0 0.642767 0.183576 0.145301 0.184331 0.629256
0 0.851852 0.49785 0.191407 0.219652 0.739902
0 0.543226 0.290008 0.225275 0.258551 0.711157
0 0.330923 0.52338 0.196814 0.226447 0.696847
0 0.83987 0.206877 0.180428 0.212152 0.671863
0 0.261248 0.117222 0.163125 0.184529 0.641452
0 0.840125 0.209069 0.178378 0.210991 0.806793
0 0.553065 0.289593 0.217441 0.255885 0.78132
0 0.325485 0.522969 0.189579 0.223566 0.752386
0 0.855717 0.491863 0.198406 0.237119 0.746019
0 0.257706 0.118424 0.160164 0.186541 0.674162
0 0.854241 0.499481 0.178334 0.211914 0.830577
0 0.841605 0.215104 0.159689 0.192751 0.821935
0 0.259319 0.125825 0.15544 0.176805 0.816869
0 0.329456 0.529188 0.184323 0.212623 0.804451
0 0.545541 0.292223 0.212389 0.247149 0.793884
0 0.113817 0.572883 0.184027 0.209704 0.721165
0 0.689419 0.46651 0.158351 0.180504 0.695131
0 0.638991 0.182415 0.162661 0.190973 0.661463
0 0.855083 0.49988 0.190742 0.225476 0.826676
0 0.838042 0.210929 0.17966 0.212978 0.82079
0 0.547467 0.290898 0.226971 0.268375 0.761759
0 0.333682 0.525965 0.198828 0.230631 0.748874
0 0.260474 0.118855 0.153643 0.179102 0.738182
0 0.118699 0.568287 0.190238 0.225022 0.699419
0 0.641711 0.180354 0.175786 0.210801 0.63901
0 0.324574 0.525319 0.187723 0.219788 0.841239
0 0.257412 0.121477 0.15816 0.181679 0.793211
0 0.84937 0.496489 0.190932 0.226262 0.770879
0 0.11259 0.568952 0.180283 0.21431 0.728728
0 0.539072 0.286444 0.223797 0.254502 0.725856
0 0.835186 0.208414 0.180502 0.214507 0.684567
0 0.68637 0.462272 0.14681 0.169327 0.669053
0 0.632008 0.176985 0.165393 0.195005 0.608429
0 0.8529 0.495197 0.186173 0.223623 0.854185
0 0.327167 0.527768 0.179887 0.214594 0.824146
0 0.541601 0.288921 0.220354 0.255539 0.820303
0 0.259605 0.11969 0.15408 0.177549 0.799371
0 0.839532 0.206646 0.17474 0.213986 0.712638
0 0.109504 0.568634 0.181325 0.22 0.681165
0 0.637952 0.179498 0.162912 0.196111 0.656955
0 0.689645 0.45955 0.157789 0.182103 0.608471
0 0.855944 0.497547 0.198742 0.230977 0.837733
0 0.549601 0.287993 0.234104 0.266902 0.828347
0 0.838316 0.212691 0.190686 0.222151 0.799604
0 0.330359 0.52588 0.195155 0.228018 0.756772
0 0.259848 0.121254 0.162444 0.187309 0.743147
0 0.116027 0.570407 0.193044 0.224736 0.70328
0 0.639139 0.182748 0.179032 0.202272 0.697021
0 0.541646 0.289179 0.232426 0.261312 0.816747
0 0.330168 0.526873 0.184428 0.213781 0.810507
0 0.853557 0.497757 0.192551 0.223031 0.794661
0 0.118504 0.569405 0.186817 0.217891 0.762092
0 0.262665 0.122673 0.152628 0.171941 0.761344
0 0.840302 0.210874 0.177985 0.207711 0.736661
0 0.692601 0.460362 0.163385 0.187631 0.693637
0 0.640709 0.180125 0.166648 0.188668 0.613814
0 0.543346 0.292414 0.213405 0.251331 0.753119
0 0.264937 0.119752 0.159333 0.183035 0.723919
0 0.332736 0.528801 0.188094 0.223652 0.69064
0 0.3293 0.528583 0.190127 0.221568 0.737474
0 0.854626 0.500795 0.178162 0.212812 0.720448
0 0.546455 0.290907 0.217103 0.247086 0.698439
0 0.257656 0.124403 0.149244 0.172609 0.697874
0 0.83902 0.212815 0.171642 0.2049 0.68194
0 0.109674 0.567346 0.185864 0.221964 0.639193
0 0.552029 0.283901 0.220798 0.255801 0.780605
0 0.330606 0.526069 0.186804 0.214716 0.731052
0 0.853066 0.491157 0.19089 0.227983 0.722349
0 0.260625 0.118387 0.162444 0.191744 0.716372
0 0.84208 0.210455 0.182431 0.21755 0.627142
0 0.857611 0.497408 0.189329 0.225857 0.851902
0 0.551209 0.283071 0.226385 0.259217 0.809294
0 0.840108 0.212143 0.184192 0.217204 0.802289
0 0.327604 0.522768 0.197488 0.231945 0.789411
0 0.260183 0.120789 0.166553 0.186893 0.773952
0 0.119652 0.564755 0.196533 0.227139 0.739451
0 0.688345 0.460484 0.151644 0.18126 0.664265
0 0.633158 0.178511 0.169145 0.197734 0.645791
0 0.854327 0.500359 0.18596 0.224799 0.838448
0 0.542757 0.288501 0.237093 0.271868 0.771492
0 0.255809 0.123274 0.16135 0.191151 0.768164
0 0.328714 0.5254 0.199131 0.234958 0.762668
0 0.840612 0.216295 0.181994 0.217083 0.747089
0 0.110066 0.568797 0.190493 0.224034 0.719558
0 0.640983 0.179473 0.161882 0.19841 0.60152
0 0.853976 0.499709 0.189831 0.229015 0.846331
0 0.54703 0.289609 0.224469 0.268548 0.796691
0 0.260221 0.123263 0.163886 0.189537 0.757826
0 0.329119 0.529913 0.1936 0.229202 0.757063
0 0.116227 0.569552 0.192745 0.229333 0.754749
0 0.843497 0.212826 0.177802 0.218564 0.731074
0 0.688255 0.464016 0.15326 0.184091 0.680955
0 0.637892 0.18129 0.162506 0.193268 0.612276
0 0.852225 0.50363 0.18461 0.217084 0.802869
0 0.838905 0.217489 0.180089 0.214334 0.742649
0 0.543865 0.29075 0.223285 0.255208 0.741708
0 0.257804 0.122858 0.16113 0.180845 0.722991
0 0.326772 0.529754 0.192505 0.22376 0.701148
0 0.633941 0.183948 0.16281 0.191637 0.621272
0 0.857839 0.499697 0.192874 0.226322 0.781493
0 0.334421 0.528449 0.196645 0.226369 0.737783
0 0.841784 0.211674 0.18555 0.217771 0.726849
0 0.547469 0.285634 0.224093 0.257849 0.691761
0 0.259293 0.121095 0.16255 0.182893 0.679795
0 0.111393 0.567709 0.190532 0.223756 0.639922
0 0.853198 0.501831 0.177737 0.21075 0.729703
0 0.331413 0.527034 0.194597 0.226269 0.714496
0 0.551142 0.281228 0.235467 0.267922 0.652997
0 0.259511 0.120984 0.155789 0.184254 0.636454
0 0.839713 0.207164 0.178527 0.215798 0.606066
0 0.851782 0.50178 0.182762 0.218989 0.820295
0 0.328691 0.526337 0.193256 0.224461 0.797683
0 0.549676 0.288428 0.229559 0.267778 0.787049
0 0.261164 0.121843 0.159773 0.183049 0.749696
0 0.835821 0.209397 0.1754 0.213824 0.652272
0 0.107964 0.569432 0.188589 0.223538 0.636449
0 0.33331 0.523665 0.19367 0.229576 0.798894
0 0.856319 0.497815 0.194595 0.235739 0.797201
0 0.264457 0.122444 0.161199 0.188019 0.788523
0 0.54963 0.283543 0.227879 0.268274 0.785217
0 0.843696 0.21156 0.184329 0.218184 0.73217
0 0.643263 0.179667 0.165688 0.202669 0.66616
0 0.331748 0.527116 0.1967 0.225542 0.75968
0 0.852426 0.500354 0.185771 0.221113 0.746243
0 0.26308 0.125349 0.156474 0.17465 0.734349
0 0.5474 0.287224 0.224445 0.26092 0.730728
0 0.842235 0.212206 0.177096 0.206303 0.686481
0 0.639552 0.180615 0.165966 0.196689 0.622518
0 0.852878 0.500656 0.189699 0.230815 0.738523
0 0.329415 0.528494 0.19271 0.230535 0.72434
0 0.550597 0.289293 0.221368 0.261496 0.710382
0 0.839391 0.211079 0.17594 0.210693 0.65102
0 0.260876 0.121163 0.157979 0.180052 0.616216
0 0.325605 0.527028 0.191704 0.223819 0.835184
0 0.85141 0.49821 0.190023 0.230102 0.826616
0 0.544471 0.284072 0.228577 0.267987 0.810427
0 0.838401 0.209506 0.180566 0.216171 0.740285
0 0.260696 0.121346 0.155846 0.180506 0.731998
0 0.633135 0.180097 0.162749 0.199044 0.693131
0 0.110035 0.566405 0.190511 0.222307 0.674851
0 0.85154 0.501431 0.189336 0.226015 0.840521
0 0.544183 0.286002 0.228639 0.270328 0.795031
0 0.323348 0.526475 0.198401 0.231963 0.771308
0 0.835534 0.213576 0.180863 0.213561 0.767716
0 0.255225 0.121809 0.162005 0.184445 0.731313
0 0.10918 0.567606 0.195454 0.228343 0.704523
0 0.687439 0.460566 0.156189 0.184897 0.637801
0 0.855206 0.501832 0.19164 0.227026 0.807024
0 0.549364 0.285885 0.22816 0.268123 0.791927
0 0.335472 0.531105 0.191347 0.224725 0.788096
0 0.842217 0.212426 0.178204 0.209883 0.740602
0 0.261782 0.121885 0.168455 0.193876 0.67732
0 0.115671 0.568944 0.192037 0.22556 0.617305
0 0.335443 0.527074 0.187042 0.221291 0.823889
0 0.85499 0.501865 0.179437 0.21884 0.808291
0 0.543575 0.285812 0.224698 0.264556 0.764086
0 0.840261 0.21324 0.173582 0.207645 0.739089
0 0.259114 0.120268 0.156738 0.184778 0.720165
0 0.113591 0.568283 0.183515 0.217279 0.688328
0 0.632848 0.177598 0.168154 0.201616 0.673687
0 0.854786 0.498665 0.185462 0.216899 0.818209
0 0.331909 0.522765 0.185854 0.220103 0.799503
0 0.543243 0.282261 0.224894 0.259587 0.738838
0 0.258925 0.11903 0.149075 0.177346 0.728762
0 0.845509 0.211055 0.175193 0.20696 0.699856
0 0.688776 0.459923 0.147846 0.178558 0.634258
0 0.11061 0.567211 0.186268 0.213527 0.621969
0 0.855837 0.500553 0.186659 0.219969 0.83241
0 0.543597 0.287522 0.224083 0.258664 0.816475
0 0.325426 0.527001 0.192899 0.224083 0.815362
0 0.838548 0.213639 0.176007 0.207116 0.715187
0 0.256225 0.119348 0.155743 0.180714 0.714043
0 0.113219 0.56803 0.191921 0.222395 0.679937
0 0.855008 0.50345 0.183052 0.215475 0.806772
0 0.327802 0.533561 0.18958 0.225621 0.794209
0 0.549056 0.290871 0.213208 0.250186 0.76369
0 0.260955 0.126267 0.145085 0.170859 0.752827
0 0.843608 0.218807 0.166138 0.195215 0.692482
0 0.113036 0.57183 0.183412 0.217512 0.669785
0 0.629748 0.185974 0.15484 0.184 0.668353
0 0.68751 0.464746 0.142076 0.171213 0.662624
0 0.851726 0.508912 0.18051 0.208096 0.807715
0 0.325879 0.531747 0.19562 0.22433 0.799375
0 0.256407 0.125082 0.151891 0.174748 0.759582
0 0.545022 0.288824 0.222323 0.256691 0.755362
0 0.685938 0.466626 0.152027 0.179668 0.734163
0 0.634216 0.182536 0.164207 0.18875 0.66076
0 0.837813 0.216568 0.180411 0.211664 0.656429
0 0.114301 0.568959 0.196614 0.229006 0.61282
0 0.850429 0.502972 0.183325 0.220338 0.809106
0 0.327311 0.529974 0.192865 0.225111 0.763837
0 0.546589 0.288464 0.222946 0.258485 0.709171
0 0.838009 0.215254 0.175286 0.212287 0.668918
0 0.258664 0.122411 0.151919 0.179274 0.659487
0 0.328963 0.529447 0.193112 0.222174 0.751086
0 0.853335 0.504207 0.18119 0.212861 0.745557
0 0.843683 0.219132 0.178192 0.206062 0.705789
0 0.263639 0.125337 0.152801 0.177615 0.699135
0 0.546814 0.289453 0.217407 0.260276 0.69553
0 0.637486 0.184316 0.163554 0.195488 0.679888
0 0.688645 0.465535 0.153796 0.187633 0.654657
0 0.331032 0.529645 0.189015 0.218922 0.79799
0 0.852389 0.504391 0.175302 0.214752 0.75776
0 0.546703 0.287587 0.219047 0.262508 0.753861
0 0.8407 0.212738 0.175954 0.212222 0.697359
0 0.258801 0.12447 0.151492 0.176239 0.640379
0 0.634896 0.181626 0.160409 0.192159 0.611078
0 0.326635 0.530354 0.186189 0.216337 0.837009
0 0.852677 0.501798 0.180308 0.217012 0.813837
0 0.544547 0.292519 0.217917 0.253514 0.79761
0 0.839559 0.213002 0.172696 0.208048 0.74354
0 0.257752 0.120883 0.152615 0.178705 0.725778
0 0.682685 0.463639 0.155409 0.181335 0.689053
0 0.632501 0.182682 0.159733 0.192689 0.687918
0 0.109265 0.570813 0.181473 0.211682 0.650965
0 0.32776 0.527335 0.18454 0.218387 0.83193
0 0.85248 0.502171 0.182979 0.217134 0.793326
0 0.543863 0.287588 0.214948 0.254159 0.774435
0 0.836731 0.212298 0.177572 0.209172 0.72975
0 0.260153 0.121302 0.157852 0.184791 0.680247
0 0.634893 0.177224 0.165106 0.195644 0.616263
0 0.329905 0.529314 0.187881 0.222287 0.797756
0 0.853557 0.503773 0.184016 0.220625 0.792287
0 0.545578 0.290187 0.216952 0.259799 0.770172
0 0.260232 0.121706 0.1551 0.180173 0.73221
0 0.835878 0.214669 0.178092 0.21207 0.710012
0 0.687252 0.461687 0.146844 0.17523 0.685141
0 0.855415 0.503414 0.185575 0.218898 0.838815
0 0.333724 0.526526 0.189956 0.220842 0.803628
0 0.262234 0.123277 0.152888 0.177771 0.764913
0 0.547239 0.285072 0.229652 0.264754 0.763535
0 0.841191 0.211805 0.176489 0.208677 0.744044
0 0.115674 0.567863 0.19241 0.223803 0.661101
0 0.689314 0.459607 0.148499 0.171899 0.65103
0 0.327385 0.523102 0.196943 0.231478 0.78513
0 0.854575 0.502223 0.18702 0.224303 0.76987
0 0.550162 0.28491 0.232679 0.267452 0.746627
0 0.840943 0.211152 0.179781 0.215389 0.660632
0 0.327311 0.529589 0.186358 0.218361 0.808033
0 0.854528 0.504441 0.176152 0.209733 0.769833
0 0.547496 0.287267 0.217247 0.256756 0.737682
0 0.258577 0.121429 0.151318 0.178883 0.725428
0 0.688299 0.462424 0.15039 0.175787 0.704803
0 0.840531 0.214053 0.173303 0.207987 0.693591
0 0.855679 0.50459 0.18078 0.215522 0.807951
0 0.548572 0.289396 0.220882 0.257723 0.804047
0 0.327297 0.530255 0.184676 0.218018 0.801556
0 0.841766 0.214478 0.176426 0.209969 0.752962
0 0.260806 0.122851 0.153274 0.180882 0.687158
0 0.328233 0.52638 0.196499 0.225986 0.772958
0 0.856508 0.501462 0.184193 0.218476 0.744972
0 0.547648 0.286485 0.222651 0.262499 0.729217
0 0.844358 0.210876 0.181464 0.21352 0.640396
0 0.262365 0.120877 0.154787 0.182155 0.639983
0 0.323353 0.524834 0.195332 0.228372 0.80112
0 0.549322 0.284574 0.226384 0.262073 0.769834
0 0.85431 0.500615 0.185785 0.220105 0.7483
0 0.840992 0.2125 0.178497 0.207537 0.701293
0 0.256492 0.121657 0.16076 0.184552 0.688651
0 0.688306 0.463856 0.152575 0.182866 0.633842
0 0.324773 0.531958 0.188675 0.222786 0.804507
0 0.547671 0.289393 0.222083 0.264873 0.7698
0 0.853163 0.504908 0.184195 0.219089 0.743618
0 0.8416 0.215094 0.177677 0.211039 0.706955
0 0.683016 0.464563 0.158847 0.189156 0.648018
0 0.259478 0.125517 0.155336 0.180027 0.630335
0 0.636976 0.182554 0.166055 0.196538 0.628535
0 0.330537 0.529934 0.190359 0.223536 0.815826
0 0.54935 0.286737 0.220822 0.26324 0.779482
0 0.857004 0.506361 0.185831 0.214474 0.772
0 0.843984 0.215935 0.177532 0.207667 0.702594
0 0.259535 0.12437 0.153251 0.176285 0.625954
0 0.11986 0.567082 0.189044 0.223098 0.605852
0 0.328997 0.527653 0.188866 0.224126 0.779267
0 0.857265 0.501359 0.184558 0.220898 0.739765
0 0.54198 0.284839 0.228092 0.266256 0.728537
0 0.843746 0.213787 0.174136 0.204715 0.670031
0 0.259298 0.124964 0.151336 0.176183 0.630574
0 0.32674 0.530338 0.189362 0.221802 0.834094
0 0.854152 0.505247 0.183481 0.216853 0.828172
0 0.539711 0.287284 0.227268 0.266783 0.763891
0 0.841517 0.217796 0.174973 0.207033 0.757148
0 0.259396 0.127225 0.149852 0.174859 0.712968
0 0.639871 0.180129 0.163109 0.194441 0.630981
0 0.329307 0.529974 0.186336 0.22109 0.809832
0 0.854666 0.503122 0.18376 0.221074 0.806669
0 0.544393 0.286468 0.227074 0.265637 0.76742
0 0.841905 0.214732 0.175763 0.210913 0.719591
0 0.119002 0.570305 0.186663 0.220314 0.667032
0 0.640601 0.178858 0.166789 0.199677 0.614815
0 0.329128 0.531024 0.18511 0.22076 0.816624
0 0.550144 0.290708 0.220224 0.26201 0.787478
0 0.856872 0.503752 0.185885 0.221505 0.760808
0 0.840561 0.216228 0.17305 0.20731 0.717631
0 0.256886 0.125446 0.149298 0.174301 0.673251
0 0.684963 0.462765 0.151391 0.175556 0.654485
0 0.116882 0.56982 0.174321 0.218038 0.613768
0 0.328075 0.529301 0.185702 0.217629 0.810267
0 0.855738 0.504344 0.182405 0.216506 0.792391
0 0.548794 0.287243 0.220827 0.258838 0.754669
0 0.841577 0.217682 0.174891 0.205432 0.673541
0 0.686995 0.463196 0.148193 0.16843 0.642257
0 0.259313 0.125487 0.151322 0.175252 0.623961
0 0.330251 0.530326 0.189019 0.226093 0.78236
0 0.857481 0.505966 0.181 0.216006 0.776361
0 0.84287 0.220681 0.170876 0.198177 0.709654
0 0.257341 0.125649 0.149522 0.174384 0.70608
0 0.54633 0.28913 0.21825 0.266991 0.704693
0 0.685422 0.4631 0.151015 0.176223 0.660694
0 0.636905 0.18142 0.159357 0.187625 0.60231
0 0.858368 0.505083 0.18492 0.218957 0.832581
0 0.326893 0.528168 0.190338 0.223865 0.81406
0 0.54984 0.289606 0.224414 0.265979 0.795664
0 0.841363 0.217127 0.177375 0.211257 0.756147
0 0.687777 0.462038 0.153405 0.179285 0.722631
0 0.258156 0.124348 0.160352 0.186437 0.701571
0 0.1153 0.56866 0.185353 0.221558 0.670821
0 0.642149 0.177883 0.168474 0.200629 0.646482
0 0.857077 0.503147 0.186743 0.220376 0.805009
0 0.324055 0.530127 0.189795 0.222096 0.794567
0 0.54989 0.289953 0.222675 0.263809 0.773185
0 0.841723 0.216826 0.179273 0.210034 0.745768
0 0.684287 0.463046 0.153262 0.178247 0.695847
0 0.111571 0.570568 0.182873 0.21799 0.670825
0 0.255774 0.124413 0.156744 0.181266 0.6348
0 0.636888 0.181037 0.169242 0.196647 0.633235
0 0.327966 0.52747 0.192082 0.222664 0.850751
0 0.857474 0.501096 0.18709 0.219806 0.840403
0 0.260481 0.12419 0.157568 0.181151 0.80484
0 0.84571 0.216206 0.180359 0.208181 0.798504
0 0.546833 0.282564 0.224223 0.262071 0.798411
0 0.687223 0.460471 0.152015 0.1824 0.776695
0 0.118621 0.568357 0.177799 0.219057 0.764475
0 0.639776 0.180136 0.167345 0.196346 0.736538
0 0.329037 0.530522 0.18837 0.221144 0.798875
0 0.855701 0.504546 0.183842 0.218294 0.791594
0 0.548998 0.286406 0.224713 0.262348 0.784473
0 0.117642 0.569649 0.184726 0.222112 0.696395
0 0.840762 0.216316 0.175305 0.209914 0.667435
0 0.262092 0.127098 0.152196 0.175522 0.601048
0 0.325296 0.528975 0.189511 0.222396 0.786323
0 0.856901 0.503387 0.185086 0.219041 0.780814
0 0.548715 0.287578 0.224286 0.264451 0.734413
0 0.842316 0.217618 0.177234 0.208261 0.707939
0 0.259055 0.125362 0.154721 0.177979 0.692272
0 0.115727 0.570728 0.179519 0.214935 0.665025
0 0.635121 0.180104 0.166946 0.193881 0.613706
0 0.684798 0.462631 0.151046 0.175532 0.603525
0 0.328626 0.529593 0.184771 0.218065 0.812421
0 0.857892 0.503494 0.181756 0.215371 0.798283
0 0.549477 0.286018 0.224945 0.262601 0.728915
0 0.843134 0.216397 0.17558 0.206707 0.721135
0 0.686235 0.462239 0.153781 0.18314 0.69033
0 0.118378 0.56944 0.177385 0.213632 0.641264
0 0.640839 0.17972 0.162635 0.192387 0.624431
0 0.259926 0.12408 0.155398 0.17912 0.620493
0 0.332773 0.529435 0.183549 0.217217 0.852438
0 0.859987 0.5036 0.181825 0.215473 0.842613
0 0.55273 0.284569 0.226713 0.266158 0.800047
0 0.846584 0.215176 0.176123 0.207115 0.776254
0 0.262418 0.125676 0.156021 0.178696 0.700396
0 0.686405 0.460441 0.151575 0.17587 0.68632
0 0.11772 0.56822 0.182956 0.217152 0.662406
0 0.640785 0.180959 0.161073 0.189068 0.627448
0 0.328613 0.52826 0.187224 0.218455 0.830996
0 0.859359 0.501162 0.183462 0.214529 0.808466
0 0.551692 0.286142 0.226133 0.265615 0.785943
0 0.842533 0.214424 0.176855 0.2082 0.74879
0 0.638745 0.180989 0.162851 0.192573 0.695765
0 0.25894 0.124803 0.153677 0.178429 0.668181
0 0.114941 0.568047 0.185965 0.221576 0.665585
0 0.685256 0.461145 0.148496 0.172409 0.652372
0 0.323816 0.525815 0.194345 0.225383 0.820266
0 0.856279 0.500072 0.188339 0.220151 0.790924
0 0.546959 0.283634 0.2313 0.271928 0.782555
0 0.841891 0.214385 0.179383 0.205076 0.730924
0 0.686164 0.459989 0.150351 0.172357 0.706115
0 0.258742 0.122957 0.153798 0.180164 0.692528
0 0.115283 0.566909 0.188144 0.221278 0.647383
0 0.637916 0.178241 0.167434 0.195854 0.638898
0 0.331839 0.527924 0.184345 0.222251 0.809494
0 0.549573 0.286141 0.224127 0.263036 0.788731
0 0.858348 0.503421 0.175356 0.212012 0.73862
0 0.843379 0.214301 0.172798 0.206445 0.627799
0 0.11587 0.568738 0.182034 0.216292 0.62755
0 0.330072 0.527471 0.190355 0.228208 0.815242
0 0.858719 0.504081 0.187078 0.218837 0.799002
0 0.54639 0.28725 0.223242 0.266328 0.784016
0 0.684644 0.462425 0.152811 0.175241 0.735036
0 0.844388 0.218846 0.177453 0.204353 0.727309
0 0.637424 0.182199 0.165771 0.193208 0.632064
0 0.257802 0.125969 0.154522 0.177947 0.629152
0 0.550312 0.287205 0.225899 0.259805 0.804325
0 0.328115 0.527034 0.189905 0.219665 0.795967
0 0.8556 0.503675 0.185248 0.218107 0.771173
0 0.843622 0.216169 0.180713 0.207952 0.63253
0 0.329686 0.528452 0.190684 0.224653 0.815936
0 0.858108 0.50441 0.183619 0.215688 0.797267
0 0.546542 0.286884 0.223616 0.266166 0.78121
0 0.684032 0.462181 0.151659 0.175748 0.739561
0 0.25999 0.124907 0.154409 0.178508 0.702306
0 0.846237 0.217559 0.174316 0.2012 0.671881
0 0.637207 0.181083 0.164306 0.193465 0.664076
0 0.117676 0.567114 0.188901 0.224784 0.640781
0 0.326327 0.52923 0.19045 0.223134 0.805725
0 0.548062 0.286857 0.224082 0.26581 0.792223
0 0.857311 0.5042 0.18616 0.21858 0.769039
0 0.683883 0.461653 0.155171 0.180591 0.729857
0 0.842428 0.216318 0.175052 0.206238 0.699115
0 0.256347 0.124502 0.156759 0.180757 0.639073
0 0.638035 0.180698 0.16586 0.195047 0.633022
0 0.115433 0.569897 0.18524 0.219293 0.629319
0 0.328332 0.529339 0.19239 0.223148 0.802138
0 0.549972 0.287581 0.224687 0.263888 0.791254
0 0.859493 0.503341 0.184223 0.214519 0.776737
0 0.684991 0.462283 0.154179 0.177991 0.697499
0 0.845547 0.217346 0.176218 0.202177 0.644836
0 0.327796 0.527716 0.191984 0.225019 0.795187
0 0.549814 0.286344 0.226474 0.266249 0.789743
0 0.857925 0.506264 0.182994 0.214806 0.753533
0 0.686285 0.462389 0.156679 0.182477 0.727191
0 0.845826 0.217422 0.177849 0.20531 0.693861
0 0.641825 0.180837 0.164887 0.194806 0.616881
0 0.117527 0.569774 0.188297 0.222232 0.60275
0 0.328136 0.527031 0.189678 0.222956 0.831462
0 0.54776 0.285798 0.22156 0.261722 0.802767
0 0.857299 0.502225 0.181705 0.212891 0.786323
0 0.682591 0.461063 0.154451 0.178048 0.746323
0 0.843535 0.216291 0.174854 0.201792 0.744764
0 0.114151 0.56875 0.18666 0.220294 0.664942
0 0.257682 0.124025 0.154792 0.177615 0.63749
0 0.328139 0.528617 0.189419 0.22249 0.825719
0 0.854576 0.504131 0.18223 0.217695 0.804869
0 0.549652 0.28563 0.220877 0.26397 0.787931
0 0.682197 0.462496 0.154527 0.176816 0.757197
0 0.840234 0.215831 0.175971 0.208163 0.743854
0 0.112149 0.569031 0.185075 0.219151 0.688911
0 0.634694 0.180786 0.163163 0.190875 0.647056
0 0.256944 0.1253 0.154725 0.177581 0.64037
0 0.325954 0.528443 0.194129 0.227712 0.82234
0 0.856855 0.505046 0.181386 0.217527 0.806229
0 0.548623 0.284969 0.226255 0.264372 0.803507
0 0.842629 0.21661 0.176853 0.202515 0.770517
0 0.684526 0.463465 0.156926 0.181796 0.763946
0 0.114424 0.569016 0.187923 0.221249 0.703146
0 0.256653 0.124184 0.152424 0.177463 0.666626
0 0.634663 0.180118 0.166057 0.194254 0.663476
0 0.328978 0.530421 0.188294 0.224129 0.811616
0 0.547399 0.286387 0.221772 0.264988 0.783821
0 0.858294 0.503759 0.18189 0.213956 0.770855
0 0.845226 0.217262 0.174369 0.200912 0.745171
0 0.683946 0.46185 0.151698 0.176451 0.697754
0 0.115412 0.570129 0.184424 0.218716 0.64183
0 0.328624 0.529611 0.191603 0.224772 0.809201
0 0.547271 0.286548 0.225635 0.266833 0.782989
0 0.855892 0.503434 0.185747 0.215022 0.764693
0 0.844294 0.216174 0.174143 0.205193 0.714894
0 0.684724 0.462487 0.152901 0.182764 0.685777
0 0.116568 0.568914 0.187648 0.222716 0.618048
0 0.326716 0.529518 0.188405 0.219538 0.798183
0 0.854577 0.505391 0.182287 0.210984 0.774028
0 0.546466 0.287193 0.222598 0.262334 0.770301
0 0.843981 0.217372 0.174051 0.2035 0.700699
0 0.325639 0.528777 0.188125 0.219257 0.794933
0 0.856011 0.502022 0.183071 0.211816 0.768878
0 0.546574 0.286901 0.221863 0.263556 0.764973
0 0.844478 0.214978 0.173598 0.204611 0.712381
0 0.326796 0.527841 0.18865 0.219867 0.810627
0 0.547156 0.28765 0.222832 0.262947 0.791403
0 0.857614 0.501045 0.185438 0.215743 0.782892
0 0.843441 0.214464 0.174902 0.20535 0.701121
0 0.328514 0.528877 0.185815 0.217479 0.782409
0 0.858215 0.502642 0.182716 0.212177 0.751554
0 0.548265 0.285947 0.224142 0.264766 0.749503
0 0.845015 0.215328 0.172344 0.201475 0.651869
0 0.327281 0.529015 0.187702 0.218533 0.806457
0 0.856261 0.502411 0.184126 0.213426 0.781806
0 0.546703 0.287196 0.222827 0.261474 0.769174
0 0.843294 0.215322 0.173679 0.203847 0.70091
0 0.327921 0.528923 0.186631 0.217999 0.80369
0 0.857733 0.502634 0.18261 0.212169 0.775838
0 0.546944 0.286031 0.224538 0.264563 0.754994
0 0.844338 0.215082 0.1735 0.203382 0.702219
0 0.682896 0.461462 0.153459 0.177944 0.605123
0 0.326851 0.528876 0.188211 0.218969 0.822964
0 0.856735 0.502383 0.184816 0.213669 0.795507
0 0.547163 0.286152 0.223919 0.26348 0.782424
0 0.844272 0.215293 0.175343 0.205215 0.732514
0 0.68342 0.461691 0.154891 0.179343 0.655771
0 0.327268 0.528914 0.186888 0.218272 0.801669
0 0.857372 0.502425 0.184019 0.213292 0.772596
0 0.547336 0.28637 0.22308 0.262782 0.759624
0 0.844005 0.215033 0.174157 0.204926 0.650104
0 0.328373 0.528467 0.18748 0.219062 0.809639
0 0.858354 0.502196 0.183593 0.21377 0.784144
0 0.547672 0.285898 0.223494 0.263384 0.76786
0 0.844881 0.214943 0.174276 0.205367 0.665246
0 0.326853 0.528871 0.188191 0.21895 0.82259
0 0.856734 0.502369 0.184811 0.213648 0.795138
0 0.547159 0.286147 0.223901 0.263468 0.782122
0 0.844268 0.215284 0.175329 0.205216 0.731984
0 0.68342 0.461679 0.154881 0.179343 0.655114
