0 0.463732 0.349319 0.203396 0.219566 0.972273
0 0.48467 0.332264 0.178202 0.182735 0.684766
0 0.859186 0.76247 0.181719 0.201312 0.624496
0 0.416142 0.359076 0.219565 0.270102 0.676863
0 0.446959 0.364576 0.205908 0.22843 0.649695
0 0.433272 0.358873 0.224285 0.251214 0.680339
0 0.428461 0.357248 0.219217 0.252153 0.689326
0 0.438411 0.363654 0.208194 0.241467 0.605717
0 0.416019 0.349005 0.197973 0.225112 0.656041
0 0.433787 0.35905 0.20803 0.237269 0.795192
0 0.439384 0.366513 0.214985 0.240694 0.7489
0 0.421342 0.361693 0.199281 0.226116 0.760534
0 0.427672 0.3627 0.218483 0.252959 0.667564
0 0.426377 0.355265 0.210619 0.24261 0.667041
0 0.433939 0.356961 0.204362 0.237496 0.793851
0 0.42481 0.35886 0.195714 0.228194 0.706561
0 0.428338 0.362422 0.21587 0.249974 0.726827
0 0.426444 0.362374 0.202978 0.231268 0.769183
0 0.429861 0.358196 0.21267 0.248618 0.763748
0 0.428174 0.354088 0.191853 0.224887 0.666982
0 0.430373 0.356153 0.197212 0.228735 0.713547
0 0.447262 0.367415 0.211697 0.248755 0.737865
0 0.435472 0.354687 0.200142 0.230073 0.759411
0 0.437876 0.360371 0.21135 0.240693 0.678038
0 0.424423 0.358562 0.201033 0.232597 0.766174
0 0.432042 0.356394 0.206818 0.243046 0.62616
0 0.419197 0.355532 0.196896 0.225449 0.706741
0 0.41946 0.357276 0.183337 0.214357 0.723436
0 0.428507 0.35555 0.196286 0.228461 0.781004
0 0.433016 0.357344 0.212445 0.243009 0.68503
0 0.426577 0.357859 0.201342 0.234913 0.722288
0 0.431334 0.362117 0.205265 0.238328 0.71526
0 0.429727 0.357869 0.203251 0.234901 0.752756
0 0.431735 0.358578 0.204847 0.233388 0.725922
0 0.431989 0.359229 0.205767 0.239965 0.733253
0 0.432367 0.351023 0.210452 0.239819 0.73229
0 0.433809 0.356881 0.207092 0.237278 0.80179
0 0.429376 0.361251 0.206806 0.24167 0.757185
0 0.425541 0.353394 0.198635 0.232278 0.630432
0 0.434873 0.355748 0.203459 0.233598 0.725327
0 0.429834 0.354554 0.196478 0.230483 0.657136
0 0.43023 0.3561 0.197311 0.232321 0.732581
0 0.432406 0.352755 0.194461 0.22593 0.729391
0 0.429617 0.354595 0.19491 0.226518 0.807135
0 0.42852 0.360688 0.203906 0.241502 0.817603
0 0.428556 0.358382 0.199173 0.231358 0.798079
0 0.431845 0.354464 0.199007 0.2306 0.691265
0 0.427046 0.354054 0.193032 0.22647 0.761925
0 0.424534 0.356275 0.197321 0.232122 0.763129
0 0.429051 0.35436 0.193305 0.227907 0.744303
0 0.435081 0.358815 0.194737 0.223693 0.773257
0 0.430971 0.359411 0.194975 0.227873 0.767311
0 0.432583 0.357696 0.195738 0.228949 0.820146
0 0.432485 0.361115 0.196201 0.228143 0.795338
0 0.429283 0.353991 0.196093 0.226997 0.84283
0 0.431872 0.356785 0.204674 0.23628 0.787026
0 0.429936 0.358998 0.201393 0.234686 0.798847
0 0.432907 0.354867 0.207157 0.239037 0.749582
0 0.429955 0.356632 0.201141 0.233065 0.845749
0 0.435154 0.354382 0.202769 0.236457 0.810403
0 0.430883 0.352878 0.197865 0.229474 0.807688
0 0.434028 0.353913 0.203487 0.237599 0.752543
0 0.433038 0.356368 0.199835 0.232008 0.82318
0 0.430741 0.35821 0.200149 0.231359 0.777234
0 0.43194 0.356961 0.197002 0.230972 0.807942
0 0.433494 0.358283 0.200432 0.233942 0.812257
0 0.431353 0.358422 0.200349 0.233375 0.808467
0 0.434063 0.357183 0.199586 0.231745 0.793798
0 0.428466 0.354759 0.193413 0.226716 0.830113
0 0.428394 0.358985 0.199614 0.234425 0.82195
0 0.430636 0.358044 0.205115 0.239321 0.801389
0 0.429139 0.360421 0.202182 0.238798 0.791029
0 0.429169 0.358477 0.204517 0.239489 0.827869
0 0.429301 0.360421 0.20095 0.234815 0.818233
0 0.429503 0.356965 0.197135 0.230524 0.825193
0 0.428843 0.3566 0.197974 0.231488 0.834591
0 0.428909 0.355669 0.19677 0.229539 0.801404
0 0.430589 0.358136 0.198178 0.230995 0.846161
0 0.428823 0.357271 0.196904 0.230554 0.837422
0 0.42914 0.357459 0.198429 0.231915 0.849155
0 0.428505 0.357424 0.196822 0.23073 0.830877
0 0.428637 0.357156 0.197536 0.231677 0.830425
0 0.429156 0.357456 0.198437 0.231924 0.849076
