0 0.534512 0.153444 0.173206 0.183213 0.930966
0 0.520166 0.171284 0.194802 0.227877 0.652162
0 0.521299 0.16998 0.138325 0.165279 0.690436
0 0.534831 0.1629 0.169957 0.201229 0.636976
0 0.537224 0.175777 0.18382 0.210991 0.714081
0 0.548729 0.161844 0.193032 0.222467 0.651969
0 0.528699 0.171191 0.169272 0.200403 0.602495
0 0.529683 0.168615 0.180414 0.199035 0.666596
0 0.526534 0.169183 0.176516 0.2014 0.696522
0 0.531065 0.163105 0.187987 0.210676 0.651021
0 0.53153 0.167143 0.174501 0.199603 0.661506
0 0.534017 0.166248 0.179943 0.203798 0.728067
0 0.528575 0.165949 0.180071 0.206319 0.697604
0 0.527548 0.16569 0.170213 0.198513 0.671072
0 0.530275 0.166546 0.174081 0.20068 0.7337
0 0.524695 0.164926 0.166418 0.199008 0.738499
0 0.526857 0.160017 0.177308 0.203186 0.694591
0 0.53159 0.162877 0.176231 0.207724 0.722908
0 0.526293 0.169846 0.167349 0.193884 0.771921
0 0.529719 0.163769 0.172927 0.20271 0.72472
0 0.529585 0.169337 0.181124 0.211883 0.688146
0 0.529422 0.164942 0.171774 0.201863 0.746548
0 0.531368 0.168211 0.181839 0.203787 0.746699
0 0.532022 0.170275 0.178177 0.199686 0.78976
0 0.533823 0.166571 0.180357 0.206769 0.695552
0 0.526935 0.167804 0.169123 0.192258 0.697489
0 0.528546 0.163749 0.172587 0.199457 0.73791
0 0.531151 0.166082 0.182425 0.212876 0.797274
0 0.529744 0.170571 0.173931 0.198714 0.764421
0 0.535586 0.168852 0.182401 0.212572 0.791919
0 0.531798 0.166469 0.177047 0.203825 0.751265
0 0.53273 0.16658 0.181342 0.208697 0.709399
0 0.529798 0.165903 0.172204 0.195766 0.662396
0 0.528973 0.168582 0.17311 0.198873 0.697583
0 0.535147 0.165923 0.182014 0.206827 0.758211
0 0.532823 0.164986 0.178836 0.201265 0.755886
0 0.534205 0.166993 0.178829 0.204604 0.774266
0 0.534332 0.16524 0.180294 0.208721 0.823346
0 0.532896 0.168149 0.175808 0.200887 0.770102
0 0.527547 0.168697 0.172947 0.195426 0.827784
0 0.533062 0.167453 0.171403 0.196111 0.808201
0 0.530062 0.166294 0.167769 0.1941 0.789508
0 0.533321 0.16624 0.175489 0.204725 0.763488
0 0.53084 0.170606 0.169353 0.196717 0.783586
0 0.532623 0.171235 0.178504 0.202434 0.806213
0 0.531584 0.168594 0.177095 0.203713 0.779427
0 0.533363 0.169278 0.173208 0.202997 0.75268
0 0.531713 0.168224 0.17635 0.20476 0.795901
0 0.532295 0.167352 0.178184 0.20555 0.796763
0 0.530524 0.167569 0.174531 0.199281 0.786461
0 0.531554 0.170105 0.171547 0.196206 0.799056
0 0.531714 0.1669 0.168557 0.195984 0.764485
0 0.534748 0.165364 0.178776 0.207989 0.727088
0 0.532682 0.169473 0.17247 0.199351 0.791148
0 0.530287 0.16665 0.174884 0.202971 0.827565
0 0.533586 0.168196 0.181373 0.206559 0.772219
0 0.532084 0.164523 0.177699 0.204316 0.779647
0 0.530358 0.167392 0.174782 0.202585 0.783954
0 0.53304 0.169218 0.1778 0.2047 0.813575
0 0.532748 0.16759 0.173698 0.20184 0.761316
0 0.533218 0.168786 0.174268 0.2028 0.848751
0 0.533018 0.167757 0.176738 0.206156 0.801667
0 0.531943 0.16654 0.172323 0.198284 0.812188
0 0.537078 0.168754 0.174591 0.198752 0.816661
0 0.535638 0.168382 0.175801 0.201709 0.775607
0 0.537997 0.167515 0.175012 0.203064 0.824086
0 0.535215 0.170002 0.178933 0.203574 0.792909
0 0.535168 0.165604 0.17709 0.203863 0.881272
0 0.532557 0.166494 0.171674 0.197583 0.830452
0 0.532504 0.167152 0.176392 0.201808 0.84188
0 0.534223 0.166337 0.173595 0.198972 0.825325
0 0.533982 0.167023 0.175953 0.200921 0.857732
0 0.532669 0.16545 0.173203 0.198794 0.858726
0 0.533287 0.16442 0.174383 0.198277 0.838435
0 0.533084 0.16421 0.169656 0.19721 0.803514
0 0.535149 0.16652 0.178895 0.203426 0.851584
0 0.534307 0.167397 0.180425 0.206314 0.817609
0 0.532026 0.166701 0.174401 0.201968 0.838958
0 0.534724 0.168298 0.176992 0.202426 0.817803
0 0.534484 0.168267 0.176637 0.202263 0.832493
0 0.536696 0.168023 0.178804 0.205807 0.821329
0 0.534538 0.166695 0.176245 0.200677 0.850728
0 0.533382 0.169126 0.176823 0.201873 0.848548
0 0.533859 0.166485 0.176837 0.203623 0.84973
0 0.537684 0.167596 0.177619 0.202627 0.813423
0 0.535511 0.166607 0.175442 0.203138 0.850917
0 0.533588 0.169329 0.173063 0.201325 0.856253
0 0.534522 0.167507 0.172641 0.19986 0.850032
0 0.533289 0.166186 0.175595 0.203037 0.851155
0 0.532903 0.167096 0.17464 0.202441 0.821942
0 0.534075 0.168024 0.176126 0.203182 0.858344
0 0.534443 0.167128 0.175099 0.20222 0.847953
0 0.534288 0.167246 0.176122 0.203326 0.860425
0 0.534645 0.167466 0.175395 0.202913 0.841623
0 0.53514 0.167453 0.175847 0.203494 0.852813
0 0.534285 0.167224 0.17609 0.203302 0.860145
