0 0.282598 0.300294 0.202229 0.222613 0.943615
0 0.725983 0.418939 0.164085 0.181944 0.927834
0 0.824864 0.316136 0.155681 0.193136 0.852021
0 0.172674 0.58279 0.345348 0.412147 0.794366
0 0.284009 0.281093 0.164474 0.194885 0.786347
0 0.705068 0.425074 0.137575 0.1708 0.660744
0 0.713469 0.427 0.13612 0.162429 0.970615
0 0.328886 0.380903 0.133788 0.160055 0.968761
0 0.811963 0.31884 0.130639 0.154128 0.725799
0 0.267431 0.289335 0.141171 0.162734 0.699503
0 0.456303 0.372998 0.174666 0.20713 0.604315
0 0.707823 0.425632 0.127261 0.160098 0.843819
0 0.324312 0.383008 0.140663 0.172528 0.713149
0 0.710824 0.420436 0.143752 0.171592 0.924279
0 0.329094 0.377067 0.145608 0.186031 0.832439
0 0.8118 0.312162 0.143838 0.176517 0.75413
0 0.261875 0.28192 0.154364 0.192634 0.659794
0 0.713334 0.424384 0.145185 0.17167 0.952998
0 0.324675 0.383935 0.146437 0.181096 0.811419
0 0.262478 0.290265 0.159885 0.191668 0.807163
0 0.812897 0.321697 0.14619 0.173038 0.759714
0 0.519434 0.25984 0.108977 0.123917 0.730809
0 0.44583 0.392927 0.198196 0.252227 0.721717
0 0.602779 0.349045 0.134619 0.15699 0.7214
0 0.716266 0.42212 0.144934 0.174134 0.842906
0 0.815573 0.321216 0.16269 0.194979 0.717274
0 0.328536 0.380518 0.157963 0.191905 0.698752
0 0.267856 0.287747 0.167017 0.200825 0.600196
0 0.716361 0.425725 0.150334 0.184803 0.843612
0 0.259797 0.289749 0.174895 0.217523 0.679712
0 0.812155 0.321027 0.16199 0.194516 0.646349
0 0.718545 0.420918 0.141268 0.174961 0.848903
0 0.262633 0.287719 0.151019 0.186712 0.772865
0 0.328523 0.380712 0.152147 0.185892 0.756397
0 0.811958 0.319183 0.156915 0.191405 0.72327
0 0.446866 0.390639 0.187034 0.236353 0.621646
0 0.715948 0.424881 0.152434 0.177395 0.881616
0 0.808743 0.317923 0.152344 0.175414 0.761274
0 0.326232 0.38279 0.155442 0.180431 0.745291
0 0.261403 0.288482 0.153269 0.181187 0.704345
0 0.709884 0.423691 0.153337 0.179491 0.861144
0 0.32397 0.3844 0.167087 0.194688 0.786812
0 0.807957 0.319345 0.155852 0.179975 0.73423
0 0.25866 0.290198 0.159163 0.183851 0.696812
0 0.442384 0.390329 0.233715 0.26976 0.672535
0 0.597453 0.340065 0.136448 0.155303 0.604361
0 0.710739 0.424145 0.135941 0.1591 0.758283
0 0.811542 0.320772 0.137766 0.16216 0.679085
0 0.326152 0.385012 0.147777 0.175846 0.633214
0 0.715059 0.425014 0.152916 0.179492 0.80427
0 0.324101 0.383448 0.160651 0.191343 0.739842
0 0.806095 0.319674 0.161636 0.187817 0.739565
0 0.259798 0.291204 0.161342 0.192761 0.685045
0 0.717152 0.423526 0.155457 0.176497 0.784548
0 0.330287 0.384324 0.15396 0.183962 0.741254
0 0.81259 0.320182 0.156722 0.185926 0.741078
0 0.264454 0.290047 0.157897 0.183438 0.676941
0 0.814542 0.319163 0.155691 0.185721 0.789653
0 0.714838 0.420867 0.144994 0.175397 0.785318
0 0.329451 0.381018 0.162776 0.192273 0.784572
0 0.265349 0.289096 0.155071 0.187953 0.64754
0 0.713711 0.422397 0.153329 0.17836 0.804204
0 0.325081 0.384224 0.154585 0.182039 0.78248
0 0.811421 0.318061 0.151482 0.179958 0.711218
0 0.265102 0.287452 0.154578 0.186817 0.687325
0 0.451139 0.3917 0.216563 0.258895 0.662922
0 0.714702 0.424752 0.144641 0.171929 0.880611
0 0.325683 0.382731 0.156505 0.187122 0.789263
0 0.80694 0.321007 0.149988 0.177491 0.744798
0 0.442714 0.389523 0.211302 0.260023 0.707621
0 0.255912 0.288826 0.165678 0.196972 0.624437
0 0.717603 0.423343 0.150558 0.174062 0.900701
0 0.327951 0.38096 0.164802 0.195395 0.787166
0 0.813027 0.319411 0.151799 0.179636 0.784468
0 0.445128 0.389902 0.230092 0.280379 0.748734
0 0.265828 0.286613 0.154939 0.186287 0.698858
0 0.517658 0.26004 0.128995 0.14546 0.654478
0 0.712482 0.419518 0.147962 0.173705 0.834135
0 0.323906 0.385207 0.15478 0.182869 0.831802
0 0.807001 0.317524 0.151779 0.181889 0.765823
0 0.265284 0.293022 0.151718 0.178109 0.656352
0 0.713607 0.422853 0.154886 0.178917 0.744337
0 0.441757 0.393355 0.238064 0.288164 0.658956
0 0.327776 0.381614 0.165257 0.19674 0.651894
0 0.262561 0.29094 0.161936 0.194129 0.638263
0 0.808358 0.317892 0.160907 0.184554 0.602609
0 0.715658 0.421736 0.153354 0.178909 0.793132
0 0.330966 0.380326 0.165234 0.202906 0.731115
0 0.450732 0.395116 0.238877 0.290389 0.683472
0 0.810327 0.317553 0.158743 0.186111 0.62941
0 0.715666 0.427665 0.149764 0.174423 0.854974
0 0.811283 0.319448 0.146784 0.175532 0.842979
0 0.329076 0.385297 0.161783 0.190534 0.807594
0 0.262721 0.294177 0.152994 0.180911 0.709105
0 0.445397 0.392163 0.21362 0.251823 0.700762
0 0.515757 0.260346 0.127328 0.14459 0.636742
0 0.718021 0.423188 0.147852 0.174634 0.806429
0 0.810083 0.319005 0.151502 0.176735 0.734763
0 0.326127 0.385993 0.157222 0.183853 0.708656
0 0.264487 0.288722 0.155883 0.182866 0.624423
0 0.515652 0.256658 0.122544 0.148492 0.619125
0 0.713082 0.422773 0.148955 0.175932 0.846248
0 0.322626 0.384617 0.159059 0.185618 0.802716
0 0.808485 0.319549 0.151477 0.176649 0.782522
0 0.439795 0.390197 0.215203 0.249883 0.686947
0 0.258445 0.289451 0.161347 0.191726 0.648242
0 0.515935 0.259083 0.12696 0.151269 0.628913
0 0.716601 0.423522 0.152817 0.180822 0.834405
0 0.328868 0.382325 0.160522 0.190795 0.808724
0 0.811774 0.318777 0.15173 0.17959 0.788684
0 0.446324 0.390646 0.227276 0.277231 0.782923
0 0.263032 0.287626 0.161745 0.190757 0.720497
0 0.516821 0.255256 0.130614 0.154898 0.640306
0 0.716529 0.424295 0.153702 0.18058 0.836924
0 0.806136 0.320038 0.154831 0.178977 0.781254
0 0.447386 0.396228 0.242149 0.283396 0.772534
0 0.328803 0.382534 0.159422 0.191131 0.772192
0 0.255439 0.291108 0.166769 0.195716 0.743775
0 0.515477 0.254729 0.124278 0.144857 0.627379
0 0.715655 0.423554 0.156036 0.178443 0.852341
0 0.327721 0.384448 0.164564 0.187914 0.81391
0 0.807075 0.322343 0.14986 0.171545 0.781848
0 0.26239 0.291586 0.158345 0.185924 0.743882
0 0.440058 0.40036 0.229345 0.273453 0.729671
0 0.512894 0.261973 0.129678 0.148873 0.693071
0 0.71522 0.423445 0.145176 0.166648 0.80721
0 0.33057 0.385908 0.155082 0.184847 0.754997
0 0.81405 0.320426 0.158197 0.1803 0.718804
0 0.442331 0.389402 0.204385 0.251179 0.650795
0 0.327663 0.38801 0.159966 0.182891 0.777247
0 0.716196 0.421281 0.148973 0.175183 0.711243
0 0.810826 0.320779 0.147179 0.170255 0.68665
0 0.439788 0.392175 0.21673 0.261991 0.640976
0 0.26335 0.291137 0.158796 0.189242 0.625717
0 0.329153 0.381874 0.156393 0.187346 0.746834
0 0.717601 0.419227 0.153472 0.179701 0.725347
0 0.812085 0.318577 0.148426 0.175408 0.703128
0 0.439919 0.388782 0.224821 0.262143 0.698511
0 0.261248 0.289505 0.164998 0.193405 0.689141
0 0.71502 0.423162 0.154497 0.177029 0.828528
0 0.328422 0.386197 0.161452 0.191409 0.806876
0 0.809867 0.319248 0.159347 0.182564 0.772811
0 0.442602 0.395338 0.229636 0.269099 0.76418
0 0.260638 0.290511 0.169174 0.200775 0.734638
0 0.514518 0.255083 0.129932 0.148954 0.650512
0 0.332664 0.386825 0.166799 0.193532 0.831801
0 0.811547 0.322431 0.149631 0.176808 0.816684
0 0.715881 0.421268 0.157802 0.186751 0.790401
0 0.259294 0.29306 0.168272 0.201669 0.768958
0 0.443069 0.389131 0.221897 0.267952 0.761928
0 0.513308 0.258554 0.13242 0.153579 0.655765
0 0.717372 0.425831 0.153937 0.179568 0.837267
0 0.324556 0.388302 0.161652 0.18911 0.797299
0 0.811479 0.324037 0.151311 0.176806 0.771249
0 0.435958 0.39297 0.22078 0.261227 0.745205
0 0.514439 0.260452 0.131116 0.152137 0.738514
0 0.266763 0.290519 0.164635 0.197504 0.737262
0 0.718326 0.427011 0.14702 0.173623 0.803256
0 0.332829 0.386992 0.154034 0.183683 0.770916
0 0.812127 0.324536 0.153405 0.178208 0.744231
0 0.444718 0.39499 0.230178 0.275313 0.717699
0 0.259338 0.293424 0.176075 0.204979 0.688563
0 0.716279 0.421486 0.160381 0.187244 0.776186
0 0.328653 0.385619 0.169154 0.193819 0.759588
0 0.812907 0.320511 0.158863 0.186297 0.75586
0 0.266023 0.290628 0.170209 0.199833 0.737765
0 0.442179 0.392604 0.224121 0.265091 0.678954
0 0.5151 0.256426 0.136119 0.158901 0.624624
0 0.328473 0.384938 0.163555 0.191832 0.732146
0 0.716736 0.420027 0.15326 0.177689 0.7162
0 0.437393 0.388706 0.215684 0.259222 0.667551
0 0.810345 0.319888 0.14906 0.173264 0.650181
0 0.264446 0.286625 0.168788 0.197021 0.638958
0 0.326376 0.388775 0.160943 0.188913 0.814408
0 0.716218 0.423123 0.154246 0.179706 0.773027
0 0.809501 0.321511 0.15089 0.174835 0.770613
0 0.433062 0.389723 0.213223 0.252567 0.715801
0 0.262769 0.292313 0.165275 0.195194 0.669772
0 0.510842 0.260054 0.123526 0.146516 0.64153
0 0.719616 0.421654 0.151279 0.176015 0.824296
0 0.330551 0.386555 0.159904 0.189254 0.803502
0 0.445287 0.390935 0.217609 0.26265 0.802248
0 0.810991 0.318692 0.150256 0.177367 0.765063
0 0.266366 0.291521 0.165297 0.192148 0.742315
0 0.515538 0.257523 0.132509 0.154475 0.675894
0 0.329246 0.387431 0.164542 0.190353 0.763335
0 0.717466 0.421615 0.153404 0.176359 0.750655
0 0.8092 0.318487 0.155239 0.179486 0.718689
0 0.44262 0.394714 0.219066 0.25741 0.713802
0 0.259187 0.291578 0.171681 0.199731 0.710336
0 0.716894 0.42282 0.153831 0.178551 0.757373
0 0.328238 0.385786 0.163186 0.19241 0.752881
0 0.80997 0.321648 0.150364 0.176505 0.705614
0 0.265903 0.290148 0.162465 0.191631 0.667906
0 0.445104 0.391584 0.22801 0.27685 0.656211
0 0.715178 0.423149 0.154525 0.182552 0.817749
0 0.326004 0.385541 0.157022 0.185107 0.810504
0 0.80967 0.318345 0.149182 0.176192 0.794118
0 0.436901 0.388012 0.226204 0.267987 0.792136
0 0.262218 0.287692 0.157854 0.18714 0.756122
0 0.513068 0.257754 0.126057 0.149903 0.646436
0 0.595272 0.344047 0.127929 0.148595 0.616843
0 0.715988 0.420875 0.157896 0.179472 0.807415
0 0.324846 0.385705 0.160718 0.185897 0.786282
0 0.440419 0.387057 0.221644 0.264737 0.75853
0 0.808177 0.321358 0.150269 0.17514 0.731892
0 0.262799 0.289478 0.163819 0.189283 0.713207
0 0.513021 0.257187 0.137483 0.159735 0.62121
0 0.717996 0.422702 0.151189 0.177369 0.848769
0 0.329927 0.386772 0.158947 0.187827 0.793193
0 0.440879 0.392121 0.220831 0.261731 0.791557
0 0.26477 0.29349 0.160993 0.18835 0.769135
0 0.810385 0.319968 0.155431 0.182814 0.742009
0 0.513871 0.259782 0.132357 0.154563 0.666999
0 0.718323 0.423081 0.146971 0.172974 0.848467
0 0.330014 0.385902 0.154586 0.189075 0.821788
0 0.262252 0.286331 0.163045 0.19048 0.77762
0 0.811321 0.320872 0.147591 0.177509 0.772902
0 0.445092 0.396161 0.221721 0.270422 0.744516
0 0.513769 0.25754 0.126063 0.148713 0.669283
0 0.60097 0.342101 0.139412 0.16144 0.622669
0 0.717162 0.423072 0.150219 0.172253 0.819398
0 0.32789 0.383398 0.155103 0.184813 0.818383
0 0.809412 0.319812 0.145844 0.169046 0.764242
0 0.443448 0.387716 0.221075 0.258507 0.742145
0 0.257315 0.288612 0.156458 0.1813 0.728897
0 0.598485 0.34641 0.128752 0.150771 0.646156
0 0.715886 0.420752 0.152619 0.176538 0.813003
0 0.326534 0.383698 0.162592 0.19028 0.803304
0 0.436808 0.388244 0.217781 0.254186 0.783354
0 0.809466 0.319817 0.147933 0.173682 0.697064
0 0.259254 0.288328 0.165753 0.192113 0.688231
0 0.328158 0.386354 0.156427 0.187771 0.831425
0 0.716553 0.426062 0.147209 0.169438 0.825986
0 0.265944 0.295385 0.150487 0.175988 0.759023
0 0.810306 0.322161 0.144345 0.169716 0.742998
0 0.442442 0.393426 0.205935 0.246449 0.732388
0 0.513763 0.263273 0.127542 0.148755 0.701908
0 0.598034 0.347688 0.121404 0.143366 0.637118
0 0.330121 0.386373 0.159476 0.185942 0.825358
0 0.716606 0.422322 0.150381 0.173861 0.809213
0 0.264164 0.294664 0.156114 0.180085 0.77652
0 0.437662 0.394278 0.209954 0.246644 0.744109
0 0.812057 0.321747 0.153885 0.181295 0.71985
0 0.599135 0.346969 0.130362 0.155303 0.634618
0 0.512533 0.260058 0.132632 0.155015 0.625459
0 0.326234 0.387862 0.158072 0.186105 0.788317
0 0.71459 0.423376 0.153162 0.178333 0.785661
0 0.439595 0.391624 0.216731 0.254861 0.76987
0 0.262117 0.293787 0.157879 0.188725 0.720993
0 0.809763 0.321202 0.148774 0.177002 0.658467
0 0.331418 0.388183 0.165252 0.191325 0.761937
0 0.717174 0.421429 0.151089 0.174693 0.748388
0 0.268521 0.292522 0.166421 0.191397 0.714487
0 0.81143 0.321034 0.15054 0.174554 0.709256
0 0.440678 0.390229 0.213474 0.248725 0.673509
0 0.330611 0.389305 0.158875 0.186731 0.820994
0 0.717459 0.421372 0.150683 0.174979 0.820427
0 0.44166 0.391299 0.218289 0.259696 0.752823
0 0.265577 0.292504 0.157109 0.184803 0.750776
0 0.81034 0.320541 0.149636 0.175598 0.725096
0 0.599148 0.3483 0.135607 0.156674 0.671519
0 0.715157 0.422875 0.153948 0.179186 0.846471
0 0.329622 0.385349 0.158556 0.188345 0.81979
0 0.437385 0.389063 0.204708 0.239102 0.756549
0 0.262942 0.288346 0.159958 0.186149 0.754475
0 0.80952 0.3177 0.149895 0.175432 0.726404
0 0.512331 0.25908 0.127469 0.14747 0.682966
0 0.33067 0.38415 0.161164 0.188144 0.838257
0 0.718002 0.421401 0.149537 0.174757 0.83341
0 0.44234 0.386471 0.209592 0.246969 0.749622
0 0.267187 0.289164 0.159926 0.186917 0.734213
0 0.812943 0.317999 0.150424 0.174555 0.653291
0 0.513382 0.257803 0.129937 0.152295 0.629051
0 0.718001 0.424279 0.147024 0.171013 0.832682
0 0.326411 0.388151 0.156649 0.183443 0.809778
0 0.810958 0.32179 0.144225 0.169175 0.778253
0 0.268005 0.292377 0.159591 0.187208 0.72697
0 0.442134 0.396389 0.221132 0.267985 0.721979
0 0.514967 0.260154 0.126437 0.148157 0.65873
0 0.597119 0.349038 0.131933 0.156623 0.606706
0 0.329719 0.385412 0.161236 0.186879 0.820851
0 0.71927 0.421374 0.151079 0.177514 0.809304
0 0.809819 0.319688 0.146716 0.169713 0.753289
0 0.445181 0.392006 0.21053 0.253505 0.753082
0 0.26657 0.29077 0.159773 0.186368 0.731286
0 0.51653 0.260242 0.125089 0.145263 0.672754
0 0.325806 0.386483 0.158249 0.186036 0.758956
0 0.717625 0.419936 0.154016 0.17744 0.755411
0 0.440566 0.390775 0.228007 0.267706 0.723265
0 0.810258 0.318915 0.148023 0.175974 0.669794
0 0.264729 0.288613 0.159606 0.187207 0.621877
0 0.718194 0.42223 0.152715 0.177582 0.809112
0 0.32814 0.38726 0.160151 0.188065 0.802423
0 0.810622 0.320999 0.147667 0.173961 0.736455
0 0.443101 0.389726 0.206574 0.244513 0.728978
0 0.264985 0.291525 0.157599 0.186088 0.697549
0 0.514213 0.258011 0.124412 0.144301 0.607717
0 0.597784 0.34826 0.132792 0.158457 0.601872
0 0.719382 0.422381 0.154766 0.181161 0.836124
0 0.328539 0.387156 0.163988 0.193147 0.806576
0 0.443153 0.392788 0.213002 0.253095 0.80256
0 0.809849 0.319513 0.15019 0.176314 0.736998
0 0.266238 0.292016 0.163166 0.191032 0.722019
0 0.716436 0.419099 0.156658 0.17872 0.770373
0 0.330231 0.383731 0.165185 0.191091 0.733369
0 0.443633 0.390957 0.213398 0.254948 0.69293
0 0.809182 0.316948 0.151597 0.176145 0.686989
0 0.717032 0.420732 0.154205 0.178228 0.818343
0 0.327106 0.385503 0.163852 0.190196 0.768722
0 0.441449 0.388218 0.220363 0.263764 0.756766
0 0.8086 0.318524 0.152404 0.178009 0.741775
0 0.264163 0.288212 0.164651 0.192918 0.648385
0 0.715769 0.424941 0.153058 0.178325 0.84238
0 0.328473 0.387577 0.1609 0.190504 0.799069
0 0.266348 0.294318 0.162236 0.192063 0.758614
0 0.443435 0.393384 0.218925 0.261196 0.747136
0 0.808908 0.321645 0.149654 0.175184 0.696118
0 0.514403 0.260224 0.125692 0.145427 0.666494
0 0.597541 0.348651 0.135045 0.159597 0.652333
0 0.717896 0.420944 0.151934 0.176731 0.813939
0 0.443409 0.391416 0.213686 0.254769 0.796162
0 0.330623 0.386428 0.161867 0.190495 0.795479
0 0.810533 0.320609 0.152483 0.177078 0.730851
0 0.268249 0.289224 0.16235 0.188066 0.697009
0 0.514367 0.25932 0.127613 0.147735 0.644923
0 0.718118 0.421407 0.149068 0.174705 0.803836
0 0.331489 0.387087 0.156388 0.186881 0.755594
0 0.443458 0.393682 0.211776 0.249485 0.745939
0 0.267901 0.289668 0.161802 0.18943 0.698832
0 0.810776 0.317898 0.153958 0.179827 0.645306
0 0.512449 0.258579 0.129661 0.150586 0.617522
0 0.718045 0.423732 0.151694 0.176896 0.871298
0 0.330235 0.387478 0.16059 0.19072 0.840542
0 0.440722 0.396112 0.21607 0.255254 0.787643
0 0.267644 0.290378 0.162676 0.190516 0.749938
0 0.811747 0.32059 0.147891 0.174541 0.74668
0 0.515227 0.258986 0.128994 0.147333 0.701789
0 0.600368 0.350155 0.133308 0.155882 0.683689
0 0.717354 0.423707 0.15125 0.176812 0.839245
0 0.325965 0.387881 0.158748 0.189484 0.829137
0 0.440225 0.393063 0.222777 0.263414 0.779049
0 0.812144 0.322154 0.148433 0.175762 0.750434
0 0.264214 0.290777 0.167108 0.195521 0.709837
0 0.51482 0.258493 0.129167 0.147516 0.649555
0 0.717647 0.423417 0.150779 0.175292 0.829403
0 0.325661 0.387648 0.161092 0.191417 0.807604
0 0.442709 0.393915 0.217978 0.257678 0.795288
0 0.264366 0.289546 0.16906 0.19618 0.757554
0 0.809665 0.320302 0.147355 0.172167 0.685482
0 0.512416 0.260734 0.125278 0.149642 0.634307
0 0.597856 0.350212 0.132309 0.153801 0.622395
0 0.71698 0.422786 0.150272 0.17407 0.832287
0 0.327955 0.386238 0.159091 0.186343 0.807978
0 0.443907 0.394033 0.212046 0.250271 0.784649
0 0.267057 0.287858 0.162096 0.188492 0.718955
0 0.810536 0.320974 0.145307 0.168555 0.654288
0 0.71796 0.422072 0.152107 0.176906 0.822507
0 0.44263 0.395229 0.218876 0.258966 0.790302
0 0.328043 0.387204 0.157669 0.186534 0.788982
0 0.810913 0.32253 0.145991 0.170549 0.702487
0 0.269547 0.289294 0.159869 0.18614 0.697777
0 0.719164 0.422291 0.156504 0.182799 0.861604
0 0.329168 0.387515 0.161881 0.190235 0.826965
0 0.447662 0.396696 0.223376 0.262604 0.823826
0 0.268965 0.291896 0.17085 0.202877 0.758629
0 0.808986 0.321517 0.149259 0.173694 0.751275
0 0.601667 0.344095 0.141501 0.16664 0.648173
0 0.516465 0.258561 0.133364 0.155772 0.625004
0 0.717276 0.422796 0.153569 0.177935 0.832046
0 0.326207 0.388045 0.16314 0.192308 0.808764
0 0.444621 0.398289 0.222361 0.26201 0.768891
0 0.263387 0.290711 0.171052 0.198548 0.728314
0 0.809108 0.322908 0.150426 0.176505 0.71829
0 0.598336 0.349682 0.137647 0.160645 0.656215
0 0.513893 0.258747 0.129301 0.148518 0.60922
0 0.71801 0.419976 0.154861 0.179464 0.877583
0 0.329625 0.387862 0.158605 0.18562 0.861322
0 0.267532 0.28723 0.16528 0.191736 0.800212
0 0.81046 0.318217 0.151587 0.177215 0.795843
0 0.445526 0.39172 0.222062 0.263219 0.775224
0 0.600626 0.347032 0.139015 0.159792 0.69904
0 0.514861 0.257674 0.131117 0.153756 0.632633
0 0.327259 0.390821 0.156642 0.183494 0.814911
0 0.716931 0.422163 0.149341 0.171921 0.804533
0 0.443854 0.395277 0.222648 0.267188 0.750371
0 0.811199 0.322036 0.15082 0.175208 0.720187
0 0.267163 0.290852 0.164314 0.19097 0.690685
0 0.717133 0.421209 0.150461 0.17469 0.820683
0 0.32742 0.387377 0.161391 0.189745 0.790287
0 0.441937 0.398457 0.223932 0.263484 0.789769
0 0.810264 0.320811 0.151945 0.176604 0.711046
0 0.267878 0.290232 0.164515 0.191742 0.709685
0 0.598898 0.347451 0.140569 0.164223 0.617897
0 0.717937 0.420361 0.148639 0.174512 0.823604
0 0.326661 0.387383 0.161138 0.190056 0.815162
0 0.443353 0.396699 0.230186 0.270543 0.781094
0 0.80905 0.320907 0.148247 0.172471 0.7225
0 0.267305 0.288608 0.169664 0.199464 0.710286
0 0.600364 0.349248 0.137894 0.157973 0.651379
0 0.514096 0.259303 0.129581 0.149459 0.642058
0 0.331044 0.385735 0.159736 0.184786 0.845591
0 0.717257 0.419574 0.151313 0.175582 0.843282
0 0.442823 0.394242 0.215305 0.253216 0.789805
0 0.80941 0.318708 0.150105 0.174386 0.714181
0 0.269698 0.287747 0.165396 0.191628 0.71168
0 0.717561 0.41997 0.150925 0.176087 0.831526
0 0.329831 0.386658 0.159754 0.187004 0.825729
0 0.441869 0.394349 0.217588 0.258617 0.801483
0 0.266285 0.288119 0.16195 0.188771 0.746152
0 0.808538 0.319252 0.150884 0.175255 0.727277
0 0.717581 0.418843 0.152041 0.175729 0.849826
0 0.329232 0.385212 0.162319 0.188246 0.82084
0 0.439259 0.39231 0.230399 0.26796 0.770365
0 0.264298 0.28642 0.16631 0.193065 0.755082
0 0.809132 0.319416 0.147178 0.172978 0.754785
0 0.599962 0.346735 0.136144 0.156937 0.655791
0 0.515234 0.258151 0.127792 0.1491 0.652237
0 0.716175 0.418143 0.148689 0.17289 0.796684
0 0.328165 0.386591 0.155603 0.183742 0.786836
0 0.442192 0.392637 0.218669 0.25838 0.776551
0 0.268129 0.287748 0.162388 0.188243 0.641407
0 0.810117 0.319019 0.149097 0.174481 0.631812
0 0.71652 0.420904 0.153488 0.176221 0.836006
0 0.329 0.388182 0.158655 0.185616 0.827191
0 0.441968 0.394244 0.22345 0.264756 0.75978
0 0.810525 0.319333 0.149187 0.174337 0.702502
0 0.268255 0.289658 0.166317 0.192613 0.632789
0 0.716741 0.420384 0.153341 0.175833 0.799232
0 0.443418 0.394996 0.219823 0.253471 0.79896
0 0.328478 0.38583 0.162395 0.189887 0.759498
0 0.808891 0.318954 0.153186 0.178059 0.651867
0 0.716477 0.420588 0.151651 0.175659 0.84948
0 0.327021 0.388238 0.158207 0.185716 0.824371
0 0.442197 0.395784 0.224735 0.264297 0.776143
0 0.810482 0.319973 0.147563 0.173218 0.740354
0 0.269142 0.288872 0.164468 0.192068 0.674441
0 0.600897 0.348024 0.134348 0.155528 0.628439
0 0.71617 0.420428 0.151991 0.176627 0.851631
0 0.327945 0.387677 0.164189 0.19236 0.805569
0 0.441304 0.396557 0.222332 0.262458 0.752328
0 0.810121 0.320169 0.148746 0.175202 0.749879
0 0.26431 0.289507 0.170801 0.200359 0.744885
0 0.599367 0.347839 0.13798 0.160602 0.605464
0 0.71694 0.420616 0.153586 0.17784 0.833332
0 0.327468 0.387961 0.158866 0.186651 0.775306
0 0.443429 0.397792 0.222035 0.26326 0.727306
0 0.809996 0.319729 0.147527 0.173103 0.67178
0 0.268417 0.289574 0.163886 0.19019 0.604118
0 0.717882 0.420227 0.153592 0.178743 0.836874
0 0.327078 0.388008 0.161278 0.188554 0.80268
0 0.443048 0.394378 0.221451 0.261677 0.756783
0 0.809426 0.319376 0.148964 0.175271 0.687718
0 0.26346 0.289184 0.172916 0.201316 0.656413
0 0.60192 0.342568 0.146229 0.168855 0.608853
0 0.716916 0.418856 0.152889 0.176427 0.856722
0 0.327548 0.385701 0.160622 0.18721 0.834
0 0.441592 0.393725 0.215837 0.254224 0.794437
0 0.808999 0.319041 0.148224 0.172313 0.709617
0 0.267164 0.28801 0.165875 0.192364 0.683212
0 0.716355 0.419483 0.152347 0.17547 0.853835
0 0.326965 0.38714 0.16181 0.188419 0.834675
0 0.441812 0.396251 0.217705 0.257229 0.799945
0 0.80926 0.320753 0.147146 0.171075 0.7148
0 0.263277 0.288882 0.168556 0.194698 0.663486
0 0.716565 0.419674 0.153505 0.177156 0.877864
0 0.328684 0.387304 0.165855 0.192794 0.842028
0 0.443525 0.395474 0.223676 0.262564 0.814111
0 0.266817 0.288525 0.16786 0.194352 0.71797
0 0.809513 0.319701 0.14895 0.173984 0.71734
0 0.600236 0.348473 0.138526 0.162116 0.634006
0 0.515676 0.258242 0.130908 0.148261 0.627651
0 0.717296 0.418638 0.152272 0.176804 0.823076
0 0.328769 0.387062 0.162745 0.191618 0.808957
0 0.445948 0.398533 0.222003 0.264257 0.779265
0 0.716743 0.418931 0.153419 0.177882 0.836827
0 0.3275 0.386062 0.161514 0.190665 0.816836
0 0.44628 0.394792 0.225942 0.265944 0.786726
0 0.810368 0.319261 0.150625 0.174829 0.623757
0 0.267893 0.287318 0.166517 0.194822 0.615438
0 0.716534 0.420268 0.15294 0.176625 0.842384
0 0.327214 0.388197 0.162251 0.189191 0.813191
0 0.443491 0.397732 0.221515 0.261316 0.790176
0 0.266923 0.289807 0.16742 0.194001 0.63214
0 0.810585 0.321314 0.149393 0.172656 0.626121
0 0.715868 0.418946 0.153158 0.176565 0.858733
0 0.328716 0.384862 0.160597 0.187003 0.819882
0 0.446258 0.394603 0.222718 0.26412 0.780892
0 0.267004 0.288573 0.169005 0.198035 0.636602
0 0.810513 0.319446 0.150345 0.174141 0.627894
0 0.716171 0.418436 0.152843 0.177001 0.87008
0 0.327927 0.384323 0.162872 0.189149 0.826423
0 0.444956 0.393974 0.224672 0.266437 0.78829
0 0.809935 0.31856 0.151609 0.175969 0.660804
0 0.266676 0.288539 0.172107 0.200764 0.635324
0 0.718239 0.419562 0.150915 0.175724 0.841153
0 0.3291 0.384933 0.161665 0.188867 0.794996
0 0.446352 0.394247 0.22464 0.265526 0.752708
0 0.26759 0.287966 0.169466 0.197593 0.613086
0 0.600669 0.34163 0.144594 0.167021 0.60328
0 0.715913 0.419429 0.152054 0.175824 0.866833
0 0.327761 0.385227 0.161744 0.188199 0.82127
0 0.445783 0.39477 0.223428 0.26474 0.766689
0 0.265222 0.289269 0.16983 0.197948 0.656365
0 0.809663 0.319329 0.15107 0.17417 0.6478
0 0.715986 0.419487 0.151338 0.175223 0.857689
0 0.327797 0.385473 0.161896 0.188477 0.823167
0 0.446477 0.396305 0.224609 0.266921 0.777471
0 0.266945 0.289586 0.169687 0.198352 0.67005
0 0.81007 0.31946 0.151642 0.175607 0.639383
0 0.716465 0.419807 0.152608 0.176096 0.879578
0 0.32782 0.386398 0.164466 0.191137 0.842567
0 0.446742 0.396471 0.226541 0.267881 0.802022
0 0.266985 0.290314 0.171293 0.199881 0.715768
0 0.80904 0.319082 0.150143 0.175192 0.700604
0 0.600685 0.343181 0.14666 0.169283 0.626764
0 0.514543 0.258609 0.127554 0.149547 0.61248
0 0.716301 0.41923 0.151468 0.175216 0.853929
0 0.328141 0.385484 0.162773 0.189949 0.814723
0 0.446721 0.396387 0.225044 0.266309 0.7852
0 0.266944 0.289526 0.169726 0.198257 0.620682
0 0.810049 0.319077 0.150994 0.175668 0.605269
0 0.71665 0.419222 0.151793 0.175715 0.860118
0 0.328791 0.385466 0.162442 0.189706 0.826677
0 0.447034 0.396075 0.225872 0.267824 0.791519
0 0.26756 0.289483 0.170215 0.198898 0.621851
0 0.810594 0.319342 0.151161 0.175956 0.611176
0 0.716468 0.419804 0.152603 0.176095 0.879262
0 0.327822 0.38639 0.164477 0.19114 0.842156
0 0.446733 0.396459 0.226513 0.26787 0.801729
0 0.26698 0.290305 0.171266 0.199855 0.716011
0 0.809038 0.319072 0.150143 0.17518 0.700111
0 0.600693 0.343169 0.146631 0.169255 0.626364
0 0.514538 0.2586 0.127561 0.149559 0.612456
