0 0.460392 0.413435 0.55022 0.606266 0.614284
0 0.440787 0.4301 0.627902 0.674015 0.614418
0 0.548739 0.403341 0.580333 0.615521 0.723566
0 0.5162 0.384692 0.541409 0.658037 0.649808
0 0.51788 0.402002 0.606045 0.62049 0.715605
0 0.538779 0.412695 0.668025 0.670859 0.628334
0 0.541765 0.41622 0.559498 0.649101 0.679612
0 0.510727 0.416464 0.611844 0.615717 0.670585
0 0.540209 0.41079 0.603667 0.630943 0.689242
0 0.554608 0.395608 0.537916 0.600324 0.620577
0 0.541895 0.418128 0.583792 0.63535 0.706466
0 0.524516 0.374122 0.615539 0.63876 0.629514
0 0.543388 0.413681 0.567773 0.623028 0.704563
0 0.553213 0.41598 0.571327 0.601152 0.650181
0 0.547252 0.403549 0.521656 0.587992 0.700333
0 0.534865 0.405655 0.566871 0.627569 0.690562
0 0.560621 0.421355 0.563001 0.648799 0.693326
0 0.515002 0.419164 0.495946 0.608267 0.74579
0 0.571475 0.412286 0.545269 0.605345 0.711659
0 0.525591 0.408957 0.591702 0.648408 0.668026
0 0.562692 0.405151 0.565786 0.656505 0.688638
0 0.548138 0.403522 0.560421 0.659474 0.741983
0 0.550293 0.413031 0.573518 0.635164 0.712379
0 0.549139 0.406606 0.552135 0.625335 0.759022
0 0.535667 0.41387 0.580092 0.646784 0.741181
0 0.545191 0.429912 0.57977 0.647685 0.708016
0 0.545915 0.414827 0.551856 0.602029 0.767557
0 0.548786 0.399428 0.568956 0.613538 0.694048
0 0.553024 0.399807 0.576711 0.633491 0.731768
0 0.555125 0.405809 0.535196 0.607362 0.753501
0 0.544198 0.398447 0.534509 0.604965 0.735332
0 0.563644 0.403702 0.613585 0.634728 0.640581
0 0.544281 0.404291 0.589512 0.625534 0.675582
0 0.554597 0.40252 0.552758 0.644444 0.689241
0 0.545716 0.401533 0.570197 0.635367 0.775076
0 0.536323 0.390792 0.531812 0.605489 0.794978
0 0.527406 0.391713 0.599714 0.641906 0.733515
0 0.549976 0.388857 0.560989 0.639061 0.773226
0 0.521499 0.392167 0.555144 0.62219 0.783452
0 0.55647 0.397341 0.576188 0.605869 0.745505
0 0.549887 0.413637 0.560475 0.623614 0.717371
0 0.549931 0.398021 0.560843 0.626041 0.701456
0 0.540779 0.397326 0.555382 0.612857 0.70809
0 0.540702 0.402944 0.584231 0.627295 0.721552
0 0.535304 0.400196 0.573395 0.622225 0.708794
0 0.544922 0.395458 0.58426 0.62091 0.676619
0 0.556119 0.398361 0.537148 0.616463 0.746301
0 0.548655 0.40565 0.50848 0.594447 0.766284
0 0.559527 0.40036 0.53442 0.626682 0.762365
0 0.551408 0.395781 0.562952 0.636926 0.764955
0 0.549642 0.407246 0.53517 0.622676 0.730869
0 0.550814 0.40293 0.559217 0.621976 0.739916
0 0.545128 0.411247 0.546314 0.613682 0.737584
0 0.545254 0.393579 0.55 0.63204 0.753173
0 0.554964 0.396634 0.535663 0.613539 0.769741
0 0.547242 0.394644 0.549402 0.624318 0.723995
0 0.552156 0.40347 0.515787 0.59651 0.80081
0 0.535031 0.407862 0.545262 0.619452 0.769475
0 0.550549 0.400187 0.52723 0.61124 0.778572
0 0.547766 0.407903 0.538571 0.619338 0.807403
0 0.547061 0.401011 0.545188 0.624537 0.788755
0 0.546682 0.400742 0.531469 0.60505 0.802225
0 0.553182 0.394938 0.54935 0.620064 0.794693
0 0.543413 0.403671 0.540622 0.611712 0.825403
0 0.543153 0.401144 0.542028 0.62103 0.829648
0 0.540399 0.397413 0.529946 0.609254 0.809194
0 0.54353 0.399297 0.53581 0.61127 0.831681
0 0.546234 0.398084 0.544068 0.619826 0.808755
0 0.541225 0.395345 0.542084 0.6156 0.833228
0 0.543702 0.397591 0.54579 0.617486 0.841113
0 0.543621 0.394615 0.540917 0.613608 0.836862
0 0.541205 0.395326 0.541999 0.615572 0.833548
