0 0.104081 0.119722 0.208161 0.239443 0.642731
0 0.546325 0.207847 0.38367 0.400247 0.656734
0 0.482262 0.32362 0.538619 0.616066 0.614502
0 0.478754 0.295464 0.710902 0.590929 0.607359
0 0.450653 0.311823 0.807633 0.620419 0.635372
0 0.379669 0.355284 0.759339 0.710569 0.647661
0 0.465507 0.294449 0.65001 0.585785 0.631945
0 0.460593 0.289557 0.637862 0.576864 0.636626
0 0.450931 0.305427 0.718017 0.601955 0.688359
0 0.436916 0.321765 0.766773 0.631615 0.682704
0 0.42354 0.311955 0.729986 0.608891 0.682396
0 0.451665 0.312555 0.751741 0.625109 0.65351
0 0.489685 0.304828 0.789508 0.609656 0.63647
0 0.402693 0.359882 0.805386 0.719764 0.655753
0 0.489612 0.302962 0.733239 0.605925 0.751202
0 0.468501 0.310182 0.698252 0.614847 0.745014
0 0.477131 0.314415 0.728232 0.619127 0.723974
0 0.462351 0.311274 0.704279 0.621297 0.733952
0 0.48135 0.307497 0.712267 0.607424 0.75658
0 0.469046 0.302321 0.699624 0.598442 0.754904
0 0.481131 0.313617 0.740272 0.615425 0.744877
0 0.465253 0.314894 0.76051 0.624591 0.719669
0 0.4646 0.310012 0.741991 0.614411 0.750234
0 0.459694 0.314374 0.756835 0.620959 0.707732
0 0.470459 0.305758 0.702744 0.611185 0.757915
0 0.471662 0.305997 0.707652 0.610785 0.766779
0 0.479572 0.306932 0.722461 0.610397 0.786005
0 0.470369 0.305713 0.702427 0.611136 0.758247
