0 0.509536 0.323203 0.173225 0.19591 0.99184
0 0.0751049 0.242005 0.15021 0.194914 0.907068
0 0.497048 0.349097 0.187755 0.218999 0.689745
0 0.891754 0.291892 0.216492 0.268615 0.668176
0 0.498898 0.323191 0.141124 0.169543 0.707495
0 0.895254 0.279236 0.209492 0.286216 0.941982
0 0.506961 0.326901 0.128275 0.150534 0.889306
0 0.131495 0.309857 0.139884 0.156273 0.853349
0 0.500488 0.322459 0.12665 0.161057 0.887285
0 0.127247 0.310784 0.129601 0.156564 0.886147
0 0.615173 0.344115 0.10927 0.131959 0.828023
0 0.882417 0.289491 0.235166 0.292148 0.814138
0 0.282436 0.25791 0.127965 0.155389 0.751254
0 0.0604123 0.248329 0.120825 0.190264 0.727214
0 0.749752 0.278337 0.1591 0.183896 0.624078
0 0.126021 0.306184 0.140259 0.169522 0.944671
0 0.506519 0.323985 0.145728 0.177247 0.881997
0 0.892627 0.289301 0.214747 0.274427 0.841247
0 0.616098 0.341148 0.118704 0.150414 0.779188
0 0.0645297 0.243567 0.129059 0.196195 0.757478
0 0.755731 0.272363 0.154919 0.188946 0.666274
0 0.286453 0.254553 0.130598 0.164545 0.653381
0 0.503482 0.324427 0.132589 0.16021 0.953747
0 0.129992 0.309886 0.140954 0.169222 0.95305
0 0.89459 0.298275 0.21082 0.267829 0.908813
0 0.617845 0.345405 0.114826 0.13878 0.870804
0 0.0651183 0.251648 0.130237 0.197782 0.796356
0 0.29041 0.258618 0.131262 0.152323 0.788723
0 0.7557 0.276441 0.154571 0.189289 0.663349
0 0.505368 0.32234 0.140083 0.167431 0.886948
0 0.131575 0.306077 0.135146 0.163881 0.861661
0 0.897285 0.285367 0.20543 0.263945 0.82882
0 0.618967 0.340375 0.11186 0.133209 0.75551
0 0.291841 0.254285 0.137108 0.162488 0.691062
0 0.071931 0.244947 0.143862 0.211286 0.670429
0 0.762956 0.272402 0.180094 0.209518 0.652572
0 0.506262 0.326685 0.147579 0.176128 0.832088
0 0.897427 0.291835 0.205146 0.277193 0.781019
0 0.755997 0.280432 0.173951 0.203529 0.775045
0 0.618711 0.341355 0.118381 0.149056 0.72906
0 0.0756951 0.250079 0.15139 0.224797 0.672981
0 0.292746 0.257755 0.136928 0.160371 0.669111
0 0.128755 0.311168 0.141947 0.174339 0.613476
0 0.504769 0.323813 0.140715 0.173416 0.923498
0 0.133062 0.308084 0.139085 0.166653 0.821899
0 0.899306 0.288784 0.201388 0.253926 0.77444
0 0.758118 0.274278 0.164481 0.198755 0.751722
0 0.28953 0.258455 0.12775 0.159802 0.7494
0 0.62056 0.339476 0.119953 0.134736 0.73014
0 0.0653925 0.241975 0.130785 0.19215 0.713614
0 0.503746 0.324075 0.137411 0.165161 0.864027
0 0.900163 0.285702 0.199675 0.244359 0.855069
0 0.623661 0.340212 0.121398 0.142549 0.832282
0 0.131914 0.308486 0.136161 0.158756 0.820909
0 0.288476 0.256997 0.125815 0.144874 0.768377
0 0.0625417 0.244742 0.125083 0.195411 0.696679
0 0.758637 0.279423 0.158049 0.187144 0.65992
0 0.899479 0.288335 0.201043 0.247375 0.890938
0 0.496574 0.323355 0.142455 0.167643 0.855932
0 0.0665701 0.24446 0.13314 0.202794 0.81947
0 0.616736 0.343095 0.12206 0.140831 0.754469
0 0.123562 0.30811 0.136041 0.160964 0.746518
0 0.753433 0.283067 0.161847 0.191188 0.734033
0 0.282907 0.259398 0.133164 0.153525 0.728653
0 0.497687 0.324899 0.131078 0.153798 0.813524
0 0.904829 0.285943 0.190341 0.245475 0.804787
0 0.126393 0.309606 0.130625 0.154123 0.763244
0 0.284632 0.258917 0.122083 0.142944 0.757034
0 0.6138 0.344676 0.112324 0.132842 0.734073
0 0.0623945 0.246509 0.124789 0.18442 0.710487
0 0.756741 0.278887 0.146198 0.174762 0.708247
0 0.619947 0.34281 0.131471 0.154007 0.804256
0 0.898071 0.286987 0.203859 0.2471 0.770416
0 0.294233 0.260006 0.142274 0.169852 0.765992
0 0.755443 0.278341 0.171392 0.19948 0.754193
0 0.0672553 0.243047 0.134511 0.2009 0.748794
0 0.503613 0.326439 0.143166 0.171319 0.715986
0 0.133998 0.309468 0.139407 0.168261 0.711813
0 0.504264 0.325113 0.14695 0.169552 0.832978
0 0.132583 0.308998 0.143765 0.168775 0.829207
0 0.290646 0.258515 0.141264 0.160755 0.823266
0 0.61693 0.338932 0.131241 0.153364 0.82067
0 0.901654 0.287918 0.196692 0.241162 0.772609
0 0.758877 0.280096 0.160342 0.18718 0.7579
0 0.0685018 0.242636 0.137004 0.192487 0.730019
0 0.902254 0.283627 0.195492 0.249037 0.824494
0 0.505678 0.323752 0.141584 0.169771 0.819583
0 0.290488 0.258299 0.137219 0.165157 0.810948
0 0.134804 0.307829 0.141418 0.171079 0.801168
0 0.758779 0.276175 0.175416 0.204068 0.772825
0 0.62196 0.339864 0.124973 0.1517 0.766791
0 0.0667705 0.241379 0.133541 0.199717 0.754853
0 0.903691 0.289653 0.192619 0.232336 0.870372
0 0.502672 0.322886 0.140158 0.168395 0.817605
0 0.755982 0.280127 0.154359 0.180245 0.811293
0 0.621925 0.342884 0.127368 0.145407 0.78224
0 0.0643306 0.24344 0.128661 0.192413 0.774486
0 0.130808 0.310924 0.139582 0.163683 0.755888
0 0.290076 0.25817 0.127158 0.153614 0.713798
0 0.901163 0.288729 0.197673 0.236135 0.796267
0 0.495831 0.324576 0.147736 0.170513 0.78001
0 0.757297 0.278812 0.164393 0.194184 0.748137
0 0.131614 0.309092 0.138035 0.16398 0.736734
0 0.623472 0.34268 0.123993 0.145169 0.70246
0 0.0658374 0.244037 0.131675 0.197271 0.695176
0 0.294387 0.257704 0.131747 0.150016 0.670353
0 0.503778 0.32316 0.142296 0.161784 0.900316
0 0.901516 0.288204 0.196967 0.247327 0.88575
0 0.759234 0.279028 0.167889 0.192963 0.833569
0 0.0666021 0.24311 0.133204 0.196342 0.822197
0 0.623797 0.340414 0.133566 0.155744 0.813278
0 0.132527 0.308314 0.144446 0.164857 0.811933
0 0.294733 0.258408 0.13626 0.156245 0.778084
0 0.499533 0.323697 0.13766 0.161992 0.87322
0 0.898548 0.291108 0.202905 0.246949 0.804433
0 0.0616727 0.242578 0.123345 0.194931 0.784599
0 0.287205 0.260115 0.129448 0.155031 0.774419
0 0.131678 0.310079 0.137265 0.161642 0.763236
0 0.755738 0.279691 0.152199 0.182661 0.75988
0 0.621436 0.342607 0.120336 0.140189 0.75428
0 0.499446 0.323474 0.143995 0.16974 0.781755
0 0.898478 0.287043 0.203045 0.24901 0.745722
0 0.064632 0.239329 0.129264 0.196264 0.732215
0 0.758577 0.274722 0.170201 0.198696 0.716844
0 0.131674 0.310612 0.14372 0.166557 0.68003
0 0.289105 0.259688 0.141093 0.163853 0.673311
0 0.620485 0.338538 0.13383 0.157003 0.669997
0 0.500078 0.32516 0.145093 0.176591 0.809944
0 0.899837 0.285132 0.200327 0.243776 0.805876
0 0.759819 0.279181 0.160047 0.187065 0.779412
0 0.0676598 0.243225 0.13532 0.202354 0.759275
0 0.131273 0.312315 0.14042 0.160799 0.734224
0 0.291067 0.259645 0.135292 0.157423 0.711856
0 0.623289 0.34387 0.129022 0.151859 0.658316
0 0.621717 0.343025 0.130335 0.152128 0.896204
0 0.500483 0.323525 0.144886 0.166051 0.864371
0 0.900039 0.287719 0.199922 0.236757 0.839361
0 0.0647567 0.243351 0.129513 0.193222 0.83633
0 0.288122 0.260472 0.133984 0.159038 0.828979
0 0.754136 0.280703 0.162563 0.184837 0.810551
0 0.133005 0.31182 0.140332 0.163411 0.795189
0 0.898459 0.290976 0.203081 0.245753 0.838689
0 0.498741 0.324815 0.142197 0.167115 0.8196
0 0.620455 0.344352 0.121958 0.141519 0.800655
0 0.755475 0.277405 0.163694 0.193728 0.789082
0 0.066687 0.240788 0.133374 0.199571 0.766032
0 0.130702 0.311536 0.138236 0.159312 0.751924
0 0.291084 0.259406 0.131246 0.152641 0.731173
0 0.495748 0.326163 0.140742 0.164574 0.86416
0 0.28801 0.262099 0.129663 0.154446 0.837006
0 0.620002 0.345291 0.127107 0.146066 0.830098
0 0.896398 0.281374 0.207204 0.24219 0.818462
0 0.75209 0.278332 0.160972 0.185928 0.817258
0 0.0661069 0.244362 0.132214 0.206064 0.7885
0 0.127442 0.310229 0.146146 0.173469 0.78565
0 0.899243 0.28333 0.201515 0.245701 0.889948
0 0.0676293 0.238514 0.135259 0.20124 0.856195
0 0.50022 0.323803 0.142441 0.165862 0.854673
0 0.754388 0.277333 0.167633 0.194324 0.828155
0 0.621856 0.343285 0.125677 0.146748 0.824703
0 0.291453 0.261348 0.137054 0.157792 0.788524
0 0.131465 0.309454 0.14395 0.169192 0.785369
0 0.896782 0.284375 0.206437 0.245668 0.912886
0 0.500574 0.323077 0.142491 0.166292 0.865665
0 0.0656986 0.242852 0.131397 0.198472 0.83861
0 0.1265 0.31017 0.141769 0.166946 0.821791
0 0.61586 0.345234 0.122707 0.14502 0.821307
0 0.752993 0.278171 0.166974 0.192511 0.812667
0 0.286863 0.260893 0.132935 0.157584 0.791586
0 0.498424 0.323976 0.143413 0.167324 0.906642
0 0.898401 0.28973 0.203197 0.243176 0.884986
0 0.755104 0.278294 0.171189 0.194953 0.831627
0 0.0671943 0.236555 0.134389 0.192446 0.822399
0 0.617918 0.345631 0.129113 0.148224 0.820703
0 0.130171 0.309802 0.141897 0.165455 0.819405
0 0.289636 0.262011 0.134752 0.158062 0.775971
0 0.499837 0.322941 0.13819 0.165482 0.870162
0 0.620153 0.345831 0.117345 0.13572 0.813346
0 0.897021 0.284152 0.205958 0.250841 0.806061
0 0.132363 0.310212 0.136648 0.15438 0.783701
0 0.753405 0.276483 0.167852 0.192286 0.781127
0 0.28986 0.259404 0.129662 0.150714 0.761559
0 0.0663959 0.240654 0.132792 0.197523 0.749981
0 0.900369 0.289814 0.199261 0.236682 0.8279
0 0.499341 0.32426 0.131881 0.159845 0.8257
0 0.0631202 0.244417 0.12624 0.205117 0.73345
0 0.62109 0.339807 0.126978 0.14978 0.7222
0 0.753851 0.280183 0.161404 0.182635 0.721565
0 0.131027 0.310713 0.136712 0.160238 0.715913
0 0.292475 0.261291 0.132223 0.15339 0.714703
0 0.898205 0.283781 0.203591 0.241654 0.861998
0 0.501727 0.322345 0.140757 0.16613 0.788404
0 0.621313 0.34273 0.126421 0.14708 0.7657
0 0.755703 0.277502 0.16241 0.188088 0.762723
0 0.0652897 0.237797 0.130579 0.192108 0.724003
0 0.130569 0.308219 0.149089 0.173464 0.722515
0 0.291476 0.257154 0.134159 0.156039 0.706302
0 0.899077 0.284207 0.201847 0.243578 0.86282
0 0.755558 0.272918 0.1697 0.19687 0.848591
0 0.501234 0.323614 0.136618 0.161587 0.848323
0 0.0662937 0.241478 0.132587 0.193215 0.828364
0 0.621066 0.34095 0.12968 0.150338 0.827132
0 0.131501 0.308819 0.141993 0.157894 0.803353
0 0.290066 0.258712 0.136102 0.157143 0.801152
0 0.898977 0.285877 0.202046 0.242965 0.856914
0 0.500045 0.323254 0.142317 0.169767 0.844333
0 0.0655338 0.243031 0.131068 0.202635 0.800834
0 0.755882 0.277353 0.169062 0.195532 0.770268
0 0.290212 0.25937 0.135389 0.161965 0.767733
0 0.621114 0.340006 0.133486 0.159076 0.7673
0 0.129755 0.311105 0.138079 0.161667 0.755165
0 0.501599 0.327122 0.142067 0.16408 0.867086
0 0.901071 0.286248 0.197858 0.243431 0.86422
0 0.755669 0.278256 0.168136 0.196308 0.840112
0 0.130615 0.314168 0.141418 0.163877 0.835796
0 0.619035 0.343515 0.130287 0.150612 0.835418
0 0.0695379 0.244374 0.139076 0.206542 0.808218
0 0.289947 0.262065 0.137333 0.16188 0.805819
0 0.50235 0.328401 0.138979 0.165936 0.884612
0 0.89719 0.286477 0.20562 0.251974 0.870364
0 0.758183 0.282304 0.164252 0.190882 0.867499
0 0.619765 0.347462 0.127649 0.146143 0.848303
0 0.292344 0.265964 0.13282 0.15598 0.839329
0 0.133674 0.313711 0.140249 0.165671 0.828748
0 0.0677719 0.245493 0.135544 0.197489 0.827448
0 0.506391 0.322315 0.14527 0.169174 0.835776
0 0.620218 0.343775 0.127609 0.148026 0.788499
0 0.132331 0.307005 0.145247 0.165866 0.782345
0 0.0685763 0.238883 0.137153 0.207358 0.767036
0 0.899137 0.284669 0.201726 0.243953 0.76579
0 0.758878 0.273315 0.175844 0.202742 0.747848
0 0.289525 0.258678 0.134201 0.159253 0.735891
0 0.502077 0.324378 0.139753 0.163216 0.752964
0 0.896747 0.278683 0.206506 0.252098 0.73474
0 0.0677538 0.238818 0.135508 0.197843 0.697168
0 0.756461 0.273105 0.164767 0.191204 0.688723
0 0.131229 0.307714 0.139517 0.15945 0.681628
0 0.622272 0.341764 0.124279 0.147006 0.663984
0 0.289787 0.260464 0.129442 0.151923 0.659303
0 0.899144 0.282955 0.201713 0.240909 0.85482
0 0.500661 0.326425 0.144135 0.165778 0.852671
0 0.0663029 0.242416 0.132606 0.195685 0.830426
0 0.131346 0.308723 0.141308 0.16134 0.803779
0 0.751916 0.27635 0.165382 0.191888 0.802832
0 0.620906 0.342816 0.124796 0.146212 0.774177
0 0.288111 0.261273 0.129603 0.151577 0.756934
0 0.502178 0.325679 0.140435 0.164286 0.862704
0 0.900599 0.280401 0.198802 0.242873 0.850427
0 0.0667233 0.241633 0.133447 0.197161 0.846408
0 0.132652 0.310058 0.143027 0.164154 0.830813
0 0.757533 0.275494 0.168253 0.19121 0.825526
0 0.622123 0.342831 0.130595 0.149671 0.798589
0 0.289776 0.263149 0.133975 0.155035 0.791004
0 0.897277 0.28154 0.205447 0.242308 0.834526
0 0.499869 0.328569 0.139397 0.166561 0.834028
0 0.0673544 0.243081 0.134709 0.1966 0.824211
0 0.755221 0.274453 0.167771 0.188567 0.758056
0 0.622088 0.343563 0.125787 0.148966 0.744871
0 0.132801 0.312376 0.140283 0.161394 0.744237
0 0.28902 0.262633 0.133272 0.156819 0.707719
0 0.499755 0.326587 0.140696 0.166425 0.858041
0 0.619815 0.343688 0.119909 0.140365 0.789495
0 0.898538 0.285381 0.202923 0.249267 0.787034
0 0.0651789 0.245191 0.130358 0.197369 0.783139
0 0.756016 0.278778 0.16358 0.187437 0.758218
0 0.133184 0.307338 0.141826 0.167099 0.731511
0 0.288913 0.25922 0.132226 0.154391 0.725177
0 0.897896 0.280145 0.204208 0.250369 0.87083
0 0.499961 0.325416 0.137158 0.161313 0.86528
0 0.0653177 0.239671 0.130635 0.198874 0.839563
0 0.755416 0.277613 0.160813 0.183221 0.815904
0 0.132088 0.307198 0.139479 0.160124 0.785794
0 0.623249 0.341672 0.12696 0.148305 0.757277
0 0.288276 0.258337 0.128061 0.148955 0.742438
0 0.500834 0.325316 0.144305 0.166191 0.828392
0 0.0637739 0.242957 0.127548 0.19408 0.818361
0 0.898026 0.281838 0.203949 0.25154 0.813491
0 0.756985 0.27579 0.171177 0.195268 0.795015
0 0.131153 0.307787 0.144364 0.165651 0.791431
0 0.620561 0.341869 0.131011 0.152369 0.772196
0 0.289897 0.259591 0.132804 0.154331 0.737142
0 0.500882 0.326004 0.136594 0.162732 0.865717
0 0.898024 0.283319 0.203952 0.246466 0.841967
0 0.754983 0.27892 0.165998 0.187674 0.823428
0 0.0662931 0.239179 0.132586 0.194968 0.81575
0 0.132066 0.307684 0.141327 0.164259 0.804574
0 0.621535 0.342133 0.129502 0.149952 0.788442
0 0.290697 0.259376 0.134777 0.15633 0.737237
0 0.901385 0.287594 0.197231 0.23889 0.853999
0 0.0654177 0.242702 0.130835 0.189734 0.853045
0 0.502189 0.324858 0.133255 0.159034 0.840609
0 0.132637 0.307873 0.137846 0.156471 0.82176
0 0.755059 0.277149 0.162049 0.190593 0.821083
0 0.619747 0.343076 0.125972 0.145587 0.81374
0 0.289318 0.25914 0.1283 0.150319 0.727293
0 0.501885 0.32401 0.134569 0.160235 0.851666
0 0.898035 0.283626 0.203929 0.240146 0.84527
0 0.755123 0.276943 0.16681 0.188108 0.829124
0 0.622637 0.344433 0.128118 0.148533 0.811797
0 0.0650489 0.239255 0.130098 0.192466 0.802822
0 0.133378 0.307604 0.14041 0.16162 0.795802
0 0.291539 0.259525 0.134501 0.155317 0.776367
0 0.897733 0.285736 0.200434 0.236759 0.847147
0 0.757843 0.274847 0.17104 0.196016 0.827443
0 0.503166 0.324128 0.140717 0.16081 0.827023
0 0.0659046 0.240927 0.131809 0.199437 0.816843
0 0.132544 0.305631 0.144599 0.164686 0.815776
0 0.620936 0.340342 0.125575 0.150544 0.785685
0 0.290442 0.258654 0.132772 0.15443 0.762188
0 0.50052 0.328904 0.130121 0.153712 0.863479
0 0.890123 0.288042 0.187724 0.240937 0.840669
0 0.753478 0.278975 0.163148 0.188778 0.829081
0 0.0640559 0.244677 0.128112 0.19406 0.823927
0 0.13307 0.30935 0.13881 0.162957 0.790542
0 0.622555 0.346556 0.124279 0.14465 0.782139
0 0.289667 0.263269 0.129124 0.154118 0.767916
0 0.498916 0.325726 0.135225 0.160358 0.879796
0 0.132044 0.308968 0.142422 0.161101 0.82674
0 0.0651948 0.24597 0.13039 0.190559 0.821007
0 0.755358 0.275796 0.167448 0.191171 0.818881
0 0.897142 0.286459 0.202805 0.24493 0.806109
0 0.620364 0.343125 0.127227 0.146443 0.802391
0 0.288364 0.260593 0.13261 0.152669 0.773257
0 0.895678 0.285606 0.194093 0.237079 0.826164
0 0.0644834 0.244787 0.128967 0.196277 0.82369
0 0.499388 0.326764 0.140417 0.165745 0.815715
0 0.618706 0.344857 0.126362 0.148572 0.810441
0 0.752637 0.274108 0.165699 0.195 0.807277
0 0.128834 0.308581 0.144914 0.168556 0.774583
0 0.28717 0.261339 0.133553 0.1586 0.763857
0 0.0677901 0.244648 0.13558 0.200627 0.805418
0 0.89391 0.287029 0.196218 0.241769 0.790239
0 0.503575 0.327711 0.143741 0.169807 0.786517
0 0.757483 0.278608 0.170142 0.192405 0.784041
0 0.131342 0.308482 0.148612 0.170971 0.757388
0 0.623958 0.344592 0.130248 0.15066 0.754194
0 0.292305 0.261822 0.129886 0.154181 0.74543
0 0.899202 0.285457 0.201596 0.23972 0.864087
0 0.754052 0.278279 0.164782 0.187966 0.833226
0 0.0647151 0.243663 0.12943 0.193094 0.83133
0 0.499599 0.325699 0.138314 0.162087 0.82378
0 0.129862 0.308093 0.143521 0.167647 0.796834
0 0.621216 0.34335 0.126308 0.146909 0.783306
0 0.28976 0.259659 0.132219 0.154555 0.759035
0 0.0640873 0.243308 0.128175 0.192268 0.874158
0 0.75527 0.274689 0.166268 0.191058 0.859099
0 0.893893 0.284907 0.194852 0.239388 0.854876
0 0.621255 0.340738 0.128608 0.149547 0.842207
0 0.500566 0.325131 0.136441 0.160159 0.837881
0 0.289909 0.259952 0.133072 0.155557 0.827852
0 0.131059 0.307675 0.142714 0.162074 0.802817
0 0.895376 0.282741 0.193326 0.23609 0.873999
0 0.753723 0.274659 0.166818 0.191748 0.837265
0 0.0653171 0.24063 0.130634 0.197608 0.835382
0 0.500913 0.323138 0.138489 0.162304 0.823272
0 0.622689 0.344055 0.129731 0.14859 0.819083
0 0.290268 0.260263 0.132954 0.156471 0.805505
0 0.132351 0.305341 0.143542 0.163458 0.781246
0 0.899922 0.287802 0.200157 0.237033 0.829503
0 0.621388 0.345173 0.125018 0.145286 0.828139
0 0.752794 0.275725 0.164291 0.192132 0.818963
0 0.504538 0.327057 0.138776 0.161247 0.818805
0 0.0638209 0.244158 0.127642 0.197533 0.800277
0 0.131074 0.308795 0.139894 0.161038 0.779588
0 0.289754 0.263107 0.13187 0.15619 0.778053
0 0.75354 0.275186 0.165705 0.191275 0.844033
0 0.502865 0.324555 0.135773 0.159075 0.825651
0 0.0647791 0.243352 0.129558 0.190947 0.81759
0 0.896634 0.284063 0.194786 0.236479 0.81696
0 0.621969 0.342595 0.126078 0.146596 0.796377
0 0.132319 0.30763 0.141261 0.161373 0.794524
0 0.288515 0.2581 0.132576 0.153972 0.736724
0 0.899408 0.281371 0.201185 0.246006 0.811354
0 0.13203 0.306814 0.14386 0.166893 0.770564
0 0.502903 0.324905 0.143373 0.168774 0.754895
0 0.756355 0.275467 0.171353 0.198418 0.751533
0 0.065529 0.241601 0.131058 0.202874 0.745704
0 0.620815 0.342716 0.12951 0.150952 0.744478
0 0.290134 0.260091 0.135749 0.162443 0.668609
0 0.753898 0.27673 0.166223 0.193712 0.816718
0 0.888813 0.285353 0.181697 0.23701 0.815866
0 0.50271 0.326168 0.136868 0.163368 0.806636
0 0.13219 0.309063 0.14281 0.164363 0.806498
0 0.623222 0.344097 0.128192 0.147606 0.787587
0 0.0638535 0.244879 0.127707 0.20083 0.786795
0 0.290195 0.261028 0.137404 0.159755 0.762089
0 0.894288 0.284993 0.196221 0.236977 0.857148
0 0.75658 0.274904 0.171235 0.196076 0.847085
0 0.0666628 0.243037 0.133326 0.199982 0.839444
0 0.504058 0.324518 0.137829 0.161836 0.803569
0 0.132234 0.306713 0.143827 0.165475 0.800937
0 0.621507 0.342327 0.128542 0.149517 0.7581
0 0.290737 0.260207 0.135534 0.158699 0.748466
0 0.89924 0.282836 0.201519 0.242727 0.810223
0 0.75523 0.273807 0.169287 0.19251 0.778331
0 0.0659686 0.243168 0.131937 0.196154 0.774803
0 0.132905 0.307218 0.142742 0.164107 0.768039
0 0.505117 0.323403 0.139488 0.162634 0.746622
0 0.290743 0.260805 0.134256 0.153241 0.713265
0 0.622488 0.340088 0.133763 0.1543 0.706048
0 0.88449 0.279567 0.175075 0.24375 0.833933
0 0.130668 0.305552 0.144834 0.163523 0.802293
0 0.754005 0.273642 0.170283 0.194741 0.801867
0 0.50421 0.322897 0.141309 0.161759 0.800225
0 0.290985 0.259212 0.135539 0.154819 0.79978
0 0.0662226 0.241393 0.132445 0.195961 0.78741
0 0.621613 0.344005 0.13 0.149688 0.780623
0 0.621745 0.344672 0.128467 0.148857 0.857017
0 0.500973 0.326742 0.140472 0.165895 0.839019
0 0.884665 0.28873 0.178136 0.256387 0.825891
0 0.131611 0.308491 0.144356 0.167816 0.812046
0 0.755059 0.277912 0.166064 0.193452 0.800481
0 0.0656738 0.242762 0.131348 0.202027 0.782141
0 0.28911 0.259969 0.134842 0.157868 0.768971
0 0.900837 0.284693 0.198325 0.240331 0.834015
0 0.501805 0.323981 0.13685 0.160957 0.826688
0 0.756824 0.274973 0.16512 0.189937 0.822675
0 0.0652637 0.243642 0.130527 0.191989 0.817643
0 0.132852 0.306224 0.141865 0.162936 0.803275
0 0.622429 0.343048 0.130509 0.151225 0.781546
0 0.290473 0.258895 0.133337 0.153802 0.733962
0 0.892271 0.280205 0.182638 0.239845 0.809992
0 0.754775 0.273824 0.163316 0.189938 0.78356
0 0.499314 0.323244 0.135475 0.16072 0.774503
0 0.0644421 0.242699 0.128884 0.19257 0.772725
0 0.132654 0.305397 0.141635 0.163114 0.762282
0 0.62127 0.342638 0.127522 0.148513 0.715082
0 0.289214 0.259285 0.131517 0.15345 0.687198
0 0.889261 0.285935 0.180968 0.235617 0.86739
0 0.501818 0.324801 0.135648 0.161041 0.852937
0 0.065519 0.241543 0.131038 0.193248 0.850764
0 0.133427 0.306675 0.141966 0.165401 0.848243
0 0.622253 0.34434 0.130093 0.150612 0.83663
0 0.754854 0.276707 0.165161 0.191308 0.82588
0 0.291637 0.260845 0.133414 0.153669 0.754885
0 0.887627 0.285663 0.176135 0.238719 0.835015
0 0.0655152 0.243423 0.13103 0.198377 0.829002
0 0.754306 0.275762 0.164671 0.192517 0.808529
0 0.502391 0.325483 0.13695 0.161549 0.806752
0 0.131811 0.306535 0.140957 0.163195 0.805707
0 0.620878 0.344384 0.125454 0.144143 0.771049
0 0.288562 0.260506 0.130166 0.15295 0.700174
0 0.889112 0.284785 0.176184 0.234774 0.835562
0 0.755627 0.276378 0.166576 0.190584 0.830345
0 0.0660756 0.242636 0.132151 0.193083 0.828706
0 0.131853 0.307322 0.139978 0.163622 0.809838
0 0.500884 0.325608 0.136189 0.161102 0.805571
0 0.620774 0.343488 0.125304 0.145502 0.771718
0 0.290568 0.260903 0.131113 0.151085 0.70241
0 0.0656555 0.242472 0.131311 0.189331 0.8398
0 0.886871 0.282224 0.168126 0.241738 0.818861
0 0.756345 0.273715 0.164919 0.188759 0.818158
0 0.13165 0.306485 0.140485 0.160908 0.796685
0 0.501183 0.324611 0.134899 0.159354 0.78312
0 0.621953 0.342888 0.126755 0.146675 0.700346
0 0.28897 0.259564 0.130502 0.150533 0.670848
0 0.0646528 0.244555 0.129306 0.189323 0.824708
0 0.132742 0.307008 0.140073 0.16004 0.812457
0 0.755238 0.276203 0.166248 0.192221 0.809795
0 0.620919 0.340447 0.128247 0.150165 0.7732
0 0.884536 0.283926 0.162979 0.242522 0.767414
0 0.50407 0.324318 0.135995 0.158521 0.764854
0 0.289362 0.259877 0.130359 0.150853 0.685944
0 0.75597 0.274452 0.168801 0.195122 0.86792
0 0.131535 0.307721 0.140828 0.164909 0.861983
0 0.887733 0.284967 0.173238 0.241004 0.850064
0 0.0662903 0.244293 0.132581 0.197911 0.849322
0 0.504334 0.323662 0.14333 0.166036 0.833397
0 0.621714 0.342449 0.130477 0.15068 0.817293
0 0.290908 0.259488 0.135811 0.15741 0.780985
0 0.755026 0.279299 0.167866 0.193262 0.854027
0 0.13134 0.30855 0.142825 0.163582 0.853451
0 0.885528 0.288537 0.171535 0.239529 0.822394
0 0.499917 0.327475 0.140848 0.165993 0.820865
0 0.065945 0.246849 0.13189 0.196647 0.814497
0 0.621115 0.343943 0.131668 0.151259 0.789693
0 0.288862 0.261065 0.136488 0.157505 0.751296
0 0.756036 0.27371 0.170292 0.195645 0.889271
0 0.132766 0.306356 0.143542 0.165742 0.881404
0 0.066381 0.240905 0.132762 0.197163 0.876849
0 0.502316 0.322891 0.143248 0.164156 0.850422
0 0.88363 0.282365 0.168275 0.245021 0.84871
0 0.623871 0.340944 0.132285 0.153045 0.793284
0 0.290141 0.25742 0.136563 0.159462 0.784771
0 0.754384 0.276101 0.165427 0.190082 0.835471
0 0.0656169 0.246386 0.131234 0.19508 0.8316
0 0.131481 0.30794 0.141574 0.161826 0.826599
0 0.892335 0.284064 0.188544 0.240352 0.812772
0 0.500025 0.327032 0.136406 0.15955 0.81061
0 0.61962 0.344791 0.126768 0.143878 0.725175
0 0.288575 0.261158 0.130566 0.151625 0.67695
0 0.75501 0.272594 0.168094 0.193746 0.830985
0 0.0656919 0.241232 0.131384 0.196107 0.829129
0 0.130394 0.307652 0.143353 0.164408 0.823241
0 0.500216 0.325693 0.136616 0.161327 0.812064
0 0.886166 0.28415 0.167931 0.235002 0.794974
0 0.620264 0.343818 0.128156 0.1467 0.763378
0 0.289966 0.259996 0.133574 0.155629 0.695313
0 0.130399 0.306411 0.139832 0.160064 0.844922
0 0.500955 0.32523 0.135121 0.158672 0.836707
0 0.754087 0.27448 0.162763 0.187181 0.836083
0 0.0654592 0.242023 0.130918 0.192945 0.8321
0 0.886926 0.282705 0.169029 0.23204 0.808833
0 0.620406 0.343391 0.128676 0.148496 0.770772
0 0.289742 0.260424 0.133512 0.153869 0.767679
0 0.890287 0.283023 0.177024 0.234566 0.86282
0 0.0664359 0.242172 0.132872 0.198284 0.855774
0 0.756214 0.272543 0.166959 0.191973 0.845799
0 0.131316 0.306565 0.140714 0.16062 0.842535
0 0.501301 0.325716 0.132906 0.156332 0.840526
0 0.620515 0.342392 0.128855 0.148895 0.774059
0 0.28947 0.25935 0.133929 0.156595 0.754224
0 0.0657518 0.241887 0.131504 0.196469 0.860335
0 0.75559 0.273589 0.165483 0.191663 0.848463
0 0.886913 0.283825 0.168325 0.231476 0.844795
0 0.131293 0.306817 0.139728 0.160345 0.83827
0 0.500282 0.325399 0.133809 0.15737 0.816117
0 0.619871 0.342223 0.127271 0.148496 0.743906
0 0.287986 0.261164 0.129533 0.152421 0.714239
0 0.131947 0.305244 0.14204 0.161461 0.860856
0 0.889743 0.283625 0.183698 0.233025 0.847229
0 0.500929 0.323894 0.135715 0.160384 0.845722
0 0.065057 0.241771 0.130114 0.195326 0.834219
0 0.754138 0.272587 0.167309 0.191535 0.832904
0 0.290013 0.261424 0.131006 0.154578 0.786443
0 0.621171 0.341647 0.128333 0.149192 0.77616
0 0.889697 0.284502 0.173847 0.229318 0.823023
0 0.756623 0.272119 0.166921 0.190934 0.805083
0 0.131221 0.305419 0.140113 0.16117 0.799662
0 0.0647405 0.240921 0.129481 0.191459 0.795682
0 0.49964 0.323715 0.135749 0.158754 0.763062
0 0.621106 0.341559 0.1271 0.147085 0.665495
0 0.290702 0.258801 0.131699 0.152755 0.664911
0 0.132155 0.30779 0.142877 0.163564 0.855492
0 0.894598 0.286096 0.186275 0.237683 0.847778
0 0.0659807 0.244024 0.131961 0.197593 0.838035
0 0.754257 0.274821 0.169456 0.19494 0.837999
0 0.500899 0.326124 0.13871 0.162812 0.816953
0 0.290529 0.261016 0.135338 0.156505 0.786927
0 0.621255 0.342641 0.130614 0.150282 0.780448
0 0.89537 0.285114 0.189002 0.235433 0.820793
0 0.754759 0.27213 0.17122 0.197048 0.809783
0 0.0655304 0.243169 0.131061 0.195339 0.800771
0 0.130464 0.305851 0.145145 0.164701 0.776675
0 0.499398 0.324281 0.139705 0.163364 0.765479
0 0.288663 0.259544 0.135097 0.158135 0.67286
0 0.61993 0.341526 0.133177 0.153742 0.665195
0 0.13184 0.307698 0.138174 0.159772 0.851429
0 0.754763 0.273381 0.167418 0.194325 0.836906
0 0.065979 0.243952 0.131958 0.195738 0.828507
0 0.887428 0.285468 0.17685 0.234674 0.825594
0 0.501491 0.326561 0.133439 0.157751 0.825046
0 0.289333 0.262549 0.130206 0.153586 0.804144
0 0.621838 0.343721 0.126783 0.147867 0.803688
0 0.0662165 0.243483 0.132433 0.195401 0.823865
0 0.131714 0.305436 0.14282 0.163129 0.818485
0 0.889413 0.28372 0.17628 0.240436 0.812533
0 0.754935 0.271795 0.169322 0.19522 0.8051
0 0.499167 0.32456 0.137176 0.16082 0.776464
0 0.289926 0.25888 0.134192 0.155593 0.740848
0 0.620788 0.341646 0.128168 0.148743 0.736237
0 0.0661045 0.243582 0.132209 0.194663 0.828747
0 0.131782 0.307108 0.141223 0.163543 0.806029
0 0.755814 0.273021 0.170231 0.196434 0.803778
0 0.886518 0.284475 0.167783 0.238466 0.802112
0 0.502664 0.324849 0.13732 0.160712 0.774586
0 0.621522 0.342249 0.128775 0.150634 0.735279
0 0.289878 0.260204 0.132932 0.154095 0.724911
0 0.0666715 0.243042 0.133343 0.196624 0.837336
0 0.131914 0.306888 0.142874 0.164913 0.829055
0 0.755876 0.273174 0.169526 0.196217 0.824036
0 0.89047 0.285301 0.172921 0.231819 0.809191
0 0.500881 0.32588 0.138242 0.162365 0.766744
0 0.621634 0.342333 0.129759 0.150939 0.739592
0 0.290173 0.26071 0.134277 0.155883 0.708193
0 0.0656828 0.241541 0.131366 0.193367 0.861038
0 0.754773 0.272272 0.167551 0.193108 0.848772
0 0.131726 0.306404 0.142974 0.164069 0.844269
0 0.889563 0.284579 0.171266 0.229166 0.837998
0 0.500557 0.324742 0.135992 0.159253 0.821211
0 0.621436 0.342132 0.129048 0.150193 0.794711
0 0.290277 0.259345 0.13395 0.155302 0.755376
0 0.131436 0.307621 0.141291 0.162274 0.844491
0 0.0645143 0.242844 0.129029 0.192846 0.84128
0 0.753711 0.272561 0.166325 0.191881 0.835362
0 0.888562 0.285229 0.172487 0.230063 0.832494
0 0.499896 0.325554 0.134508 0.158986 0.817901
0 0.289582 0.260905 0.132209 0.154565 0.785096
0 0.621499 0.342795 0.129003 0.149013 0.778762
0 0.132066 0.306329 0.142808 0.163777 0.870551
0 0.0664194 0.241889 0.132839 0.195524 0.864605
0 0.755299 0.272655 0.170171 0.195166 0.856764
0 0.887467 0.28511 0.176576 0.234085 0.855885
0 0.50025 0.324759 0.13757 0.161185 0.817801
0 0.621365 0.342434 0.129265 0.151048 0.802104
0 0.289273 0.26093 0.135586 0.158532 0.774839
0 0.0655058 0.242463 0.131012 0.192809 0.829989
0 0.755273 0.272619 0.166553 0.192275 0.819784
0 0.131469 0.305892 0.140711 0.162047 0.813448
0 0.8886 0.285885 0.170078 0.231907 0.81312
0 0.500785 0.324549 0.135366 0.158862 0.752941
0 0.621537 0.340598 0.128265 0.150952 0.70994
0 0.290786 0.25952 0.135218 0.158561 0.686975
0 0.0656435 0.241862 0.131287 0.195706 0.852612
0 0.891163 0.283419 0.181494 0.236337 0.838659
0 0.754141 0.271806 0.167535 0.19447 0.832447
0 0.131609 0.305626 0.143318 0.163707 0.824368
0 0.499876 0.324631 0.134546 0.158754 0.771976
0 0.290453 0.259596 0.133072 0.154154 0.707093
0 0.62167 0.340801 0.129357 0.150704 0.699412
0 0.0654956 0.244377 0.130991 0.192343 0.848286
0 0.898542 0.286222 0.194559 0.233637 0.842897
0 0.753583 0.275023 0.165713 0.191739 0.84051
0 0.131963 0.307156 0.14131 0.162384 0.833873
0 0.499627 0.326609 0.134369 0.157743 0.779923
0 0.290264 0.261027 0.134275 0.155046 0.74051
0 0.621456 0.342583 0.128454 0.150434 0.710825
0 0.0656792 0.241278 0.131358 0.191426 0.848988
0 0.132124 0.305894 0.141983 0.162433 0.848425
0 0.889236 0.2836 0.180468 0.232153 0.846784
0 0.753341 0.272279 0.166478 0.192485 0.841546
0 0.499966 0.324446 0.13657 0.159379 0.804151
0 0.2906 0.259529 0.135277 0.155274 0.767008
0 0.623018 0.341669 0.131042 0.152037 0.760601
0 0.0661489 0.241083 0.132298 0.194796 0.865414
0 0.895451 0.283117 0.193362 0.235379 0.853655
0 0.131739 0.305204 0.142527 0.163102 0.851788
0 0.753684 0.271726 0.168377 0.195657 0.848249
0 0.499947 0.323466 0.137351 0.161304 0.81818
0 0.290365 0.259241 0.134471 0.154985 0.785035
0 0.621392 0.340975 0.129051 0.150565 0.760818
0 0.0661386 0.241096 0.132277 0.192805 0.835572
0 0.894552 0.283432 0.185969 0.234616 0.824347
0 0.755116 0.273483 0.166844 0.191879 0.818854
0 0.132385 0.305764 0.141027 0.162011 0.808496
0 0.501983 0.324606 0.135898 0.159697 0.766943
0 0.290046 0.260634 0.131469 0.152564 0.764238
0 0.623565 0.342152 0.12901 0.149929 0.713396
0 0.0659361 0.241621 0.131872 0.193906 0.866323
0 0.893766 0.284051 0.185864 0.233987 0.847164
0 0.753517 0.272882 0.166961 0.192841 0.834881
0 0.131416 0.30588 0.141057 0.161861 0.833724
0 0.499803 0.324317 0.13608 0.159863 0.814548
0 0.2896 0.259447 0.133393 0.153797 0.762256
0 0.621321 0.341337 0.127141 0.147641 0.744591
0 0.0656604 0.242243 0.131321 0.193856 0.862476
0 0.891881 0.28319 0.183335 0.234608 0.84113
0 0.131829 0.306425 0.141045 0.162296 0.839667
0 0.753442 0.273611 0.166215 0.192037 0.833383
0 0.500217 0.324708 0.13627 0.159963 0.812782
0 0.289571 0.259948 0.132813 0.153976 0.775966
0 0.621693 0.341623 0.127531 0.149447 0.745798
0 0.0661853 0.242367 0.132371 0.194126 0.87954
0 0.13179 0.30654 0.1425 0.16364 0.870795
0 0.891997 0.283901 0.185294 0.235295 0.865001
0 0.753896 0.27397 0.167513 0.192963 0.857929
0 0.500417 0.325031 0.137248 0.160925 0.850241
0 0.290866 0.260248 0.135954 0.156179 0.812454
0 0.621675 0.342169 0.128673 0.150305 0.794125
0 0.065837 0.241891 0.131674 0.193494 0.859771
0 0.893854 0.283639 0.188028 0.234487 0.851012
0 0.75354 0.273406 0.166999 0.193072 0.833222
0 0.131408 0.306091 0.141333 0.162797 0.832498
0 0.500231 0.324628 0.135547 0.159317 0.79873
0 0.289449 0.260474 0.131913 0.154092 0.762784
0 0.621501 0.341923 0.127241 0.148162 0.737993
0 0.066114 0.24186 0.132228 0.194134 0.865945
0 0.894684 0.28372 0.18942 0.235141 0.854412
0 0.132177 0.306411 0.141446 0.162901 0.841764
0 0.754095 0.273552 0.167484 0.193403 0.838457
0 0.501161 0.324872 0.136044 0.159684 0.806775
0 0.28994 0.260797 0.132123 0.154061 0.800106
0 0.62207 0.342057 0.127292 0.148776 0.739478
0 0.0661844 0.242342 0.132369 0.194124 0.879214
0 0.131794 0.306538 0.14249 0.163643 0.870451
0 0.892008 0.28389 0.185308 0.23528 0.864652
0 0.753892 0.273945 0.167509 0.192972 0.857555
0 0.500411 0.325026 0.137249 0.160932 0.849815
0 0.290866 0.260239 0.135959 0.156188 0.811938
0 0.621677 0.342158 0.128672 0.150326 0.793824
