0 0.274069 0.264246 0.231842 0.281399 0.854597
0 0.274253 0.231724 0.203309 0.240827 0.807522
0 0.257664 0.24637 0.299847 0.333577 0.724961
0 0.270166 0.2433 0.27852 0.356263 0.813005
0 0.269526 0.249125 0.248882 0.294821 0.670164
0 0.268234 0.241623 0.252782 0.294169 0.618906
0 0.273068 0.2569 0.238344 0.278901 0.655987
0 0.280266 0.251041 0.249457 0.293315 0.747477
0 0.266513 0.255949 0.218324 0.259958 0.757558
0 0.272401 0.250781 0.230458 0.286923 0.769687
0 0.266003 0.265938 0.216525 0.256169 0.731885
0 0.27349 0.252165 0.240197 0.283134 0.808683
0 0.27139 0.266143 0.213881 0.248021 0.808582
0 0.266758 0.26249 0.219967 0.266747 0.822073
0 0.265532 0.264796 0.229357 0.25567 0.780218
0 0.270151 0.256885 0.218499 0.262898 0.804251
0 0.267974 0.25143 0.24683 0.29563 0.805548
0 0.267753 0.268146 0.22445 0.26283 0.774909
0 0.267677 0.260319 0.220577 0.267126 0.732209
0 0.266329 0.251154 0.22779 0.272453 0.664946
0 0.267704 0.251598 0.233079 0.283628 0.785351
0 0.265665 0.252882 0.223332 0.274004 0.825469
0 0.27054 0.254227 0.230646 0.277875 0.769435
0 0.26749 0.259737 0.225002 0.266076 0.814513
0 0.26489 0.257127 0.240519 0.284764 0.722944
0 0.269999 0.254856 0.214085 0.256786 0.7209
0 0.266968 0.250354 0.230859 0.279172 0.697642
0 0.264699 0.254403 0.22535 0.266259 0.767355
0 0.264973 0.24957 0.230771 0.275314 0.809805
0 0.264337 0.254908 0.234194 0.273231 0.748886
0 0.26702 0.253981 0.231386 0.274372 0.702924
0 0.27 0.252022 0.222172 0.270925 0.795832
0 0.264291 0.254126 0.231915 0.277733 0.830162
0 0.266947 0.256758 0.232143 0.269384 0.78363
0 0.267285 0.254167 0.226292 0.268141 0.758984
0 0.267601 0.255541 0.223521 0.259658 0.721014
0 0.265837 0.252386 0.235913 0.275072 0.772563
0 0.268468 0.257722 0.221782 0.276252 0.781431
0 0.269367 0.256545 0.222963 0.267816 0.73171
0 0.267324 0.259208 0.230091 0.271487 0.780024
0 0.269392 0.25856 0.222352 0.263537 0.728086
0 0.266328 0.256875 0.224592 0.272403 0.793135
0 0.265329 0.256334 0.23367 0.270604 0.815422
0 0.266372 0.253062 0.229826 0.273555 0.792838
0 0.268593 0.258366 0.224425 0.272724 0.778443
0 0.269938 0.254605 0.233347 0.274814 0.769889
0 0.27019 0.251056 0.243365 0.289246 0.739968
0 0.270599 0.257339 0.220169 0.265031 0.743893
0 0.27009 0.261717 0.222303 0.260065 0.799889
0 0.270537 0.257593 0.224512 0.262691 0.704605
0 0.265925 0.249858 0.233723 0.281939 0.71742
0 0.265884 0.262357 0.227119 0.268691 0.750127
0 0.268 0.255282 0.2359 0.273891 0.695391
0 0.266552 0.253721 0.231734 0.266899 0.671436
0 0.266688 0.256135 0.232395 0.27227 0.743539
0 0.268492 0.25571 0.234143 0.271918 0.742297
0 0.270309 0.257311 0.229042 0.271842 0.762818
0 0.27253 0.255766 0.224404 0.261434 0.724777
0 0.267182 0.258286 0.23417 0.275533 0.725109
0 0.26966 0.258466 0.234001 0.275561 0.766782
0 0.267801 0.25711 0.234238 0.282522 0.754547
0 0.267337 0.249766 0.236971 0.285347 0.742744
0 0.266256 0.256218 0.232169 0.277184 0.755171
0 0.269771 0.254855 0.232086 0.271389 0.739651
0 0.269615 0.250635 0.232872 0.268715 0.711125
0 0.27019 0.256117 0.231591 0.268446 0.781629
0 0.273142 0.255891 0.223089 0.261507 0.776379
0 0.264596 0.252016 0.239596 0.274503 0.718225
0 0.272591 0.25083 0.224938 0.265771 0.749076
0 0.266157 0.256871 0.23367 0.268437 0.74833
0 0.267624 0.252989 0.237384 0.276179 0.724688
0 0.268483 0.257601 0.234523 0.272093 0.768299
0 0.268508 0.256034 0.232995 0.272207 0.753057
0 0.266625 0.253326 0.233475 0.277188 0.742969
0 0.266634 0.252476 0.237484 0.280061 0.747274
0 0.266586 0.251403 0.232972 0.278183 0.786962
0 0.270527 0.251168 0.230949 0.270606 0.761694
0 0.269908 0.252573 0.233324 0.271253 0.791985
0 0.268875 0.255976 0.229188 0.263515 0.775278
0 0.268455 0.25792 0.233328 0.267921 0.784996
0 0.267989 0.258466 0.229274 0.262611 0.781864
0 0.267472 0.255851 0.232456 0.267661 0.78086
0 0.26923 0.256604 0.232074 0.26762 0.781927
0 0.269119 0.255193 0.23301 0.26979 0.749467
0 0.268438 0.257359 0.232808 0.267821 0.78783
0 0.268606 0.256663 0.232322 0.267791 0.774609
0 0.268934 0.256449 0.233732 0.270525 0.796555
0 0.268602 0.25744 0.232669 0.269026 0.783375
0 0.268797 0.257243 0.233243 0.269746 0.781508
0 0.268932 0.256438 0.23374 0.270521 0.796345
