0 0.51967 0.173575 0.157811 0.218227 0.884524
0 0.51038 0.177944 0.169777 0.197964 0.808983
0 0.506817 0.17679 0.172489 0.204481 0.675722
0 0.518537 0.173844 0.180617 0.206644 0.816191
0 0.520684 0.180571 0.173966 0.218565 0.863249
0 0.519472 0.171118 0.190033 0.225621 0.766081
0 0.519147 0.177443 0.184982 0.207649 0.789225
0 0.514376 0.18144 0.176342 0.210984 0.786442
0 0.515829 0.180575 0.177566 0.208663 0.881502
0 0.512475 0.178064 0.180909 0.210513 0.851568
0 0.514865 0.180596 0.165799 0.197346 0.757733
0 0.516823 0.177008 0.186978 0.216826 0.779124
0 0.520039 0.18097 0.187301 0.214738 0.778315
0 0.519233 0.178983 0.189942 0.217706 0.84646
0 0.519865 0.177554 0.180313 0.211421 0.898395
0 0.515694 0.177782 0.180551 0.212291 0.791857
0 0.518972 0.181697 0.188564 0.219782 0.905552
0 0.513179 0.183608 0.182827 0.21862 0.778427
0 0.51517 0.177999 0.190137 0.218584 0.764109
0 0.518602 0.176837 0.183112 0.210448 0.839584
0 0.514763 0.180031 0.1751 0.203478 0.859348
0 0.517934 0.178772 0.190314 0.221986 0.842859
0 0.513591 0.179268 0.180934 0.210986 0.880934
0 0.517496 0.179572 0.183197 0.218174 0.878286
0 0.51478 0.18211 0.190516 0.221718 0.884329
0 0.515607 0.182526 0.186063 0.219463 0.884403
0 0.515756 0.180442 0.188177 0.21837 0.835693
0 0.518091 0.183111 0.178907 0.209771 0.802634
0 0.518076 0.177339 0.183449 0.217034 0.795889
0 0.516178 0.179551 0.188566 0.221495 0.907303
0 0.515557 0.179485 0.189997 0.223081 0.89023
0 0.517859 0.180752 0.19089 0.228301 0.876151
0 0.516786 0.181769 0.190024 0.224739 0.867906
0 0.517035 0.176725 0.195668 0.224605 0.810155
0 0.521457 0.17338 0.185341 0.214726 0.744504
0 0.517111 0.179172 0.183784 0.212668 0.844843
0 0.519859 0.177049 0.190057 0.221535 0.851143
0 0.51705 0.179802 0.185043 0.213229 0.834691
0 0.516876 0.182591 0.18788 0.219519 0.817209
0 0.517574 0.177848 0.188564 0.223203 0.894447
0 0.51591 0.177375 0.193077 0.222318 0.826961
0 0.516581 0.179066 0.186666 0.216427 0.864875
0 0.517367 0.18134 0.178724 0.211745 0.859738
0 0.517119 0.179226 0.180664 0.205718 0.843799
0 0.515814 0.18362 0.183943 0.213663 0.867472
0 0.517501 0.182998 0.182763 0.211243 0.865327
0 0.517935 0.182265 0.184428 0.212743 0.869951
0 0.513152 0.18101 0.187538 0.219198 0.874182
0 0.51738 0.181882 0.187957 0.215356 0.813318
0 0.515416 0.178025 0.188928 0.223207 0.851152
0 0.516618 0.177326 0.186741 0.215419 0.880485
0 0.515581 0.176233 0.18771 0.217341 0.856618
0 0.514187 0.179987 0.186202 0.218372 0.863716
0 0.514589 0.179444 0.186508 0.215641 0.857875
0 0.518104 0.175971 0.19009 0.222955 0.825895
0 0.516807 0.181995 0.185185 0.213536 0.854169
0 0.516767 0.180151 0.189022 0.217231 0.880357
0 0.518599 0.178663 0.188734 0.21775 0.834002
0 0.514998 0.178224 0.186919 0.213252 0.859194
0 0.515498 0.180644 0.189191 0.218538 0.858818
0 0.518082 0.182722 0.189458 0.218531 0.872362
0 0.517497 0.179629 0.186358 0.216965 0.840834
0 0.517056 0.181925 0.187718 0.217054 0.890783
0 0.516189 0.182595 0.184692 0.214435 0.868297
0 0.51622 0.181021 0.18492 0.216122 0.875252
0 0.518869 0.18153 0.183052 0.208987 0.898755
0 0.517463 0.180755 0.186378 0.21475 0.875223
0 0.516663 0.180108 0.187628 0.218338 0.889285
0 0.517733 0.181285 0.189695 0.216843 0.886503
0 0.516066 0.176554 0.188765 0.217751 0.930631
0 0.516232 0.179762 0.187013 0.213008 0.901184
0 0.515208 0.179163 0.185666 0.216702 0.892153
0 0.5161 0.179227 0.185632 0.217813 0.880369
0 0.517358 0.176711 0.189168 0.217705 0.918238
0 0.517947 0.176906 0.184853 0.213842 0.906571
0 0.514853 0.175431 0.188804 0.216429 0.895132
0 0.516806 0.177016 0.185705 0.214634 0.886685
0 0.51756 0.179903 0.187073 0.214049 0.900311
0 0.516219 0.179068 0.188817 0.216724 0.863016
0 0.517704 0.17871 0.190086 0.217677 0.890536
0 0.516299 0.179169 0.188793 0.217994 0.870726
0 0.515603 0.178624 0.189145 0.217399 0.870738
0 0.51656 0.178197 0.189673 0.217736 0.870899
0 0.51519 0.177778 0.188125 0.214971 0.887955
0 0.514734 0.178663 0.186744 0.213838 0.88534
0 0.517182 0.179009 0.188442 0.216955 0.896629
0 0.517559 0.179688 0.185556 0.213951 0.875647
0 0.516859 0.17862 0.186894 0.215505 0.901608
0 0.516551 0.181803 0.184124 0.212537 0.900862
0 0.517168 0.178974 0.185239 0.213406 0.903038
0 0.515573 0.179284 0.186885 0.216954 0.90206
0 0.517869 0.179195 0.184745 0.211312 0.880484
0 0.516026 0.180412 0.186224 0.215115 0.904314
0 0.516664 0.179617 0.184824 0.211549 0.894884
0 0.51681 0.180338 0.185793 0.213313 0.907503
0 0.516761 0.180398 0.18503 0.212685 0.895367
0 0.517094 0.180238 0.18598 0.213615 0.89897
0 0.516814 0.180323 0.185774 0.213327 0.907287
