0 0.622107 0.557329 0.755786 0.885343 0.616909
0 0.578994 0.477343 0.820178 0.902353 0.631975
0 0.650601 0.548941 0.698798 0.900038 0.604424
0 0.561004 0.472696 0.877992 0.906904 0.669896
0 0.637472 0.541377 0.725056 0.879516 0.632842
0 0.565471 0.477943 0.840341 0.899714 0.610006
0 0.592611 0.493789 0.814779 0.903377 0.653662
0 0.617645 0.592466 0.76471 0.815068 0.615907
0 0.614478 0.482647 0.771044 0.915418 0.67096
0 0.609863 0.480372 0.780274 0.912107 0.712875
0 0.646347 0.578982 0.707305 0.842037 0.656719
0 0.600445 0.557564 0.799109 0.884872 0.682513
0 0.661973 0.627336 0.676053 0.745328 0.602148
0 0.626739 0.496022 0.746522 0.917328 0.61384
0 0.596377 0.48512 0.807246 0.923462 0.657952
0 0.608883 0.486826 0.782235 0.917587 0.732089
0 0.621095 0.491772 0.75781 0.907386 0.696562
0 0.5947 0.443044 0.8106 0.886087 0.629772
0 0.599359 0.495543 0.780345 0.925234 0.603788
0 0.634411 0.492569 0.731177 0.922584 0.623288
0 0.596751 0.499423 0.806499 0.913178 0.697015
0 0.592886 0.496032 0.814228 0.949715 0.708551
0 0.653355 0.495321 0.69329 0.922728 0.61664
0 0.578469 0.493172 0.800992 0.927761 0.749114
0 0.599696 0.509337 0.800608 0.919848 0.649373
0 0.610328 0.501268 0.779344 0.925888 0.714753
0 0.572713 0.490526 0.854575 0.939077 0.738563
0 0.593575 0.483699 0.81285 0.917781 0.692929
0 0.678173 0.54587 0.643655 0.90826 0.623107
0 0.599434 0.492588 0.801133 0.901969 0.694519
0 0.581915 0.493667 0.83617 0.912961 0.668235
0 0.571837 0.486536 0.856325 0.953692 0.736324
0 0.596215 0.496075 0.80757 0.912519 0.751215
0 0.601027 0.486428 0.797946 0.941987 0.737077
0 0.587911 0.490485 0.824178 0.904498 0.735252
0 0.582179 0.492692 0.835643 0.923525 0.741551
0 0.607238 0.50248 0.785525 0.949786 0.746865
0 0.593628 0.488155 0.812744 0.968245 0.727448
0 0.593702 0.495418 0.812596 0.924867 0.743535
0 0.589452 0.479523 0.821097 0.939794 0.774633
0 0.574431 0.483797 0.851137 0.933914 0.794613
0 0.583178 0.485359 0.833645 0.94287 0.799617
0 0.583307 0.49395 0.833385 0.939448 0.756957
0 0.595969 0.491224 0.808062 0.946797 0.759811
0 0.594119 0.502114 0.811763 0.952273 0.754964
0 0.622272 0.49885 0.755456 0.959673 0.779242
0 0.594347 0.51782 0.811306 0.96436 0.805106
0 0.587342 0.51317 0.825315 0.973659 0.79433
0 0.584554 0.516605 0.830892 0.96679 0.828313
0 0.575884 0.513647 0.848231 0.972705 0.83148
0 0.590945 0.515052 0.81811 0.969897 0.829315
0 0.581215 0.508903 0.837571 0.97003 0.817745
0 0.577766 0.512384 0.844468 0.974187 0.824587
0 0.587746 0.515228 0.824507 0.969543 0.82853
0 0.581186 0.508913 0.837627 0.970013 0.81796
