0 0.406991 0.298482 0.354514 0.390569 0.854415
0 0.406918 0.330438 0.400219 0.450586 0.628161
0 0.415753 0.326649 0.391824 0.455163 0.661466
0 0.425203 0.309931 0.404116 0.457093 0.781444
0 0.418214 0.32411 0.37175 0.42365 0.723276
0 0.421571 0.320455 0.373608 0.439476 0.717529
0 0.427777 0.32926 0.42474 0.478313 0.81182
0 0.41847 0.317222 0.378469 0.437267 0.740434
0 0.425535 0.323815 0.346844 0.417954 0.73715
0 0.433017 0.325145 0.401456 0.437612 0.853565
0 0.443145 0.327238 0.349396 0.412995 0.795321
0 0.420892 0.332731 0.364648 0.421995 0.643341
0 0.428932 0.308586 0.377016 0.45361 0.774106
0 0.430622 0.31296 0.394974 0.466108 0.702933
0 0.428704 0.324666 0.356924 0.40924 0.727702
0 0.417471 0.32431 0.368573 0.427015 0.68269
0 0.424961 0.323799 0.366117 0.43507 0.781277
0 0.43101 0.325986 0.358212 0.430047 0.642987
0 0.42937 0.320893 0.356883 0.41619 0.731271
0 0.417242 0.318152 0.387959 0.427163 0.722806
0 0.420205 0.32074 0.369615 0.442783 0.733668
0 0.427834 0.323083 0.345958 0.405529 0.670983
0 0.420454 0.325805 0.386221 0.450776 0.757051
0 0.416256 0.320735 0.370541 0.434406 0.774115
0 0.424096 0.322149 0.360984 0.421775 0.828475
0 0.425029 0.31362 0.388853 0.447297 0.737316
0 0.428112 0.317391 0.376675 0.457131 0.844623
0 0.433977 0.326103 0.372173 0.433733 0.788733
0 0.420645 0.320209 0.364193 0.445422 0.703421
0 0.421345 0.324239 0.366907 0.444703 0.753095
0 0.426577 0.324559 0.39065 0.444172 0.761118
0 0.423675 0.316659 0.387035 0.450861 0.785694
0 0.427108 0.328203 0.35985 0.426001 0.74816
0 0.42573 0.320212 0.381921 0.453947 0.771569
0 0.425151 0.321146 0.396616 0.440882 0.758898
0 0.42742 0.317354 0.401564 0.455799 0.811417
0 0.420697 0.323067 0.385128 0.444768 0.813995
0 0.434251 0.313491 0.390533 0.458634 0.792109
0 0.425044 0.317392 0.385139 0.4525 0.834219
0 0.422765 0.322618 0.37476 0.442901 0.823297
0 0.412798 0.324885 0.392149 0.439738 0.766584
0 0.430176 0.320866 0.373682 0.43202 0.796913
0 0.415057 0.322033 0.382698 0.444801 0.779582
0 0.405872 0.308636 0.375042 0.448997 0.654378
0 0.427245 0.319471 0.380947 0.442227 0.800208
0 0.419333 0.313499 0.387876 0.440304 0.834542
0 0.418378 0.317729 0.385862 0.44915 0.827622
0 0.400873 0.31183 0.35789 0.455722 0.836721
0 0.389752 0.311708 0.307228 0.457722 0.776071
0 0.428975 0.316669 0.384213 0.444453 0.83636
0 0.423291 0.319002 0.385035 0.445516 0.821011
0 0.424148 0.320989 0.375291 0.436241 0.818267
0 0.427459 0.322366 0.362846 0.425002 0.798227
0 0.409263 0.318408 0.369458 0.450493 0.785949
0 0.412168 0.316283 0.340297 0.445285 0.766945
0 0.420343 0.324228 0.380329 0.436614 0.807709
0 0.42137 0.3151 0.376679 0.443128 0.815364
0 0.423577 0.317145 0.37331 0.436255 0.794088
0 0.421261 0.32078 0.388648 0.443669 0.834371
0 0.420119 0.321482 0.372479 0.428145 0.799314
0 0.406693 0.314998 0.349214 0.444978 0.776938
0 0.42009 0.317275 0.382965 0.449135 0.83782
0 0.424607 0.326582 0.375628 0.433447 0.835589
0 0.421658 0.31431 0.380012 0.44798 0.814869
0 0.429286 0.321339 0.368466 0.439201 0.808097
0 0.425578 0.317443 0.386448 0.445823 0.804867
0 0.419508 0.316682 0.398719 0.45337 0.823175
0 0.418123 0.319476 0.388848 0.443602 0.818712
0 0.423929 0.319821 0.379882 0.443658 0.830392
0 0.4223 0.317447 0.377861 0.441938 0.830503
0 0.419663 0.32257 0.375619 0.435268 0.82719
0 0.426851 0.324295 0.378978 0.440938 0.835581
0 0.425695 0.323099 0.380533 0.445566 0.838686
0 0.424729 0.323575 0.3803 0.44542 0.836856
0 0.425156 0.323084 0.38212 0.44869 0.844939
0 0.426081 0.323311 0.383959 0.447354 0.832012
0 0.423401 0.321645 0.388213 0.450723 0.853793
0 0.425163 0.323218 0.383039 0.446597 0.843519
0 0.422743 0.321973 0.387164 0.449292 0.855718
0 0.425678 0.322519 0.384934 0.447977 0.858308
0 0.423496 0.321756 0.386 0.447997 0.849835
0 0.422728 0.321961 0.387187 0.449292 0.855956
