0 0.462309 0.287493 0.371014 0.392521 0.682199
0 0.441697 0.298763 0.29595 0.37153 0.657279
0 0.439592 0.270364 0.378913 0.398296 0.632123
0 0.460688 0.321209 0.368039 0.422765 0.734773
0 0.469847 0.328615 0.279733 0.33889 0.637419
0 0.469403 0.316857 0.338038 0.40255 0.700836
0 0.481976 0.332318 0.336912 0.404677 0.672635
0 0.467774 0.320342 0.302329 0.349782 0.667912
0 0.464579 0.328038 0.333492 0.404549 0.660967
0 0.459624 0.328811 0.329005 0.388559 0.72437
0 0.472848 0.319225 0.304414 0.35125 0.642986
0 0.474124 0.321955 0.325286 0.379088 0.644
0 0.469085 0.322472 0.31655 0.383758 0.667137
0 0.477431 0.317439 0.297741 0.359253 0.70834
0 0.467544 0.324483 0.294035 0.346226 0.74452
0 0.477887 0.32752 0.304127 0.36842 0.698525
0 0.475777 0.317499 0.306909 0.367983 0.637879
0 0.471259 0.319533 0.289535 0.342894 0.763816
0 0.476507 0.317538 0.258947 0.319563 0.678835
0 0.47607 0.311582 0.331889 0.367236 0.720343
0 0.479343 0.314515 0.29893 0.356533 0.779146
0 0.481695 0.326822 0.286771 0.344733 0.730356
0 0.483274 0.308687 0.314554 0.377409 0.680435
0 0.475142 0.320867 0.298485 0.352633 0.795288
0 0.475651 0.321889 0.298571 0.359832 0.794065
0 0.486341 0.312671 0.299939 0.362509 0.695226
0 0.472529 0.312885 0.306526 0.363344 0.768619
0 0.472871 0.320176 0.300029 0.353063 0.788476
0 0.481943 0.322635 0.292414 0.340365 0.781356
0 0.473639 0.309103 0.314568 0.367325 0.692004
0 0.47769 0.320293 0.320223 0.376319 0.682827
0 0.480902 0.313849 0.31328 0.369192 0.731869
0 0.478208 0.316212 0.291273 0.350974 0.63946
0 0.475793 0.317742 0.314511 0.369696 0.798496
0 0.471045 0.322126 0.306815 0.365381 0.727318
0 0.470931 0.319829 0.300953 0.354635 0.787399
0 0.476776 0.321082 0.302762 0.363108 0.769417
0 0.46911 0.322693 0.319817 0.371498 0.779006
0 0.480759 0.312738 0.301649 0.360173 0.738763
0 0.479028 0.318112 0.314178 0.370705 0.625956
0 0.473719 0.320114 0.299739 0.346938 0.732904
0 0.478438 0.317685 0.304377 0.355061 0.800603
0 0.475853 0.316699 0.310873 0.363534 0.755688
0 0.474784 0.314753 0.314608 0.371674 0.798849
0 0.474073 0.313975 0.305951 0.369877 0.738223
0 0.475585 0.320433 0.308943 0.359352 0.80402
0 0.473407 0.324849 0.302094 0.35218 0.810651
0 0.475403 0.321142 0.303864 0.359147 0.810005
0 0.471747 0.320091 0.305215 0.360907 0.817907
0 0.471141 0.319468 0.30636 0.359597 0.806112
0 0.472305 0.317835 0.310999 0.363389 0.809243
0 0.470479 0.32195 0.30706 0.356207 0.825554
0 0.473891 0.320055 0.303792 0.355889 0.827936
0 0.4745 0.322288 0.30034 0.352285 0.839624
0 0.474375 0.322931 0.296801 0.348349 0.803545
0 0.47424 0.32173 0.299185 0.348562 0.816161
0 0.474973 0.323033 0.291841 0.343984 0.806906
0 0.470405 0.325968 0.289744 0.346365 0.792845
0 0.470865 0.325337 0.286244 0.340815 0.801074
0 0.474404 0.321926 0.296162 0.351635 0.775318
0 0.470263 0.3237 0.298803 0.348722 0.797666
0 0.472219 0.322383 0.300503 0.355308 0.795629
0 0.470384 0.323017 0.301769 0.352945 0.805682
0 0.471588 0.323119 0.300677 0.352081 0.813946
0 0.470379 0.323003 0.2987 0.349728 0.806139
0 0.470377 0.323001 0.301789 0.35292 0.805942
