0 0.52812 0.405925 0.184819 0.207203 0.718069
0 0.495997 0.333899 0.434802 0.457269 0.754578
0 0.461807 0.337042 0.531658 0.620279 0.725736
0 0.442799 0.359763 0.541931 0.602502 0.669095
0 0.460748 0.353821 0.497074 0.62115 0.751692
0 0.438098 0.369281 0.571982 0.628109 0.796656
0 0.428978 0.353435 0.528788 0.658485 0.638766
0 0.435907 0.363816 0.46756 0.59317 0.690918
0 0.419282 0.370599 0.509842 0.603905 0.706766
0 0.305923 0.336467 0.246729 0.283346 0.632779
0 0.446428 0.370047 0.484922 0.608788 0.698058
0 0.297586 0.342841 0.232204 0.270791 0.686312
0 0.43493 0.367319 0.482086 0.588554 0.662985
0 0.433126 0.378143 0.476805 0.580168 0.613095
0 0.438845 0.367442 0.5137 0.568484 0.729234
0 0.309923 0.338046 0.226782 0.259351 0.678033
0 0.426994 0.382601 0.490505 0.608264 0.615212
0 0.42462 0.370028 0.524868 0.63113 0.724657
0 0.443213 0.360646 0.482049 0.603543 0.653384
0 0.447394 0.378112 0.527955 0.607327 0.733435
0 0.411293 0.377779 0.488405 0.561632 0.669876
0 0.449459 0.372897 0.488109 0.588846 0.723594
0 0.313376 0.335621 0.223453 0.257036 0.673841
0 0.429723 0.378995 0.499267 0.601315 0.660811
0 0.310663 0.337003 0.222253 0.253509 0.654228
0 0.441123 0.367597 0.505819 0.607714 0.683397
0 0.4215 0.360648 0.532637 0.640565 0.705461
0 0.441831 0.363598 0.473508 0.56511 0.789125
0 0.443932 0.363966 0.497 0.594208 0.661826
0 0.401851 0.377124 0.479052 0.590444 0.765089
0 0.457458 0.360018 0.488316 0.579226 0.724888
0 0.416749 0.381722 0.485247 0.605604 0.61061
0 0.432002 0.368167 0.518328 0.631049 0.731055
0 0.441556 0.369727 0.505674 0.612867 0.72862
0 0.443091 0.357705 0.505933 0.611813 0.752157
0 0.429038 0.369982 0.476446 0.608917 0.702999
0 0.305939 0.345571 0.205788 0.23713 0.657723
0 0.43879 0.373149 0.493899 0.59472 0.750686
0 0.434584 0.37565 0.527274 0.621815 0.748005
0 0.425212 0.388013 0.512332 0.611826 0.783981
0 0.430385 0.36998 0.499099 0.60432 0.809447
0 0.435805 0.365368 0.4864 0.588522 0.737121
0 0.439397 0.353661 0.480717 0.598684 0.782095
0 0.426664 0.366294 0.500237 0.6132 0.79313
0 0.421123 0.37072 0.477207 0.582745 0.735439
0 0.441767 0.36486 0.507263 0.599302 0.772838
0 0.43136 0.352292 0.522262 0.615764 0.756732
0 0.42489 0.358486 0.47167 0.586681 0.767334
0 0.444365 0.357005 0.481603 0.591361 0.769837
0 0.428119 0.3624 0.495977 0.604108 0.813701
0 0.4346 0.364273 0.494068 0.593835 0.804295
0 0.437392 0.354688 0.499642 0.594957 0.823659
0 0.308758 0.338303 0.226091 0.26146 0.622783
0 0.434644 0.361874 0.490545 0.599188 0.78284
0 0.4322 0.356447 0.492405 0.593278 0.775558
0 0.4268 0.364019 0.479029 0.574727 0.779594
0 0.420012 0.36049 0.481528 0.592912 0.813361
0 0.431453 0.372338 0.468805 0.580484 0.762296
0 0.44221 0.357298 0.500748 0.599889 0.784319
0 0.2982 0.339905 0.210388 0.246292 0.710685
0 0.418524 0.376741 0.480387 0.626947 0.741608
0 0.434138 0.371252 0.51414 0.60039 0.769098
0 0.426196 0.358877 0.506596 0.596937 0.750331
0 0.420906 0.363384 0.494056 0.585041 0.775463
0 0.420671 0.372544 0.519442 0.606368 0.783256
0 0.432008 0.355156 0.493737 0.599892 0.776152
0 0.430598 0.357476 0.512435 0.600958 0.759993
0 0.439329 0.361848 0.496115 0.581748 0.807543
0 0.436475 0.364093 0.494147 0.592004 0.816591
0 0.432297 0.357739 0.509679 0.612008 0.804377
0 0.439392 0.359716 0.515206 0.610518 0.798735
0 0.43326 0.356514 0.522638 0.615626 0.788697
0 0.434405 0.362534 0.519894 0.611403 0.823241
0 0.423978 0.375601 0.525794 0.606314 0.799617
0 0.430374 0.357233 0.51437 0.604087 0.798717
0 0.427018 0.36271 0.513421 0.596304 0.795965
0 0.423257 0.376583 0.514483 0.596463 0.796351
0 0.428733 0.356928 0.51848 0.607308 0.810337
0 0.430449 0.361875 0.513 0.608758 0.836947
0 0.43152 0.358297 0.525258 0.612539 0.815106
0 0.418692 0.374195 0.512743 0.60705 0.813759
0 0.418991 0.366387 0.509994 0.595345 0.801233
0 0.415578 0.368206 0.510369 0.597123 0.824386
0 0.414956 0.371982 0.510905 0.600343 0.818161
0 0.414784 0.367462 0.506836 0.594953 0.831859
0 0.418597 0.370374 0.512076 0.603311 0.834451
0 0.417449 0.367098 0.510833 0.599689 0.825595
0 0.414756 0.367446 0.506796 0.594915 0.83201
