0 0.20157 0.221992 0.196831 0.253033 0.993058
0 0.454866 0.175067 0.232042 0.286733 0.848092
0 0.642421 0.480913 0.227388 0.27781 0.769272
0 0.395259 0.383512 0.19854 0.215616 0.737521
0 0.209662 0.189979 0.1768 0.199291 0.695475
0 0.385861 0.424099 0.312543 0.358303 0.780319
0 0.21422 0.218484 0.208037 0.243705 0.613499
0 0.39129 0.421545 0.322714 0.369029 0.636147
0 0.393189 0.424424 0.30458 0.38783 0.731313
0 0.218122 0.212528 0.214168 0.251922 0.701353
0 0.398462 0.426154 0.2728 0.343462 0.654583
0 0.213682 0.209908 0.192489 0.22858 0.611989
0 0.211963 0.208098 0.193202 0.230332 0.700276
0 0.20839 0.201556 0.211751 0.240269 0.705441
0 0.221538 0.206401 0.210964 0.241016 0.679187
0 0.211239 0.202876 0.222337 0.247273 0.662652
0 0.21134 0.201013 0.209526 0.246992 0.618963
0 0.214441 0.204853 0.211568 0.238732 0.704523
0 0.208739 0.205161 0.205106 0.237315 0.796094
0 0.411792 0.430706 0.24269 0.296291 0.704246
0 0.210879 0.200146 0.210729 0.240759 0.759118
0 0.400503 0.43134 0.243496 0.287299 0.609088
0 0.216786 0.204645 0.221127 0.2461 0.816123
0 0.673426 0.482283 0.243668 0.271979 0.702011
0 0.402559 0.422558 0.245083 0.302637 0.697815
0 0.393601 0.415894 0.312135 0.350638 0.650853
0 0.207556 0.20724 0.206731 0.242391 0.657696
0 0.215723 0.199001 0.215386 0.251778 0.704128
0 0.390656 0.409987 0.321526 0.351815 0.650155
0 0.213631 0.201633 0.207763 0.247643 0.742994
0 0.215629 0.202229 0.205461 0.240313 0.744804
0 0.4052 0.448628 0.224353 0.243417 0.645581
0 0.404988 0.439096 0.24724 0.297368 0.680485
0 0.21733 0.200169 0.20996 0.247843 0.679564
0 0.209638 0.195315 0.214758 0.243422 0.769841
0 0.666272 0.480302 0.242233 0.266725 0.750597
0 0.393327 0.415317 0.313205 0.355822 0.722116
0 0.401361 0.43413 0.242183 0.261501 0.678517
0 0.403 0.421689 0.244914 0.304503 0.847765
0 0.218347 0.196771 0.203024 0.239172 0.807971
0 0.212924 0.198633 0.221875 0.249758 0.787296
0 0.407544 0.413163 0.362263 0.355947 0.696981
0 0.208426 0.20077 0.207572 0.240101 0.784628
0 0.404512 0.442608 0.226763 0.254646 0.673862
0 0.672603 0.507086 0.217026 0.23506 0.606426
0 0.213782 0.199986 0.209677 0.2457 0.652259
0 0.214881 0.201853 0.19869 0.232862 0.645718
0 0.406541 0.435572 0.233241 0.264661 0.605009
0 0.214161 0.19783 0.206398 0.239023 0.724569
0 0.411848 0.42098 0.281771 0.325391 0.625638
0 0.215469 0.196512 0.217616 0.249124 0.769764
0 0.407561 0.417577 0.276554 0.3275 0.704318
0 0.21275 0.200112 0.211883 0.249438 0.749499
0 0.408878 0.427868 0.24676 0.2941 0.667869
0 0.216534 0.19948 0.210245 0.243938 0.724242
0 0.40411 0.440064 0.2318 0.263272 0.701066
0 0.21083 0.199586 0.213026 0.250033 0.696541
0 0.389269 0.416332 0.311087 0.350402 0.637243
0 0.213731 0.196251 0.213984 0.244948 0.701275
0 0.410729 0.425631 0.266733 0.318637 0.651082
0 0.408898 0.428782 0.240997 0.280319 0.698617
0 0.405556 0.412914 0.301743 0.335192 0.640414
0 0.220194 0.198775 0.214428 0.249928 0.626784
0 0.210805 0.199349 0.203672 0.238316 0.710806
0 0.211349 0.195806 0.208351 0.242679 0.775472
0 0.406279 0.432178 0.231535 0.26962 0.622042
0 0.213542 0.19763 0.210441 0.24283 0.726632
0 0.408217 0.435769 0.232872 0.264289 0.684656
0 0.21324 0.196923 0.209999 0.24469 0.739092
0 0.407067 0.433641 0.233969 0.276486 0.659238
0 0.209826 0.195609 0.20573 0.241661 0.774064
0 0.403762 0.430437 0.228807 0.275339 0.747686
0 0.658687 0.4817 0.227162 0.266449 0.700059
0 0.210415 0.199676 0.206358 0.241 0.748563
0 0.402139 0.433386 0.230763 0.277104 0.734083
0 0.669673 0.474367 0.244862 0.30233 0.654054
0 0.211959 0.198229 0.210554 0.244933 0.727691
0 0.409185 0.428667 0.258804 0.313001 0.685779
0 0.665363 0.472371 0.257978 0.305941 0.680931
0 0.664428 0.499053 0.219616 0.237472 0.621174
0 0.409613 0.449507 0.21553 0.239663 0.731798
0 0.21134 0.193632 0.199042 0.236603 0.721042
0 0.667708 0.493626 0.22281 0.249342 0.65438
0 0.210342 0.192311 0.203244 0.2347 0.69499
0 0.406612 0.440665 0.225846 0.249028 0.693676
0 0.40376 0.440877 0.227108 0.257757 0.785937
0 0.208546 0.1951 0.205466 0.241217 0.698856
0 0.209954 0.200152 0.193195 0.229868 0.740669
0 0.405192 0.443808 0.225664 0.255303 0.727372
0 0.210845 0.196396 0.208186 0.239217 0.722728
0 0.408712 0.441703 0.232007 0.261965 0.65119
0 0.40881 0.442929 0.229926 0.253071 0.718631
0 0.672322 0.485052 0.238726 0.276366 0.718573
0 0.213093 0.199107 0.20665 0.239938 0.707207
0 0.404491 0.434164 0.240534 0.277644 0.709474
0 0.667744 0.476681 0.235012 0.277487 0.69625
0 0.214099 0.19728 0.210988 0.249809 0.677852
0 0.40233 0.429405 0.236999 0.290293 0.760431
0 0.214152 0.198585 0.205995 0.242542 0.698096
0 0.401674 0.430709 0.2627 0.313612 0.741775
0 0.665113 0.482116 0.231098 0.26959 0.730139
0 0.211507 0.196366 0.208459 0.240045 0.691648
0 0.404408 0.428883 0.260381 0.308241 0.767032
0 0.21072 0.19814 0.206813 0.242969 0.72066
0 0.208666 0.201912 0.200913 0.238539 0.727956
0 0.403491 0.441939 0.231216 0.261747 0.723325
0 0.66369 0.486747 0.228706 0.265126 0.665856
0 0.406862 0.442673 0.227269 0.255901 0.748288
0 0.2138 0.196051 0.207358 0.240811 0.732848
0 0.66915 0.482052 0.235798 0.272235 0.660829
0 0.409608 0.431543 0.255734 0.303468 0.735829
0 0.666543 0.479041 0.243704 0.280047 0.691319
0 0.409048 0.443194 0.21488 0.25023 0.688888
0 0.212837 0.194991 0.2138 0.250115 0.652381
0 0.209576 0.199198 0.203122 0.238744 0.702734
0 0.407494 0.44806 0.203197 0.23665 0.700962
0 0.408975 0.437828 0.244762 0.286671 0.695985
0 0.670956 0.494519 0.2148 0.242859 0.643972
0 0.406871 0.445463 0.211635 0.243231 0.745125
0 0.210699 0.200401 0.208862 0.243262 0.725682
0 0.211519 0.199681 0.214734 0.250669 0.697899
0 0.407599 0.438875 0.208982 0.246525 0.680144
0 0.407018 0.421033 0.25767 0.319006 0.746163
0 0.209614 0.198655 0.213473 0.249034 0.719879
0 0.40683 0.441311 0.209306 0.241777 0.606917
0 0.404492 0.438931 0.243231 0.289462 0.762439
0 0.208439 0.202206 0.206818 0.248456 0.631889
0 0.406331 0.440221 0.245138 0.284918 0.740845
0 0.211349 0.197609 0.208042 0.247098 0.729441
0 0.405973 0.432232 0.247833 0.295147 0.698568
0 0.210531 0.193689 0.210549 0.243569 0.667767
0 0.404639 0.445063 0.208577 0.242315 0.725316
0 0.208693 0.198513 0.206572 0.2402 0.711245
0 0.670868 0.479859 0.232958 0.272368 0.688274
0 0.405461 0.440168 0.223679 0.259447 0.774209
0 0.208796 0.197265 0.202774 0.238258 0.728738
0 0.666181 0.48021 0.231422 0.272154 0.705842
0 0.405123 0.441406 0.222206 0.263298 0.756887
0 0.210244 0.196153 0.204485 0.237935 0.721737
0 0.66673 0.478656 0.225099 0.268781 0.612338
0 0.408243 0.43584 0.236732 0.282658 0.732631
0 0.210847 0.197835 0.203036 0.236999 0.723273
0 0.407011 0.441726 0.215441 0.25327 0.73484
0 0.211673 0.198845 0.203877 0.239706 0.681991
0 0.21272 0.198045 0.2072 0.243194 0.777527
0 0.405715 0.439647 0.227998 0.259524 0.755816
0 0.667522 0.491257 0.207758 0.243963 0.623937
0 0.40597 0.431322 0.249977 0.302115 0.741664
0 0.211841 0.197774 0.206908 0.241625 0.680694
0 0.405866 0.445126 0.209939 0.239938 0.635127
0 0.667081 0.481061 0.230756 0.27052 0.619584
0 0.406309 0.442472 0.210918 0.241507 0.764476
0 0.210051 0.196086 0.20693 0.241143 0.717985
0 0.675515 0.490851 0.210032 0.240163 0.645794
0 0.210728 0.198817 0.205007 0.240175 0.728801
0 0.405202 0.440504 0.218365 0.251813 0.722153
0 0.668049 0.495358 0.206194 0.237442 0.607955
0 0.403512 0.435562 0.251255 0.296552 0.721778
0 0.210834 0.199522 0.204071 0.236553 0.675415
0 0.673891 0.478475 0.241532 0.282941 0.64725
0 0.405695 0.441547 0.216882 0.244069 0.725259
0 0.211297 0.196131 0.204747 0.235693 0.627202
0 0.409095 0.441285 0.212843 0.245412 0.784701
0 0.212649 0.196727 0.203975 0.235379 0.762141
0 0.669043 0.491495 0.2083 0.241133 0.720189
0 0.40999 0.443088 0.209339 0.242391 0.777753
0 0.210275 0.198025 0.204347 0.237153 0.73611
0 0.67215 0.479659 0.229883 0.273567 0.702515
0 0.40439 0.441308 0.218342 0.246432 0.739482
0 0.209458 0.197666 0.205759 0.237592 0.735149
0 0.663909 0.486295 0.219544 0.250368 0.682573
0 0.41091 0.440689 0.213149 0.246413 0.771206
0 0.672915 0.483228 0.226336 0.26248 0.728279
0 0.210936 0.198156 0.199434 0.232142 0.701608
0 0.407146 0.44029 0.218639 0.249679 0.789321
0 0.211133 0.198135 0.209727 0.241984 0.721595
0 0.669625 0.489864 0.212123 0.240306 0.651021
0 0.405082 0.440125 0.219941 0.252811 0.777978
0 0.209703 0.198505 0.207535 0.237554 0.742149
0 0.670123 0.486121 0.226443 0.256758 0.639652
0 0.406609 0.438149 0.224023 0.25942 0.741071
0 0.21169 0.199099 0.211391 0.245665 0.735827
0 0.670521 0.487244 0.221082 0.254422 0.698191
0 0.405839 0.431218 0.247431 0.295918 0.775117
0 0.211465 0.199262 0.207855 0.243545 0.749316
0 0.669102 0.48368 0.227088 0.260752 0.6997
0 0.213259 0.201135 0.206933 0.24077 0.751771
0 0.407311 0.431228 0.24886 0.293915 0.699734
0 0.673456 0.481675 0.231462 0.265493 0.677977
0 0.211107 0.198478 0.206945 0.24198 0.684097
0 0.406647 0.433196 0.247884 0.290258 0.678886
0 0.669806 0.49218 0.211918 0.239992 0.616678
0 0.208308 0.197891 0.205035 0.23601 0.753156
0 0.407153 0.432377 0.246679 0.29053 0.736726
0 0.669797 0.484984 0.223069 0.254005 0.634707
0 0.406149 0.441155 0.211796 0.245106 0.762459
0 0.209449 0.198542 0.204413 0.237328 0.742352
0 0.665964 0.491433 0.216932 0.246036 0.692465
0 0.407103 0.440919 0.218724 0.250978 0.749466
0 0.210828 0.200373 0.212321 0.245712 0.7186
0 0.665862 0.489234 0.222508 0.254169 0.665706
0 0.40527 0.436783 0.247485 0.292272 0.73202
0 0.21111 0.199873 0.209747 0.243368 0.702538
0 0.672147 0.484678 0.230318 0.26549 0.666447
0 0.405873 0.434337 0.245916 0.290441 0.791222
0 0.209949 0.198564 0.211087 0.245104 0.726251
0 0.672435 0.491673 0.211714 0.241242 0.645815
0 0.408576 0.442472 0.213456 0.246168 0.763611
0 0.66959 0.49212 0.211363 0.24223 0.692683
0 0.206975 0.198558 0.209842 0.238608 0.669001
0 0.40584 0.436413 0.239184 0.284655 0.752607
0 0.210332 0.198126 0.208624 0.24162 0.691955
0 0.410281 0.440241 0.216625 0.249043 0.779696
0 0.210978 0.198066 0.210913 0.243888 0.734298
0 0.669162 0.491316 0.206379 0.236553 0.610838
0 0.410881 0.439826 0.215873 0.248887 0.746039
0 0.212479 0.196776 0.211724 0.244714 0.623101
0 0.409497 0.442921 0.214008 0.24453 0.806214
0 0.208259 0.198333 0.21151 0.238996 0.664364
0 0.670929 0.492527 0.207184 0.236428 0.631409
0 0.408359 0.441053 0.215022 0.24727 0.783028
0 0.670542 0.488795 0.212685 0.245205 0.675887
0 0.211156 0.196852 0.209418 0.242349 0.664136
0 0.409378 0.441204 0.21519 0.247885 0.804542
0 0.210657 0.197161 0.210759 0.23897 0.685466
0 0.669185 0.490794 0.209033 0.239697 0.661961
0 0.408531 0.441767 0.213837 0.246653 0.7936
0 0.210353 0.197994 0.209676 0.238045 0.633515
0 0.409026 0.441398 0.214742 0.247603 0.794045
0 0.210418 0.197854 0.210922 0.2393 0.644013
0 0.669973 0.491079 0.208197 0.238474 0.621083
0 0.409383 0.441206 0.215164 0.247853 0.80417
0 0.210655 0.197151 0.210712 0.238922 0.685077
0 0.669171 0.490793 0.208982 0.23965 0.661459
