0 0.429292 0.159037 0.2407 0.292433 0.947876
0 0.438463 0.174357 0.37872 0.348714 0.829135
0 0.522563 0.189515 0.185738 0.197938 0.794926
0 0.543647 0.142084 0.26713 0.284168 0.684201
0 0.497492 0.186304 0.413223 0.372609 0.616192
0 0.521493 0.16036 0.32814 0.32072 0.637397
0 0.51664 0.16115 0.298343 0.3223 0.709891
0 0.556312 0.170195 0.340447 0.331529 0.680773
0 0.55819 0.182254 0.42143 0.364507 0.636714
0 0.547321 0.186834 0.362992 0.373667 0.659497
0 0.525884 0.166121 0.319298 0.320513 0.700552
0 0.550609 0.173771 0.377379 0.347543 0.756133
0 0.524384 0.172103 0.342149 0.344206 0.796977
0 0.538485 0.174161 0.340927 0.348321 0.779592
0 0.521759 0.166958 0.313816 0.333916 0.831778
0 0.559741 0.187951 0.395735 0.375902 0.734371
0 0.525166 0.175643 0.329525 0.351285 0.806715
0 0.542827 0.173995 0.331145 0.347989 0.789514
0 0.552328 0.182395 0.370501 0.352036 0.866768
0 0.542826 0.168015 0.337383 0.33603 0.825178
0 0.550238 0.175616 0.350268 0.348372 0.758735
0 0.53497 0.171274 0.323472 0.342548 0.82693
0 0.545463 0.177474 0.343263 0.354947 0.741349
0 0.543207 0.169638 0.349219 0.339277 0.732566
0 0.535445 0.174414 0.345 0.348829 0.718402
0 0.52695 0.178494 0.329322 0.356988 0.819706
0 0.529058 0.176935 0.330327 0.353871 0.714088
0 0.531771 0.177485 0.311557 0.35497 0.694222
0 0.54098 0.173817 0.347302 0.347635 0.767631
0 0.536027 0.17271 0.333048 0.345419 0.802892
0 0.5464 0.183632 0.359238 0.367264 0.736397
0 0.534947 0.169066 0.320948 0.338132 0.739468
0 0.54108 0.17535 0.325675 0.350701 0.811302
0 0.528673 0.179739 0.333366 0.359479 0.815262
0 0.541251 0.180829 0.335906 0.361657 0.831461
0 0.532801 0.173729 0.329433 0.342377 0.782589
0 0.535049 0.178941 0.328622 0.357881 0.858868
0 0.543784 0.176068 0.343311 0.352137 0.833391
0 0.537469 0.169476 0.302186 0.338952 0.829381
0 0.535209 0.179223 0.32582 0.358446 0.801289
0 0.535975 0.171636 0.310555 0.343272 0.830119
0 0.541095 0.172312 0.325004 0.344624 0.827538
0 0.542621 0.172799 0.32285 0.345597 0.78922
0 0.533558 0.174594 0.323996 0.340223 0.834664
0 0.542632 0.180014 0.350516 0.360028 0.806537
0 0.544749 0.177007 0.336626 0.354015 0.764524
0 0.538232 0.181628 0.321874 0.363255 0.75673
0 0.528691 0.177107 0.341908 0.354215 0.792738
0 0.539133 0.177532 0.33413 0.355063 0.843794
0 0.541076 0.180491 0.331567 0.360981 0.870201
0 0.537057 0.1768 0.322891 0.3536 0.80689
0 0.540648 0.172893 0.322802 0.345787 0.835964
0 0.534358 0.172421 0.317656 0.344843 0.772646
0 0.531629 0.174303 0.317072 0.348606 0.809149
0 0.540351 0.182037 0.330175 0.364073 0.835429
0 0.536726 0.175568 0.325526 0.351136 0.851312
0 0.53571 0.179189 0.329769 0.358377 0.826926
0 0.532844 0.174856 0.31747 0.349712 0.856566
0 0.528235 0.178742 0.298139 0.34558 0.82187
0 0.538787 0.175859 0.327925 0.348948 0.850553
0 0.534937 0.179883 0.328479 0.359766 0.847047
0 0.535841 0.180862 0.316206 0.355107 0.847594
0 0.534048 0.175524 0.313395 0.340519 0.844563
0 0.529973 0.172604 0.321912 0.345209 0.866133
0 0.538144 0.173322 0.321337 0.346644 0.861275
0 0.536117 0.178219 0.326479 0.353323 0.853177
0 0.536135 0.176069 0.322108 0.349664 0.882528
0 0.533362 0.175962 0.322196 0.349718 0.860257
0 0.534626 0.177426 0.32414 0.35398 0.843241
0 0.537771 0.179714 0.335127 0.359428 0.842907
0 0.539201 0.185506 0.333101 0.367418 0.802488
0 0.537724 0.181102 0.327724 0.361947 0.864222
0 0.535837 0.182355 0.328903 0.360517 0.858224
0 0.529997 0.178018 0.32346 0.353334 0.841623
0 0.533745 0.180986 0.321453 0.353833 0.852008
0 0.535475 0.178283 0.323948 0.356567 0.846581
0 0.535491 0.180786 0.327295 0.359536 0.857507
0 0.53513 0.177372 0.32812 0.354745 0.847969
0 0.536885 0.18189 0.329888 0.359782 0.852946
0 0.535555 0.178995 0.32777 0.355682 0.87329
0 0.535159 0.181936 0.328767 0.358355 0.856393
0 0.535566 0.183209 0.325984 0.353828 0.846545
0 0.536114 0.180853 0.32693 0.35819 0.859346
0 0.533615 0.18105 0.33003 0.359754 0.8744
0 0.537088 0.18284 0.332001 0.363883 0.87467
0 0.536506 0.180946 0.329175 0.36088 0.859995
0 0.537292 0.182927 0.332517 0.361625 0.874222
0 0.534943 0.182208 0.328011 0.359932 0.86883
0 0.534447 0.181947 0.331146 0.360896 0.874312
0 0.536365 0.182738 0.329232 0.361134 0.878902
0 0.536285 0.182311 0.329967 0.360244 0.87121
0 0.534444 0.181948 0.33114 0.360896 0.874448
