0 0.493593 0.360254 0.386535 0.401348 0.955146
0 0.497689 0.290522 0.382439 0.399944 0.77035
0 0.541797 0.280374 0.276704 0.312675 0.674504
0 0.484958 0.296943 0.254155 0.286917 0.811659
0 0.461464 0.36272 0.413539 0.450745 0.765827
0 0.469339 0.360784 0.315012 0.384751 0.693134
0 0.504546 0.367129 0.410678 0.493927 0.702704
0 0.496683 0.395968 0.409674 0.513891 0.703425
0 0.524007 0.367613 0.479299 0.513658 0.816192
0 0.516311 0.391566 0.439029 0.542723 0.683018
0 0.51739 0.395235 0.496223 0.600498 0.782097
0 0.516944 0.397014 0.551774 0.59762 0.793422
0 0.492416 0.419167 0.498744 0.593487 0.658247
0 0.530739 0.40876 0.47389 0.567218 0.790451
0 0.499631 0.387814 0.498591 0.608948 0.740801
0 0.487555 0.393848 0.481073 0.568481 0.889482
0 0.514136 0.383445 0.488636 0.573451 0.712615
0 0.521096 0.384164 0.499737 0.594148 0.67056
0 0.524453 0.391187 0.523404 0.549008 0.680445
0 0.533927 0.385282 0.539808 0.583039 0.765511
0 0.519935 0.39546 0.471415 0.574763 0.789384
0 0.521588 0.401481 0.426242 0.525783 0.827364
0 0.527993 0.385427 0.510747 0.598425 0.738101
0 0.524912 0.390431 0.496598 0.568172 0.750955
0 0.515957 0.393204 0.465141 0.552419 0.886272
0 0.509673 0.389143 0.499815 0.575692 0.785799
0 0.513021 0.387292 0.462975 0.57048 0.887161
0 0.501924 0.383379 0.543093 0.606291 0.91057
0 0.527506 0.369599 0.489992 0.610406 0.744877
0 0.507412 0.387271 0.439958 0.554872 0.815804
0 0.521847 0.388757 0.50478 0.573639 0.832766
0 0.519578 0.403936 0.463787 0.557288 0.866105
0 0.513182 0.394293 0.486561 0.578626 0.731521
0 0.510698 0.38938 0.424832 0.532592 0.834764
0 0.519856 0.399177 0.498196 0.571728 0.733565
0 0.51747 0.39389 0.494509 0.57762 0.829953
0 0.509569 0.395326 0.480237 0.569762 0.74906
0 0.51714 0.401123 0.491785 0.563346 0.873607
0 0.524439 0.381935 0.510602 0.575562 0.718787
0 0.532094 0.387989 0.461855 0.566574 0.768336
0 0.525184 0.400021 0.517851 0.581739 0.847909
0 0.508077 0.384883 0.466321 0.537463 0.814584
0 0.504891 0.399315 0.470063 0.543901 0.817307
0 0.510544 0.39534 0.494239 0.562833 0.810045
0 0.508742 0.395038 0.496528 0.573715 0.83046
0 0.50255 0.393782 0.494069 0.581873 0.825008
0 0.530169 0.395375 0.482629 0.565443 0.910316
0 0.516746 0.388707 0.490742 0.581821 0.834655
0 0.510674 0.392867 0.467762 0.582981 0.88815
0 0.531185 0.387335 0.466197 0.563708 0.874123
0 0.516962 0.397877 0.469553 0.556501 0.763222
0 0.522693 0.395364 0.47487 0.564914 0.840795
0 0.526793 0.394287 0.472753 0.58508 0.83798
0 0.51794 0.393396 0.490532 0.599444 0.829365
0 0.518004 0.392263 0.475017 0.584651 0.783394
0 0.518565 0.394781 0.487007 0.581042 0.794101
0 0.51532 0.389277 0.486751 0.592362 0.831267
0 0.524998 0.377112 0.502009 0.594763 0.855755
0 0.52322 0.399244 0.480179 0.565064 0.893557
0 0.526576 0.379683 0.46363 0.563843 0.874924
0 0.520828 0.384949 0.478432 0.581013 0.877419
0 0.51954 0.393875 0.483956 0.594606 0.89086
0 0.503474 0.383176 0.504138 0.57031 0.826964
0 0.530754 0.388726 0.481085 0.577841 0.887933
0 0.515533 0.378935 0.519677 0.605653 0.893924
0 0.516825 0.38598 0.476454 0.585461 0.861956
0 0.523401 0.389378 0.484362 0.589465 0.872299
0 0.51201 0.383971 0.487254 0.587651 0.871032
0 0.504132 0.384552 0.510779 0.604035 0.884409
0 0.526859 0.385953 0.50191 0.592585 0.881841
0 0.518413 0.381442 0.498631 0.588121 0.863982
0 0.523649 0.388001 0.496754 0.591806 0.880641
0 0.522058 0.398062 0.474186 0.570097 0.856199
0 0.514482 0.388517 0.482717 0.592789 0.899848
0 0.516659 0.386122 0.470726 0.579028 0.892631
0 0.520608 0.394851 0.498546 0.595628 0.889223
0 0.508074 0.393489 0.478283 0.588106 0.846049
0 0.524512 0.393271 0.48792 0.573852 0.86763
0 0.518307 0.393048 0.486946 0.578305 0.875637
0 0.52357 0.385743 0.469602 0.569031 0.877789
0 0.518704 0.389739 0.48693 0.588124 0.876314
0 0.512818 0.386414 0.487829 0.590514 0.898801
0 0.52237 0.390718 0.49691 0.584365 0.888065
0 0.517786 0.39183 0.489298 0.587138 0.901923
0 0.524328 0.398112 0.468452 0.569165 0.903306
0 0.518151 0.391903 0.484498 0.586572 0.914731
0 0.528078 0.38822 0.488064 0.585824 0.890528
0 0.523828 0.387766 0.495634 0.591664 0.890235
0 0.525672 0.391007 0.493606 0.586607 0.90009
0 0.520129 0.394158 0.4857 0.581876 0.901167
0 0.526136 0.388967 0.476603 0.572084 0.891813
0 0.520512 0.393974 0.487448 0.583923 0.907989
0 0.522172 0.397831 0.480837 0.572671 0.896762
0 0.523841 0.389348 0.491649 0.583804 0.894199
0 0.523808 0.394984 0.48538 0.587629 0.909752
0 0.525334 0.391819 0.499819 0.595101 0.903862
0 0.516055 0.395433 0.491748 0.593454 0.905081
0 0.520044 0.390687 0.506371 0.595431 0.895819
0 0.515431 0.390736 0.495846 0.58975 0.916506
0 0.518359 0.39337 0.491191 0.587062 0.910068
0 0.515566 0.391838 0.490781 0.585428 0.917673
0 0.51886 0.392514 0.499387 0.594757 0.920126
0 0.518311 0.390693 0.495589 0.590664 0.918766
0 0.515558 0.391829 0.490767 0.585383 0.917865
