0 0.504784 0.10993 0.167763 0.177712 0.795456
0 0.513296 0.107787 0.160877 0.16153 0.631988
0 0.507684 0.116331 0.11114 0.139942 0.712323
0 0.510739 0.121579 0.100838 0.1112 0.708562
0 0.504877 0.110684 0.119075 0.142578 0.740506
0 0.506278 0.111156 0.126299 0.149179 0.870693
0 0.505029 0.111254 0.116872 0.135409 0.729594
0 0.501361 0.113549 0.14049 0.152652 0.766897
0 0.500656 0.112185 0.124822 0.142932 0.699894
0 0.506455 0.11106 0.129577 0.146254 0.638936
0 0.503328 0.112405 0.13033 0.14803 0.719142
0 0.505821 0.111081 0.126847 0.143775 0.690395
0 0.506047 0.11056 0.126942 0.143853 0.785218
0 0.506459 0.108585 0.119731 0.140338 0.788874
0 0.510636 0.109477 0.118213 0.136587 0.737857
0 0.503426 0.109394 0.111347 0.127675 0.778132
0 0.503543 0.111736 0.133553 0.153537 0.682188
0 0.508949 0.110655 0.118447 0.142294 0.73693
0 0.504583 0.11389 0.137247 0.15732 0.810542
0 0.508757 0.110333 0.117403 0.136723 0.746164
0 0.506705 0.110972 0.11847 0.135267 0.732274
0 0.50695 0.108763 0.132581 0.153956 0.79683
0 0.505075 0.109889 0.12246 0.146298 0.774745
0 0.503927 0.112826 0.128129 0.146468 0.748351
0 0.506345 0.11205 0.124372 0.138941 0.809036
0 0.503236 0.106037 0.127304 0.143467 0.682999
0 0.507727 0.110986 0.121641 0.140943 0.668938
0 0.510705 0.106685 0.124516 0.139815 0.77999
0 0.502662 0.109813 0.122074 0.140803 0.779995
0 0.510814 0.11128 0.124648 0.142568 0.739165
0 0.504815 0.114382 0.118033 0.134399 0.783902
0 0.508354 0.109695 0.122239 0.14061 0.698494
0 0.508778 0.109946 0.113336 0.131283 0.652351
0 0.508128 0.109934 0.119732 0.138475 0.786853
0 0.506245 0.11151 0.120174 0.135151 0.782221
0 0.504927 0.111508 0.118398 0.1365 0.675811
0 0.507641 0.111438 0.115962 0.134581 0.80611
0 0.510495 0.108706 0.118386 0.138427 0.769474
0 0.50542 0.111411 0.118575 0.137877 0.764743
0 0.50435 0.110121 0.118789 0.134061 0.780401
0 0.509506 0.111894 0.116412 0.13487 0.782945
0 0.50781 0.110833 0.114548 0.133944 0.81498
0 0.508077 0.110871 0.115947 0.137416 0.800699
0 0.507932 0.11188 0.11229 0.132691 0.744046
0 0.505102 0.110415 0.122643 0.143797 0.800629
0 0.507508 0.111113 0.120818 0.142157 0.774513
0 0.510441 0.112333 0.116009 0.135894 0.723937
0 0.503879 0.110913 0.119653 0.139168 0.786145
0 0.507775 0.10875 0.123578 0.141408 0.783068
0 0.50775 0.109803 0.116015 0.136572 0.773658
0 0.506563 0.11171 0.115087 0.135093 0.79802
0 0.506384 0.11076 0.117052 0.138169 0.758433
0 0.509884 0.108941 0.120619 0.140373 0.752939
0 0.510266 0.110003 0.119164 0.138796 0.766301
0 0.508289 0.110244 0.121982 0.141281 0.783486
0 0.511 0.109621 0.121481 0.140848 0.743049
0 0.509021 0.110056 0.116883 0.134146 0.80154
0 0.508902 0.113728 0.111241 0.130823 0.81137
0 0.507755 0.110784 0.118034 0.13579 0.77976
0 0.504569 0.110007 0.118069 0.136641 0.718185
0 0.507208 0.111445 0.116249 0.134898 0.84817
0 0.505368 0.112405 0.120703 0.138957 0.811152
0 0.506128 0.112236 0.117406 0.136116 0.807326
0 0.506754 0.111848 0.116232 0.135515 0.815992
0 0.506777 0.110819 0.119876 0.136185 0.854672
0 0.506374 0.111905 0.118841 0.136204 0.848504
0 0.506522 0.112172 0.118087 0.135825 0.825507
0 0.507693 0.10979 0.119062 0.137353 0.851933
0 0.507136 0.111968 0.115537 0.133482 0.788056
0 0.509108 0.111902 0.118523 0.134928 0.833707
0 0.506531 0.110443 0.119973 0.137257 0.812518
0 0.507954 0.109481 0.12079 0.137956 0.869442
0 0.50913 0.109754 0.11576 0.135485 0.827043
0 0.508749 0.107896 0.11619 0.134033 0.836848
0 0.507906 0.106333 0.117755 0.135289 0.798402
0 0.508554 0.108904 0.119118 0.136459 0.863128
0 0.506729 0.107449 0.123897 0.14209 0.78012
0 0.507523 0.109433 0.118975 0.138298 0.852949
0 0.506516 0.108726 0.118429 0.135654 0.824703
0 0.508338 0.111316 0.116368 0.135408 0.84577
0 0.50775 0.110226 0.118958 0.13775 0.809724
0 0.507732 0.109711 0.117239 0.135015 0.861997
0 0.509065 0.11116 0.11853 0.136943 0.847349
0 0.509742 0.109674 0.119737 0.138454 0.847896
0 0.508903 0.109315 0.119099 0.13771 0.820362
0 0.507863 0.110377 0.121411 0.140201 0.812937
0 0.507558 0.11111 0.120287 0.140452 0.834496
0 0.508073 0.110672 0.120448 0.139784 0.858733
0 0.50813 0.110174 0.119419 0.138553 0.86185
0 0.509245 0.110293 0.118435 0.137596 0.843723
0 0.508 0.111366 0.117378 0.136248 0.869652
0 0.507725 0.110792 0.116813 0.136937 0.858977
0 0.508769 0.111319 0.118024 0.137891 0.870181
0 0.508056 0.111139 0.117402 0.136974 0.861643
0 0.508808 0.111355 0.117289 0.13712 0.865805
0 0.508767 0.111312 0.118042 0.137917 0.8699
