0 0.324536 0.289034 0.404595 0.442427 0.800392
0 0.397979 0.310181 0.410329 0.439801 0.709575
0 0.448109 0.318151 0.553973 0.571188 0.675313
0 0.464228 0.311673 0.486445 0.484933 0.642607
0 0.453574 0.320584 0.50166 0.556016 0.742537
0 0.486931 0.3194 0.553178 0.609574 0.609798
0 0.470173 0.313398 0.518249 0.579616 0.623939
0 0.465957 0.310533 0.513325 0.586932 0.760251
0 0.477709 0.326309 0.582942 0.596435 0.632128
0 0.48799 0.30719 0.518054 0.599712 0.786308
0 0.462498 0.336468 0.6164 0.672937 0.626255
0 0.471118 0.296185 0.463628 0.573692 0.698918
0 0.465681 0.302967 0.453424 0.54326 0.734292
0 0.476966 0.327874 0.540844 0.625201 0.800767
0 0.475552 0.322377 0.514144 0.604801 0.677874
0 0.484929 0.310409 0.519856 0.57403 0.689262
0 0.480285 0.311994 0.529226 0.586045 0.64556
0 0.480715 0.322349 0.513961 0.60612 0.764005
0 0.506444 0.317195 0.497717 0.60855 0.718367
0 0.516445 0.336592 0.57277 0.628261 0.742716
0 0.469727 0.313928 0.476984 0.524057 0.690876
0 0.490912 0.322724 0.517163 0.606706 0.747068
0 0.492999 0.327873 0.495188 0.579936 0.643549
0 0.478312 0.316035 0.509219 0.555721 0.649734
0 0.475442 0.328184 0.500607 0.555937 0.720663
0 0.521583 0.334905 0.554332 0.61558 0.736167
0 0.483095 0.316462 0.513547 0.558892 0.62971
0 0.464092 0.326953 0.488349 0.569173 0.788493
0 0.495252 0.320692 0.506302 0.578546 0.769041
0 0.468286 0.330879 0.483991 0.570636 0.677737
0 0.479859 0.348436 0.505576 0.573615 0.735131
0 0.495882 0.331074 0.506735 0.596118 0.72545
0 0.471688 0.336471 0.520635 0.580126 0.739819
0 0.483877 0.350921 0.563949 0.637343 0.616987
0 0.494325 0.335666 0.523651 0.595302 0.711895
0 0.48098 0.337078 0.526771 0.615093 0.717972
0 0.479373 0.317939 0.543788 0.600995 0.748767
0 0.491629 0.337638 0.520841 0.604136 0.814063
0 0.465052 0.314662 0.487281 0.569601 0.777274
0 0.485862 0.324219 0.525564 0.603656 0.802123
0 0.471415 0.327137 0.502041 0.575461 0.796309
0 0.476402 0.33233 0.504879 0.569185 0.736707
0 0.496673 0.326932 0.535338 0.613563 0.738839
0 0.471466 0.327212 0.529041 0.594596 0.72782
0 0.47859 0.325711 0.497796 0.583149 0.734817
0 0.493301 0.333081 0.533073 0.598483 0.813828
0 0.486968 0.312513 0.500417 0.597085 0.827173
0 0.49536 0.333986 0.565595 0.630519 0.814361
0 0.503681 0.323846 0.502675 0.58322 0.803027
0 0.489254 0.308419 0.497233 0.595292 0.781493
0 0.505073 0.320843 0.52954 0.586317 0.792163
0 0.498467 0.335351 0.517792 0.601742 0.799036
0 0.48616 0.322628 0.537284 0.600278 0.775587
0 0.488517 0.325372 0.491479 0.580274 0.809879
0 0.490707 0.326751 0.536787 0.611221 0.805682
0 0.537826 0.405109 0.724395 0.740634 0.603995
0 0.490541 0.325489 0.496043 0.569681 0.786148
0 0.501561 0.343031 0.553557 0.625255 0.767898
0 0.55602 0.396958 0.683816 0.741069 0.662744
0 0.499906 0.317666 0.527491 0.603606 0.803639
0 0.492218 0.319651 0.498451 0.584789 0.826629
0 0.500955 0.315185 0.518559 0.617688 0.799197
0 0.501714 0.333697 0.539259 0.618437 0.803813
0 0.497821 0.326474 0.532082 0.626667 0.769577
0 0.49552 0.3413 0.542886 0.638285 0.820905
0 0.484978 0.33601 0.52495 0.607274 0.828542
0 0.489732 0.313371 0.524109 0.5995 0.801766
0 0.498482 0.318648 0.534807 0.596863 0.800607
0 0.490094 0.319881 0.533279 0.608519 0.782222
0 0.486337 0.327791 0.524793 0.596208 0.825089
0 0.485488 0.341336 0.548493 0.622829 0.821633
0 0.493163 0.331372 0.533938 0.61751 0.811343
0 0.488444 0.336841 0.541549 0.62127 0.835739
0 0.489387 0.331994 0.539691 0.620189 0.820366
0 0.486776 0.322198 0.521152 0.597493 0.808056
0 0.491162 0.320908 0.527632 0.609063 0.829384
0 0.494917 0.324065 0.521311 0.602908 0.824224
0 0.490645 0.326149 0.521471 0.610348 0.83246
0 0.49151 0.31479 0.522603 0.604172 0.797526
0 0.490295 0.318579 0.528532 0.608061 0.840762
0 0.493465 0.319121 0.522268 0.600625 0.832614
0 0.4888 0.316874 0.524904 0.601797 0.849545
0 0.490836 0.319973 0.53125 0.609999 0.84718
0 0.491381 0.313503 0.529806 0.609201 0.841155
0 0.488814 0.316881 0.524916 0.601816 0.849696
