0 0.0915842 0.343583 0.142097 0.171619 0.769993
0 0.225112 0.32846 0.111043 0.134259 0.834142
0 0.0838938 0.344642 0.108087 0.127617 0.737289
0 0.385987 0.258859 0.0987011 0.117919 0.658614
0 0.384477 0.257757 0.114311 0.14018 0.716267
0 0.221985 0.315549 0.122375 0.157863 0.67686
0 0.707829 0.260063 0.110384 0.13707 0.667118
0 0.0814054 0.338356 0.115708 0.145244 0.66248
0 0.0819063 0.342298 0.111498 0.133048 0.786653
0 0.382833 0.264852 0.0960644 0.109136 0.766432
0 0.221252 0.323745 0.121115 0.15399 0.706706
0 0.712995 0.265443 0.11031 0.137748 0.667883
0 0.23018 0.313983 0.12704 0.154091 0.71278
0 0.0837115 0.336878 0.109743 0.131512 0.638375
0 0.718692 0.260475 0.0868424 0.12344 0.621586
0 0.387951 0.259088 0.103003 0.120967 0.606933
0 0.388158 0.256491 0.105985 0.130489 0.724669
0 0.0874274 0.337494 0.126014 0.148433 0.713239
0 0.232453 0.3188 0.134225 0.159316 0.678212
0 0.384405 0.258581 0.103714 0.119115 0.742389
0 0.083051 0.339385 0.129351 0.153558 0.72566
0 0.227 0.311442 0.128884 0.161863 0.6616
0 0.0804846 0.337037 0.105996 0.124416 0.877498
0 0.3858 0.257705 0.0996817 0.116381 0.861591
0 0.224732 0.316562 0.115825 0.139085 0.73866
0 0.7153 0.260258 0.104524 0.128463 0.650123
0 0.528995 0.341471 0.0813743 0.0932121 0.604056
0 0.38346 0.259267 0.107537 0.121016 0.810262
0 0.0786694 0.339328 0.121866 0.134619 0.760998
0 0.226956 0.314633 0.133676 0.153837 0.699971
0 0.719038 0.264726 0.124963 0.138358 0.605111
0 0.0762739 0.339321 0.106196 0.124244 0.798229
0 0.381848 0.26086 0.101177 0.118115 0.61586
0 0.0787026 0.338189 0.113271 0.130502 0.8063
0 0.381519 0.259929 0.104346 0.126235 0.79101
0 0.0820076 0.33858 0.119199 0.141759 0.754771
0 0.382491 0.258043 0.107216 0.130363 0.738106
0 0.221484 0.318396 0.120327 0.136554 0.690282
0 0.07539 0.334475 0.110874 0.130221 0.837411
0 0.381462 0.260369 0.0978772 0.115214 0.785302
0 0.225611 0.315553 0.11586 0.139996 0.677185
0 0.0809067 0.33886 0.119141 0.140198 0.778829
0 0.382744 0.25984 0.105369 0.120282 0.747796
0 0.222225 0.319712 0.11322 0.131958 0.713008
0 0.0817477 0.336286 0.115597 0.134708 0.762201
0 0.38442 0.262058 0.10457 0.120167 0.679117
0 0.0832905 0.337787 0.122086 0.13979 0.859976
0 0.229384 0.316702 0.12265 0.140529 0.756854
0 0.387598 0.262195 0.108011 0.12603 0.746852
0 0.539916 0.321134 0.132904 0.157359 0.668661
0 0.080263 0.334074 0.11494 0.139616 0.753901
0 0.383043 0.259482 0.102815 0.122158 0.753178
0 0.0851747 0.339426 0.128429 0.144704 0.692403
0 0.227623 0.317847 0.131478 0.152605 0.60658
0 0.384353 0.259239 0.11373 0.132253 0.606397
0 0.0862326 0.335523 0.119266 0.140154 0.79274
0 0.382865 0.260246 0.109588 0.132343 0.698346
0 0.087658 0.338745 0.124662 0.140885 0.884171
0 0.387454 0.261103 0.114384 0.136249 0.810035
0 0.225502 0.325217 0.114242 0.130767 0.709341
0 0.0850755 0.335125 0.113109 0.133828 0.801267
0 0.383441 0.260064 0.10757 0.130084 0.710569
0 0.22585 0.315414 0.123864 0.146926 0.638662
0 0.0825558 0.337994 0.112902 0.130394 0.815336
0 0.385348 0.261144 0.111248 0.126829 0.743968
0 0.226545 0.313931 0.116952 0.139585 0.68136
0 0.532757 0.321481 0.121135 0.147679 0.672175
0 0.0829434 0.333659 0.121406 0.139705 0.808775
0 0.383366 0.260036 0.104444 0.121981 0.740325
0 0.226918 0.320621 0.107235 0.125748 0.650568
0 0.382999 0.259424 0.106554 0.130002 0.801184
0 0.0832013 0.336019 0.117367 0.134355 0.793114
0 0.227251 0.316734 0.113768 0.13068 0.753461
0 0.792746 0.211996 0.141149 0.163322 0.68117
0 0.529129 0.335085 0.106622 0.120374 0.658979
0 0.0786918 0.337202 0.118268 0.137594 0.843518
0 0.227384 0.320899 0.111621 0.13003 0.713807
0 0.382604 0.262749 0.104358 0.123355 0.703183
0 0.788978 0.214822 0.136891 0.158191 0.621939
0 0.0830605 0.339988 0.114395 0.128891 0.85671
0 0.384275 0.261573 0.107219 0.124729 0.800799
0 0.228099 0.323969 0.10909 0.123942 0.649211
0 0.0824548 0.33773 0.113537 0.130942 0.739041
0 0.384722 0.260109 0.106964 0.127512 0.668856
0 0.225362 0.320976 0.108758 0.124856 0.666847
0 0.0858371 0.335382 0.116474 0.133097 0.734934
0 0.386995 0.260466 0.111322 0.128491 0.652278
0 0.22864 0.317386 0.113846 0.137533 0.605987
0 0.0871229 0.336432 0.119006 0.131448 0.792562
0 0.231488 0.315225 0.122376 0.142109 0.717428
0 0.383495 0.260284 0.111631 0.130233 0.710312
0 0.535582 0.323709 0.128594 0.151395 0.652184
0 0.793209 0.211246 0.145516 0.167143 0.651549
0 0.0772165 0.337137 0.121403 0.142781 0.769647
0 0.228755 0.314323 0.11911 0.142541 0.753447
0 0.383595 0.255922 0.110145 0.131994 0.727989
0 0.535926 0.321846 0.130956 0.156621 0.68008
0 0.72025 0.257329 0.114235 0.13383 0.637413
0 0.0807807 0.340122 0.125244 0.14027 0.829274
0 0.22886 0.31918 0.125689 0.145002 0.788104
0 0.383811 0.264114 0.112062 0.1324 0.73662
0 0.535048 0.326409 0.12694 0.149482 0.72997
0 0.791395 0.215492 0.145855 0.167223 0.728882
0 0.715306 0.2618 0.118124 0.137103 0.612733
0 0.0816259 0.342387 0.11773 0.135363 0.830595
0 0.381997 0.263625 0.108733 0.126888 0.724215
0 0.229871 0.321465 0.126104 0.14701 0.705838
0 0.718498 0.262031 0.107069 0.12709 0.659698
0 0.0819056 0.336043 0.115318 0.135603 0.790639
0 0.383235 0.259852 0.108135 0.126372 0.740916
0 0.231169 0.310162 0.129991 0.152904 0.676053
0 0.791929 0.211099 0.147876 0.170548 0.609129
0 0.0794997 0.337942 0.112247 0.129838 0.669746
0 0.381397 0.262307 0.106246 0.124447 0.638095
0 0.0802245 0.340763 0.118368 0.138065 0.823752
0 0.380088 0.261368 0.108103 0.128389 0.732478
0 0.226401 0.319852 0.12258 0.144037 0.72935
0 0.532141 0.329783 0.120463 0.137423 0.61811
0 0.0819152 0.34087 0.117932 0.134761 0.803282
0 0.231464 0.318166 0.126949 0.145994 0.774128
0 0.794193 0.211584 0.145409 0.170878 0.69875
0 0.534201 0.328324 0.122755 0.141517 0.668434
0 0.720223 0.258316 0.112595 0.127956 0.638095
0 0.382772 0.261061 0.105323 0.119591 0.635817
0 0.0814988 0.342413 0.114361 0.134666 0.74093
0 0.230035 0.322614 0.123005 0.144039 0.653223
0 0.383465 0.265125 0.106435 0.126507 0.617975
0 0.0826015 0.341991 0.113863 0.132657 0.800842
0 0.230788 0.31844 0.121271 0.141895 0.717884
0 0.382731 0.261695 0.108801 0.128067 0.698978
0 0.531754 0.334131 0.113221 0.126552 0.673269
0 0.790453 0.213365 0.13828 0.162233 0.639393
0 0.0820889 0.34015 0.119088 0.137704 0.788875
0 0.229032 0.31938 0.124177 0.142207 0.724264
0 0.382989 0.258729 0.107207 0.127095 0.634414
0 0.790444 0.215018 0.149424 0.173173 0.633769
0 0.0795541 0.337774 0.121477 0.141855 0.771985
0 0.385525 0.256835 0.114268 0.135115 0.709283
0 0.230934 0.318657 0.122959 0.142708 0.696228
0 0.079684 0.337475 0.118102 0.136992 0.8205
0 0.227011 0.318294 0.124849 0.145321 0.77556
0 0.790978 0.213012 0.138898 0.163687 0.701068
0 0.384335 0.259464 0.106656 0.124985 0.691008
0 0.0809804 0.339419 0.117231 0.137788 0.828558
0 0.230262 0.317651 0.121638 0.142481 0.740605
0 0.384212 0.259304 0.105173 0.121352 0.70537
0 0.534221 0.331038 0.117404 0.134955 0.6559
0 0.790929 0.212544 0.137577 0.160432 0.606489
0 0.0823426 0.340825 0.118234 0.13792 0.875464
0 0.229748 0.320965 0.122933 0.141536 0.771268
0 0.383433 0.260639 0.103759 0.120648 0.756533
0 0.792431 0.213224 0.138543 0.16302 0.737078
0 0.535863 0.3312 0.113062 0.128467 0.648741
0 0.0819752 0.338904 0.120447 0.137655 0.812535
0 0.228268 0.31586 0.128287 0.146442 0.750945
0 0.381685 0.258489 0.104292 0.123597 0.683978
0 0.535064 0.321564 0.126326 0.152602 0.608331
0 0.0808637 0.342736 0.115364 0.13501 0.801265
0 0.382183 0.263287 0.101797 0.118834 0.775824
0 0.22468 0.324153 0.120296 0.138274 0.731006
0 0.533695 0.330685 0.12019 0.140383 0.620758
0 0.72037 0.260097 0.113782 0.13276 0.606872
0 0.080127 0.340804 0.118034 0.134723 0.850347
0 0.225384 0.321808 0.118391 0.13454 0.760036
0 0.383295 0.258248 0.10413 0.120813 0.750812
0 0.719756 0.258159 0.110937 0.128142 0.653828
0 0.223846 0.320053 0.124596 0.149864 0.759693
0 0.0818222 0.340332 0.119496 0.141499 0.754271
0 0.383948 0.261791 0.10445 0.123842 0.662601
0 0.0849567 0.339196 0.122921 0.140952 0.790994
0 0.229949 0.319965 0.126759 0.145529 0.734858
0 0.791844 0.214592 0.147477 0.172116 0.69352
0 0.387945 0.261121 0.119107 0.138421 0.687989
0 0.537048 0.326815 0.129675 0.154011 0.603427
0 0.0794046 0.338723 0.118867 0.138248 0.796942
0 0.227555 0.321013 0.117296 0.135552 0.764104
0 0.791789 0.215119 0.136233 0.159459 0.699119
0 0.383449 0.261225 0.109445 0.127906 0.681319
0 0.0827691 0.337238 0.118024 0.135865 0.802558
0 0.22684 0.318702 0.120575 0.140282 0.795023
0 0.385795 0.256644 0.109847 0.128917 0.679706
0 0.534216 0.324183 0.126603 0.149984 0.645298
0 0.0825186 0.339795 0.120841 0.14002 0.823069
0 0.229008 0.316798 0.125514 0.145711 0.759332
0 0.384838 0.258291 0.109544 0.129298 0.748701
0 0.791991 0.214357 0.137493 0.1608 0.722531
0 0.534681 0.324801 0.124613 0.149513 0.65299
0 0.0825487 0.340314 0.115553 0.134736 0.846978
0 0.230965 0.317635 0.124702 0.144685 0.795288
0 0.385396 0.256825 0.107333 0.126899 0.7264
0 0.536908 0.324523 0.131738 0.151636 0.688194
0 0.790308 0.216302 0.139513 0.159137 0.682555
0 0.0836213 0.340775 0.117039 0.135268 0.854571
0 0.229668 0.317763 0.123659 0.1431 0.782207
0 0.386136 0.257283 0.110803 0.126417 0.675653
0 0.792729 0.214468 0.14168 0.159453 0.64245
0 0.0829685 0.338846 0.117964 0.139021 0.731793
0 0.229718 0.317542 0.123443 0.14457 0.721027
0 0.0839353 0.341875 0.115588 0.133443 0.787392
0 0.23103 0.321014 0.120211 0.13549 0.720436
0 0.386006 0.258694 0.107287 0.12537 0.661061
0 0.790838 0.212283 0.142903 0.164479 0.627472
0 0.0828512 0.341471 0.117717 0.139149 0.883862
0 0.229877 0.319172 0.121493 0.142044 0.839861
0 0.792461 0.213714 0.14217 0.166306 0.783096
0 0.384897 0.258357 0.10658 0.125493 0.697859
0 0.724656 0.258532 0.11184 0.132043 0.674621
0 0.533372 0.335925 0.113999 0.129058 0.667352
0 0.0832158 0.339773 0.119103 0.13813 0.782184
0 0.232518 0.316726 0.130699 0.15068 0.737837
0 0.792176 0.213195 0.145701 0.167168 0.691557
0 0.539249 0.320812 0.136283 0.161442 0.621385
0 0.386135 0.257689 0.112284 0.131207 0.611174
0 0.0840428 0.33883 0.118688 0.135377 0.842902
0 0.231398 0.315777 0.126042 0.144596 0.777849
0 0.792843 0.212798 0.143999 0.165683 0.753948
0 0.385444 0.256368 0.110217 0.128674 0.733692
0 0.535919 0.322269 0.130758 0.154966 0.672539
0 0.721954 0.256851 0.118747 0.135076 0.634247
0 0.0828299 0.341813 0.116104 0.137253 0.852299
0 0.229329 0.321237 0.118686 0.138886 0.820625
0 0.791517 0.213952 0.14451 0.168184 0.731765
0 0.38499 0.258118 0.106194 0.12448 0.725249
0 0.531967 0.335212 0.114607 0.131609 0.690917
0 0.722892 0.260435 0.110721 0.132876 0.600605
0 0.0836455 0.340973 0.121115 0.141408 0.820781
0 0.230232 0.317771 0.12442 0.145048 0.799615
0 0.792381 0.213503 0.144943 0.166319 0.776614
0 0.387819 0.258067 0.115768 0.134191 0.71772
0 0.537083 0.325042 0.127366 0.149054 0.628075
0 0.72219 0.257914 0.116319 0.136481 0.601232
0 0.0831062 0.342106 0.115048 0.134026 0.82453
0 0.229456 0.319506 0.121786 0.140901 0.735701
0 0.793883 0.212536 0.142888 0.166279 0.695021
0 0.385319 0.258789 0.110467 0.132572 0.617725
0 0.0835266 0.340668 0.11671 0.136343 0.899763
0 0.230263 0.318372 0.122976 0.144117 0.875917
0 0.793749 0.213055 0.14273 0.165846 0.775043
0 0.385923 0.258435 0.112704 0.133128 0.763884
0 0.53598 0.327403 0.125516 0.14336 0.70678
0 0.724089 0.258875 0.109357 0.130125 0.62419
0 0.0823102 0.340957 0.11746 0.136494 0.800391
0 0.228296 0.317168 0.124383 0.144999 0.765886
0 0.793704 0.212955 0.142619 0.166487 0.709631
0 0.386277 0.259548 0.108009 0.126476 0.656139
0 0.0834097 0.342706 0.115456 0.136143 0.817929
0 0.228232 0.320606 0.12174 0.142988 0.801044
0 0.793081 0.21295 0.139806 0.164876 0.757085
0 0.384778 0.258663 0.104955 0.123065 0.697364
0 0.0829004 0.343782 0.118558 0.137904 0.807153
0 0.229532 0.320334 0.126218 0.14727 0.795361
0 0.794058 0.213575 0.140577 0.162848 0.726234
0 0.0825367 0.342784 0.116946 0.136227 0.873666
0 0.228904 0.318706 0.126135 0.146721 0.862325
0 0.795809 0.215321 0.139631 0.160633 0.768286
0 0.386611 0.259277 0.111546 0.131264 0.71514
0 0.534241 0.327801 0.122391 0.145443 0.703895
0 0.0817203 0.342869 0.118517 0.137627 0.891906
0 0.229165 0.317663 0.130246 0.151565 0.867046
0 0.791999 0.214637 0.141646 0.166994 0.791804
0 0.385315 0.257869 0.108489 0.127557 0.761308
0 0.53426 0.326987 0.124442 0.148108 0.713996
0 0.726668 0.257874 0.12032 0.13597 0.607121
0 0.081592 0.342167 0.118454 0.136873 0.882922
0 0.22871 0.318472 0.127334 0.147539 0.857708
0 0.792613 0.215846 0.143492 0.165678 0.78793
0 0.384662 0.259314 0.110706 0.130565 0.751238
0 0.722386 0.257584 0.111118 0.130424 0.627882
0 0.533769 0.328835 0.121335 0.143369 0.625878
0 0.082915 0.340372 0.11789 0.138041 0.889209
0 0.229242 0.317133 0.12551 0.147269 0.85828
0 0.79341 0.213113 0.142876 0.1673 0.819283
0 0.384633 0.259522 0.109126 0.128245 0.748928
0 0.228682 0.320322 0.123477 0.14284 0.716307
0 0.0813955 0.341037 0.118538 0.137263 0.706689
0 0.792231 0.212713 0.142229 0.162757 0.698522
0 0.0809771 0.34278 0.118083 0.137785 0.843271
0 0.229305 0.321293 0.121379 0.140482 0.823785
0 0.793543 0.214018 0.14201 0.164087 0.767469
0 0.383976 0.260343 0.106266 0.123316 0.67361
0 0.0818892 0.341812 0.117459 0.138185 0.854627
0 0.229261 0.317686 0.124614 0.145777 0.825518
0 0.794682 0.213459 0.14059 0.16446 0.751601
0 0.384203 0.258345 0.108397 0.127983 0.648536
0 0.0828498 0.342694 0.119043 0.137285 0.86719
0 0.229096 0.318172 0.126463 0.146497 0.842783
0 0.793445 0.212908 0.14398 0.166626 0.809824
0 0.386394 0.259104 0.111471 0.130985 0.754907
0 0.0815001 0.342767 0.1186 0.13877 0.814524
0 0.229221 0.317848 0.126628 0.148857 0.809503
0 0.792122 0.212902 0.142261 0.166588 0.789759
0 0.384857 0.258903 0.109389 0.128311 0.685563
0 0.230259 0.316031 0.124276 0.146611 0.85677
0 0.0817745 0.339863 0.115993 0.13655 0.855858
0 0.79367 0.212244 0.140054 0.163155 0.790582
0 0.385084 0.258099 0.108268 0.127546 0.728161
0 0.535106 0.324496 0.124105 0.147496 0.662888
0 0.228987 0.318016 0.122886 0.14424 0.818014
0 0.0804666 0.34177 0.118182 0.13878 0.795701
0 0.793413 0.212196 0.139776 0.164077 0.74018
0 0.384178 0.257445 0.105541 0.122413 0.65021
0 0.0827033 0.342625 0.118543 0.138296 0.857767
0 0.230719 0.319963 0.126341 0.148406 0.836614
0 0.793351 0.213379 0.142668 0.165008 0.800536
0 0.385008 0.258602 0.108808 0.128298 0.689401
0 0.534073 0.324931 0.125952 0.149425 0.668654
0 0.228268 0.317118 0.126795 0.148277 0.763485
0 0.0818309 0.341793 0.120887 0.141352 0.759373
0 0.792506 0.212661 0.143199 0.16582 0.744629
0 0.0824106 0.34322 0.114181 0.134232 0.843324
0 0.22942 0.320354 0.121542 0.14267 0.809352
0 0.793326 0.212671 0.139762 0.163291 0.770142
0 0.384959 0.259745 0.106996 0.126156 0.723736
0 0.0815499 0.342114 0.119536 0.139777 0.794829
0 0.22843 0.318107 0.125157 0.14602 0.775757
0 0.792595 0.213565 0.141202 0.163835 0.772966
0 0.384373 0.257444 0.108127 0.126648 0.640853
0 0.0815847 0.343593 0.116885 0.136944 0.853777
0 0.23016 0.318399 0.125585 0.1466 0.844268
0 0.793092 0.214324 0.139327 0.162113 0.77731
0 0.385892 0.259804 0.109236 0.128563 0.70726
0 0.0817876 0.343136 0.118783 0.137881 0.844527
0 0.230426 0.318602 0.12716 0.148089 0.823688
0 0.796207 0.213882 0.140228 0.162915 0.772381
0 0.384475 0.258286 0.106702 0.125298 0.657983
0 0.0810452 0.341996 0.117106 0.136249 0.875613
0 0.229054 0.317915 0.125469 0.146108 0.852652
0 0.79318 0.213497 0.139021 0.162025 0.806037
0 0.385318 0.259178 0.108375 0.127619 0.749423
0 0.532923 0.3312 0.117572 0.137149 0.619187
0 0.718855 0.257299 0.11104 0.13015 0.601346
0 0.081516 0.343753 0.118814 0.139481 0.860112
0 0.22904 0.319766 0.127922 0.15063 0.843069
0 0.793652 0.21469 0.140832 0.162086 0.791649
0 0.386275 0.259816 0.109666 0.129701 0.741013
0 0.534407 0.328222 0.122365 0.144168 0.627745
0 0.0823729 0.342964 0.118594 0.13886 0.887769
0 0.229881 0.319708 0.127585 0.150157 0.861178
0 0.79458 0.214111 0.141438 0.163298 0.802501
0 0.385662 0.259727 0.110194 0.129823 0.746326
0 0.533661 0.329264 0.121404 0.142368 0.641757
0 0.0809361 0.342835 0.117818 0.138933 0.832312
0 0.229688 0.318879 0.127134 0.149958 0.815904
0 0.793858 0.213237 0.141539 0.164801 0.777238
0 0.384428 0.257284 0.106543 0.125944 0.646705
0 0.0820377 0.342813 0.116584 0.137001 0.847405
0 0.229541 0.318682 0.123997 0.145382 0.809483
0 0.792233 0.213429 0.143656 0.165211 0.787874
0 0.385803 0.258079 0.107741 0.127186 0.675124
0 0.0807945 0.343631 0.116027 0.136825 0.84179
0 0.228784 0.319963 0.124384 0.145604 0.82063
0 0.791918 0.215289 0.141689 0.162949 0.797062
0 0.384521 0.25888 0.106408 0.125508 0.66827
0 0.081552 0.342903 0.11774 0.137736 0.829562
0 0.229028 0.318639 0.126415 0.148146 0.811033
0 0.792439 0.212772 0.144074 0.165676 0.798091
0 0.386109 0.258488 0.110293 0.130175 0.72811
0 0.0816742 0.342755 0.117336 0.13788 0.859965
0 0.22956 0.317881 0.125487 0.147312 0.826076
0 0.792409 0.213022 0.144503 0.16658 0.808762
0 0.385138 0.25847 0.107869 0.12725 0.742053
0 0.0826788 0.342673 0.117058 0.137665 0.821095
0 0.230332 0.317316 0.123395 0.144838 0.77326
0 0.793087 0.212421 0.14392 0.166548 0.757995
0 0.385417 0.258112 0.108868 0.128045 0.693422
0 0.0814316 0.343297 0.117408 0.13851 0.858887
0 0.228697 0.318615 0.125601 0.147491 0.827749
0 0.792421 0.213625 0.143962 0.165716 0.797763
0 0.385334 0.25909 0.109086 0.128562 0.719521
0 0.0813152 0.343885 0.118457 0.140216 0.85134
0 0.228665 0.319289 0.126624 0.149403 0.821094
0 0.792534 0.213351 0.144004 0.166446 0.792783
0 0.385536 0.258928 0.109912 0.129932 0.725212
0 0.0821581 0.343519 0.118103 0.138813 0.874562
0 0.229456 0.318915 0.127166 0.14943 0.845562
0 0.793253 0.213459 0.144491 0.166418 0.817458
0 0.385446 0.258671 0.109298 0.128406 0.740615
0 0.0820042 0.342857 0.116326 0.136492 0.82534
0 0.228964 0.318888 0.125745 0.146794 0.784921
0 0.792821 0.2129 0.143197 0.165566 0.772262
0 0.384984 0.257486 0.107696 0.126591 0.672168
0 0.0823771 0.343115 0.11685 0.137274 0.84839
0 0.22942 0.318856 0.12575 0.147744 0.81509
0 0.792961 0.213104 0.143594 0.16608 0.789214
0 0.385258 0.258105 0.108263 0.127305 0.715786
0 0.0821562 0.343518 0.118091 0.138812 0.874242
0 0.229451 0.318914 0.127162 0.149438 0.845207
0 0.793258 0.213445 0.144472 0.166408 0.817185
0 0.385442 0.258662 0.109288 0.128382 0.740082
