0 0.584758 0.58262 0.0948655 0.110164 0.603847
0 0.587072 0.582941 0.0870767 0.100823 0.680451
0 0.309038 0.342373 0.232946 0.275347 0.601771
0 0.303867 0.343059 0.223752 0.254367 0.624519
0 0.308092 0.333217 0.230536 0.258767 0.682131
0 0.304922 0.333946 0.262559 0.278565 0.663535
0 0.302968 0.333767 0.220373 0.25826 0.659461
0 0.301544 0.339926 0.239933 0.27681 0.654936
0 0.302256 0.341226 0.229591 0.263308 0.618725
0 0.30955 0.337476 0.223266 0.262746 0.666398
0 0.309872 0.339609 0.226692 0.259306 0.649378
0 0.307206 0.336979 0.234445 0.27113 0.629395
0 0.307024 0.340338 0.235744 0.267499 0.609372
0 0.307858 0.34179 0.220606 0.250354 0.618402
0 0.305175 0.342241 0.230937 0.265363 0.622104
