0 0.501785 0.211157 0.208006 0.2338 0.981598
0 0.510927 0.190759 0.174511 0.196957 0.947443
0 0.503208 0.683963 0.201241 0.218005 0.648877
0 0.495472 0.208228 0.217254 0.258163 0.808101
0 0.504583 0.207203 0.183257 0.201962 0.883203
0 0.504089 0.203874 0.184977 0.225484 0.778627
0 0.514273 0.223708 0.193402 0.242001 0.750392
0 0.508171 0.206452 0.202566 0.240205 0.745126
0 0.506509 0.208125 0.202276 0.236728 0.714913
0 0.504318 0.213088 0.19325 0.235174 0.714747
0 0.50438 0.21086 0.186042 0.221464 0.855333
0 0.501999 0.213087 0.193156 0.226286 0.841904
0 0.508644 0.214719 0.18108 0.223355 0.74845
0 0.50663 0.209089 0.190111 0.221802 0.785838
0 0.507931 0.216562 0.196542 0.22296 0.786552
0 0.509497 0.211016 0.19969 0.227459 0.86325
0 0.508246 0.21274 0.18936 0.220027 0.879502
0 0.504143 0.21292 0.188277 0.220233 0.81658
0 0.507353 0.215424 0.190927 0.224794 0.900924
0 0.506456 0.215414 0.195726 0.231109 0.829965
0 0.505982 0.213082 0.19736 0.232698 0.785565
0 0.508866 0.209776 0.189182 0.217755 0.780847
0 0.50363 0.217972 0.191708 0.219466 0.852843
0 0.507642 0.219134 0.200101 0.24351 0.763617
0 0.505729 0.212142 0.192876 0.227162 0.814393
0 0.511115 0.216762 0.188 0.223444 0.864522
0 0.50738 0.215625 0.201705 0.233686 0.842144
0 0.506914 0.216936 0.190488 0.225171 0.836049
0 0.508826 0.215329 0.195009 0.231596 0.773998
0 0.509587 0.216771 0.190367 0.224166 0.759155
0 0.508432 0.21201 0.19274 0.228383 0.790166
0 0.50464 0.213688 0.198012 0.22959 0.867676
0 0.506459 0.212949 0.193376 0.228263 0.857368
0 0.509083 0.217584 0.193295 0.23437 0.83784
0 0.504349 0.214997 0.19995 0.232953 0.856775
0 0.503025 0.216377 0.20443 0.240679 0.791404
0 0.508512 0.214885 0.194185 0.230304 0.763148
0 0.507574 0.218492 0.18799 0.224614 0.847236
0 0.511611 0.215128 0.190432 0.227386 0.849248
0 0.505272 0.215881 0.195277 0.225745 0.820981
0 0.507721 0.217606 0.189693 0.22444 0.802942
0 0.507403 0.216516 0.186576 0.222234 0.884251
0 0.505529 0.214649 0.193104 0.226384 0.83668
0 0.506664 0.215862 0.19357 0.22683 0.875101
0 0.505469 0.216954 0.187551 0.222744 0.86324
0 0.504489 0.214364 0.192096 0.2267 0.842975
0 0.506548 0.215768 0.192256 0.226353 0.866772
0 0.505052 0.219702 0.185006 0.217984 0.871165
0 0.502397 0.221325 0.192738 0.221391 0.879691
0 0.50168 0.218402 0.192586 0.225455 0.870607
0 0.503923 0.218643 0.19473 0.223412 0.848505
0 0.50615 0.217081 0.19177 0.227607 0.85252
0 0.503259 0.215978 0.19774 0.231219 0.870634
0 0.505389 0.216561 0.189849 0.223977 0.86301
0 0.50516 0.218298 0.191489 0.230364 0.856284
0 0.504201 0.21484 0.193818 0.226724 0.873314
0 0.505706 0.215412 0.19101 0.225231 0.836648
0 0.503548 0.217701 0.187853 0.221583 0.863095
0 0.503588 0.21796 0.190833 0.222574 0.889761
0 0.505186 0.215296 0.191639 0.226489 0.856578
0 0.504659 0.216016 0.194991 0.223991 0.867516
0 0.504531 0.220229 0.195039 0.224061 0.866329
0 0.505417 0.217827 0.192399 0.225208 0.871925
0 0.505265 0.218097 0.194519 0.229176 0.835739
0 0.50531 0.218019 0.19088 0.225012 0.885763
0 0.50355 0.217488 0.195975 0.231605 0.873737
0 0.504766 0.218351 0.190207 0.22341 0.878656
0 0.5074 0.218749 0.184443 0.218064 0.891273
0 0.505715 0.215938 0.187298 0.22233 0.859294
0 0.505205 0.217213 0.190655 0.225015 0.892506
0 0.504992 0.219909 0.192734 0.224356 0.878232
0 0.505563 0.215365 0.192352 0.226088 0.9257
0 0.503451 0.216058 0.189729 0.222716 0.894135
0 0.503821 0.217196 0.195425 0.226784 0.893962
0 0.503075 0.218062 0.193766 0.225969 0.894762
0 0.506306 0.217236 0.191491 0.225734 0.912851
0 0.503953 0.215162 0.190718 0.225064 0.907597
0 0.504915 0.214396 0.189471 0.22184 0.900186
0 0.506359 0.215419 0.187891 0.220384 0.896732
0 0.504711 0.21735 0.192489 0.223992 0.906655
0 0.50319 0.217603 0.19462 0.226085 0.892775
0 0.504516 0.216642 0.197059 0.229566 0.901255
0 0.505777 0.21756 0.19292 0.226 0.896781
0 0.50501 0.218268 0.193665 0.224914 0.894998
0 0.506768 0.217088 0.19444 0.22489 0.891769
0 0.505141 0.216811 0.192112 0.222839 0.912181
0 0.504317 0.217742 0.192584 0.22447 0.895067
0 0.504303 0.217321 0.196102 0.227384 0.913046
0 0.506012 0.217817 0.193206 0.225 0.886022
0 0.505369 0.216496 0.19621 0.229151 0.921286
0 0.504772 0.217754 0.193291 0.226889 0.916157
0 0.504877 0.217169 0.193142 0.225915 0.911511
0 0.504368 0.216551 0.195582 0.228068 0.916548
0 0.505632 0.216641 0.194122 0.225821 0.888082
0 0.504594 0.217538 0.193886 0.22594 0.917381
0 0.504696 0.21707 0.193762 0.225603 0.913164
0 0.504969 0.217388 0.194398 0.226323 0.917304
0 0.505111 0.217549 0.193568 0.22568 0.910258
0 0.50517 0.217204 0.194406 0.22699 0.913478
0 0.504975 0.217372 0.19438 0.226312 0.917166
