0 0.505171 0.335776 0.254499 0.300847 0.765127
0 0.48822 0.346481 0.259356 0.289985 0.991883
0 0.494558 0.311575 0.178497 0.190588 0.684043
0 0.503209 0.337593 0.28647 0.319627 0.757687
0 0.506385 0.33607 0.296258 0.349655 0.872453
0 0.492768 0.342817 0.269358 0.304452 0.780536
0 0.500233 0.345944 0.280459 0.315961 0.77746
0 0.500826 0.343996 0.28618 0.320638 0.889982
0 0.501488 0.345185 0.248995 0.29747 0.744626
0 0.500634 0.343481 0.266576 0.313254 0.854559
0 0.494457 0.337401 0.193549 0.238368 0.658438
0 0.494525 0.347652 0.238851 0.281448 0.645374
0 0.498855 0.346591 0.275947 0.323726 0.765304
0 0.495047 0.341312 0.277777 0.326669 0.787525
0 0.505076 0.340776 0.279162 0.322803 0.767616
0 0.493182 0.342574 0.281294 0.317025 0.706017
0 0.498441 0.348455 0.285173 0.326 0.730866
0 0.506994 0.348859 0.292546 0.330365 0.787602
0 0.499379 0.349012 0.285795 0.326168 0.843986
0 0.493977 0.34953 0.276837 0.316774 0.824672
0 0.495837 0.345881 0.29537 0.34223 0.811059
0 0.500288 0.35364 0.249413 0.300125 0.704341
0 0.495613 0.343975 0.302144 0.357793 0.601014
0 0.492258 0.33305 0.30488 0.358201 0.754702
0 0.505225 0.341855 0.290569 0.33097 0.788595
0 0.491386 0.345216 0.278208 0.322908 0.764517
0 0.485189 0.35563 0.29297 0.33508 0.732204
0 0.488766 0.334585 0.298173 0.354065 0.748955
0 0.493926 0.341497 0.288482 0.333107 0.852548
0 0.493685 0.347663 0.296319 0.330569 0.803517
0 0.497149 0.346457 0.293595 0.338734 0.801297
0 0.493048 0.345543 0.281134 0.331285 0.748029
0 0.495054 0.339142 0.287467 0.322322 0.695184
0 0.496854 0.344838 0.310187 0.343013 0.694691
0 0.491176 0.340955 0.30663 0.346566 0.761662
0 0.501537 0.339236 0.297912 0.342934 0.71119
0 0.494179 0.338538 0.292252 0.357548 0.814543
0 0.498877 0.348039 0.304717 0.323692 0.719231
0 0.497223 0.336163 0.294673 0.339619 0.69933
0 0.507168 0.323035 0.302368 0.367781 0.732943
0 0.497972 0.341043 0.298224 0.328177 0.73058
0 0.499118 0.335717 0.279462 0.328234 0.782377
0 0.49645 0.336912 0.301856 0.342476 0.738324
0 0.498434 0.331769 0.300522 0.352452 0.737378
0 0.485111 0.327208 0.297865 0.355211 0.782868
0 0.490579 0.33986 0.299597 0.344019 0.814681
0 0.497527 0.32661 0.309135 0.371608 0.738581
0 0.494908 0.33757 0.297182 0.362023 0.817697
0 0.493973 0.331964 0.288706 0.333762 0.787407
0 0.490154 0.337877 0.291025 0.329647 0.804478
0 0.499864 0.333386 0.303511 0.36553 0.805732
0 0.497054 0.339495 0.282511 0.324871 0.784905
0 0.493354 0.346137 0.29217 0.330215 0.817063
0 0.496961 0.334135 0.287621 0.32226 0.754641
0 0.49584 0.338 0.291757 0.34507 0.818083
0 0.490789 0.341171 0.298103 0.341745 0.816816
0 0.493731 0.32699 0.302513 0.354611 0.828465
0 0.492695 0.343727 0.288607 0.332261 0.812599
0 0.493371 0.33304 0.306026 0.354602 0.778583
0 0.497019 0.335381 0.307121 0.356672 0.822863
0 0.496458 0.335085 0.293075 0.342969 0.847174
0 0.489633 0.33707 0.29567 0.33944 0.798107
0 0.501832 0.336062 0.287152 0.338394 0.825638
0 0.496224 0.326679 0.300914 0.353644 0.825176
0 0.49705 0.333206 0.302867 0.358194 0.832435
0 0.501842 0.336857 0.290607 0.338308 0.85894
0 0.496073 0.336629 0.2897 0.334427 0.87806
0 0.501935 0.33376 0.306737 0.353011 0.839713
0 0.504105 0.334274 0.30526 0.355345 0.856006
0 0.491234 0.335467 0.297526 0.353598 0.826485
0 0.501045 0.332417 0.313835 0.364907 0.844312
0 0.500937 0.336391 0.293069 0.350249 0.824107
0 0.500032 0.336925 0.291186 0.339945 0.850052
0 0.498192 0.335421 0.305001 0.359827 0.819843
0 0.493961 0.326521 0.315741 0.370123 0.846698
0 0.497428 0.335439 0.299219 0.350303 0.843006
0 0.498669 0.338925 0.301661 0.349215 0.831086
0 0.497606 0.335271 0.295114 0.342239 0.868358
0 0.498422 0.342142 0.300952 0.340673 0.860443
0 0.494675 0.336627 0.306297 0.355877 0.850384
0 0.494421 0.328846 0.312187 0.363471 0.859291
0 0.493803 0.336474 0.299242 0.353504 0.837676
0 0.498112 0.338471 0.29691 0.348238 0.862134
0 0.49645 0.340688 0.299287 0.345133 0.877786
0 0.493757 0.338443 0.29958 0.357794 0.856944
0 0.499043 0.330421 0.305013 0.360594 0.867492
0 0.498494 0.335148 0.304372 0.354723 0.849198
0 0.494327 0.334151 0.306084 0.35503 0.859035
0 0.496327 0.332613 0.305441 0.354353 0.853065
0 0.496547 0.33259 0.303631 0.353269 0.851298
0 0.492669 0.332153 0.306466 0.355536 0.871521
0 0.494853 0.335955 0.301824 0.354095 0.878032
0 0.495963 0.33386 0.304892 0.35137 0.873756
0 0.493015 0.336767 0.301417 0.352843 0.881236
0 0.495178 0.333532 0.307259 0.358277 0.870821
0 0.494744 0.335867 0.298782 0.348946 0.874707
0 0.4974 0.334335 0.304746 0.355479 0.863042
0 0.495599 0.335489 0.301875 0.348894 0.878224
0 0.495105 0.334975 0.307317 0.357952 0.872669
0 0.493742 0.335458 0.305405 0.353962 0.878724
0 0.495279 0.335707 0.304574 0.353278 0.878802
0 0.494529 0.335571 0.304099 0.353243 0.873944
0 0.49374 0.335465 0.305376 0.353923 0.878935
