0 0.632479 0.467422 0.390888 0.410615 0.672087
0 0.615228 0.36611 0.363812 0.45837 0.964864
0 0.608184 0.363786 0.436998 0.480223 0.724156
0 0.615152 0.385482 0.471053 0.556433 0.709858
0 0.61654 0.380704 0.489104 0.55675 0.754135
0 0.418265 0.426464 0.500233 0.564845 0.647907
0 0.602372 0.35604 0.459469 0.565386 0.807172
0 0.636211 0.36852 0.432519 0.489463 0.831991
0 0.599525 0.369377 0.417858 0.531639 0.806169
0 0.41419 0.423614 0.400024 0.466761 0.756742
0 0.604686 0.359853 0.373684 0.459404 0.890363
0 0.405139 0.407714 0.41069 0.466305 0.761526
0 0.627264 0.357636 0.391739 0.479963 0.762757
0 0.437547 0.395941 0.431729 0.504643 0.639573
0 0.63184 0.360446 0.432894 0.520482 0.737381
0 0.640873 0.363981 0.419336 0.479479 0.671813
0 0.440708 0.391463 0.479198 0.520238 0.611117
0 0.658759 0.361469 0.4194 0.483 0.792509
0 0.414219 0.406174 0.464383 0.521622 0.610373
0 0.616849 0.367251 0.407096 0.496352 0.816689
0 0.427853 0.408095 0.411304 0.493064 0.706247
0 0.62702 0.36552 0.362228 0.446261 0.850512
0 0.449323 0.419003 0.353504 0.433021 0.73686
0 0.633686 0.348555 0.408628 0.485518 0.772268
0 0.441711 0.38072 0.45728 0.553018 0.611856
0 0.620901 0.373538 0.432479 0.482288 0.710467
0 0.623787 0.364082 0.393626 0.461607 0.821265
0 0.412284 0.403208 0.442053 0.514715 0.675785
0 0.6098 0.364614 0.406626 0.473407 0.797623
0 0.460353 0.38796 0.487183 0.524836 0.673737
0 0.618834 0.368057 0.363572 0.436463 0.855886
0 0.423989 0.407222 0.403747 0.468691 0.745736
0 0.616003 0.357805 0.439007 0.5134 0.808727
0 0.405229 0.394459 0.466745 0.560667 0.657338
0 0.620996 0.359072 0.384754 0.448429 0.742152
0 0.411975 0.393244 0.43184 0.54463 0.634307
0 0.626955 0.36488 0.353695 0.423524 0.812676
0 0.414014 0.412282 0.365062 0.427502 0.735563
0 0.623948 0.361568 0.408625 0.476943 0.829595
0 0.448256 0.404723 0.409919 0.490936 0.748869
0 0.634503 0.362206 0.380154 0.461548 0.896181
0 0.436231 0.412765 0.388934 0.470128 0.815928
0 0.620291 0.366022 0.393907 0.47998 0.745681
0 0.438188 0.411204 0.420145 0.507838 0.603955
0 0.626575 0.363419 0.380304 0.450335 0.809651
0 0.428607 0.410656 0.368205 0.445324 0.740658
0 0.62223 0.354591 0.400104 0.476127 0.749931
0 0.421786 0.396168 0.431822 0.501628 0.639961
0 0.443229 0.389543 0.450395 0.515175 0.76741
0 0.625009 0.352863 0.420015 0.477611 0.761476
0 0.62574 0.368125 0.386575 0.458061 0.760309
0 0.419135 0.409211 0.417561 0.508398 0.688635
0 0.622282 0.359515 0.37765 0.448576 0.909732
0 0.420022 0.407015 0.409324 0.499378 0.798671
0 0.628212 0.355832 0.431995 0.481647 0.70949
0 0.451638 0.383974 0.4958 0.543478 0.611224
0 0.634264 0.355536 0.393723 0.472871 0.802417
0 0.434469 0.396096 0.415145 0.503011 0.683715
0 0.62816 0.354987 0.417381 0.467262 0.808262
0 0.438847 0.384355 0.467445 0.53874 0.713266
0 0.619061 0.358072 0.384142 0.445437 0.812153
0 0.424526 0.400945 0.397486 0.468516 0.753729
0 0.626524 0.363763 0.378977 0.448791 0.879935
0 0.411888 0.408399 0.393381 0.465016 0.734489
0 0.630471 0.364847 0.391842 0.448679 0.813841
0 0.439818 0.401213 0.403883 0.487244 0.644916
0 0.624955 0.360477 0.385399 0.450733 0.845841
0 0.427909 0.401155 0.400208 0.473916 0.740487
0 0.618022 0.355435 0.399414 0.459769 0.845192
0 0.411053 0.402328 0.411694 0.492023 0.765135
0 0.63053 0.370111 0.38497 0.444614 0.892983
0 0.413629 0.418106 0.383013 0.454577 0.807783
0 0.637969 0.354936 0.419157 0.46416 0.759341
0 0.423832 0.405854 0.407832 0.493224 0.669356
0 0.617516 0.357337 0.386446 0.461182 0.907837
0 0.430212 0.401614 0.384235 0.475396 0.838773
0 0.634158 0.359329 0.403586 0.466106 0.878107
0 0.428468 0.401922 0.399833 0.491998 0.784117
0 0.619263 0.360949 0.384348 0.454542 0.75842
0 0.416006 0.415825 0.370849 0.458403 0.721399
0 0.6244 0.363118 0.385421 0.455319 0.841316
0 0.42233 0.409311 0.382773 0.469252 0.767046
0 0.631154 0.366323 0.396759 0.460449 0.825625
0 0.430116 0.405292 0.383766 0.48959 0.750738
0 0.634155 0.35915 0.395418 0.453951 0.829721
0 0.42122 0.406231 0.381827 0.470781 0.784212
0 0.63543 0.35943 0.40506 0.46569 0.805206
0 0.429547 0.409312 0.371284 0.458373 0.728514
0 0.625268 0.362416 0.3913 0.46373 0.816329
0 0.416498 0.40811 0.387697 0.480489 0.746297
0 0.625553 0.35692 0.398887 0.455893 0.818785
0 0.421418 0.400083 0.417368 0.490872 0.759131
0 0.630011 0.355856 0.404182 0.460557 0.849245
0 0.419855 0.405901 0.397555 0.479285 0.789814
0 0.619721 0.365682 0.375023 0.442295 0.863719
0 0.422329 0.411125 0.375695 0.478509 0.800443
0 0.627399 0.356366 0.400917 0.46297 0.841542
0 0.413894 0.403811 0.39628 0.481873 0.791684
0 0.63126 0.358954 0.399308 0.461953 0.884373
0 0.421475 0.417026 0.388123 0.473391 0.808992
0 0.631944 0.36069 0.398918 0.461767 0.877858
0 0.418155 0.407349 0.397481 0.492514 0.817532
0 0.632911 0.359384 0.417286 0.466234 0.795903
0 0.40972 0.406502 0.406626 0.471194 0.73134
0 0.636936 0.354842 0.40499 0.463675 0.855484
0 0.428325 0.403577 0.39135 0.481929 0.773334
0 0.633639 0.351304 0.421021 0.468387 0.816571
0 0.410763 0.396638 0.422015 0.490063 0.764168
0 0.628651 0.361561 0.385245 0.451452 0.816029
0 0.415505 0.412926 0.386102 0.465095 0.759602
0 0.632032 0.359317 0.389661 0.44872 0.836291
0 0.426807 0.412231 0.37473 0.466806 0.78074
0 0.630609 0.353088 0.392444 0.455342 0.864305
0 0.419209 0.403824 0.391292 0.480827 0.79486
0 0.6234 0.355214 0.396647 0.45929 0.867606
0 0.407718 0.399354 0.409593 0.490563 0.788714
0 0.627653 0.35328 0.389705 0.459601 0.918142
0 0.415716 0.403126 0.394448 0.483421 0.841757
0 0.627834 0.351196 0.378756 0.45153 0.82786
0 0.420967 0.40271 0.377882 0.478024 0.816749
0 0.632421 0.354063 0.396986 0.460467 0.883538
0 0.423675 0.404532 0.385209 0.472382 0.831153
0 0.63028 0.365862 0.389815 0.450882 0.845196
0 0.427711 0.413674 0.379564 0.479877 0.774483
0 0.630522 0.355958 0.380408 0.450098 0.874343
0 0.418804 0.408608 0.38465 0.477706 0.800445
0 0.633701 0.354434 0.381215 0.458384 0.866016
0 0.418167 0.405045 0.378229 0.476355 0.808392
0 0.62987 0.358065 0.400639 0.462942 0.889309
0 0.421285 0.408513 0.387645 0.47578 0.821695
0 0.63103 0.354007 0.402826 0.470366 0.841703
0 0.418813 0.403641 0.374513 0.495535 0.772731
0 0.634221 0.355848 0.405709 0.46214 0.84753
0 0.417916 0.40318 0.403393 0.497195 0.778661
0 0.628963 0.352021 0.397886 0.459101 0.87212
0 0.42405 0.407159 0.381962 0.482816 0.806333
0 0.625122 0.356432 0.384145 0.4581 0.86546
0 0.424768 0.403828 0.37566 0.483343 0.804517
0 0.627119 0.359853 0.390397 0.45704 0.866151
0 0.422151 0.412184 0.384537 0.471636 0.804189
0 0.625849 0.356655 0.394877 0.462815 0.891807
0 0.416302 0.406145 0.37972 0.483127 0.810461
0 0.632657 0.351196 0.413548 0.472464 0.84236
0 0.423441 0.400705 0.395073 0.502281 0.77663
0 0.62463 0.35935 0.396074 0.464056 0.869696
0 0.422117 0.407201 0.388622 0.488428 0.811104
0 0.629263 0.367612 0.383142 0.447039 0.873785
0 0.420671 0.420073 0.380887 0.463951 0.809793
0 0.623821 0.357659 0.395327 0.466199 0.871332
0 0.431101 0.405435 0.351003 0.494806 0.789465
0 0.633938 0.35527 0.392815 0.460432 0.889799
0 0.415583 0.409825 0.389038 0.474552 0.816436
0 0.634349 0.35464 0.400886 0.461831 0.872448
0 0.42231 0.409638 0.390491 0.47817 0.797012
0 0.633627 0.353487 0.405546 0.46371 0.879217
0 0.417962 0.410048 0.390766 0.477833 0.812907
0 0.631178 0.360789 0.400732 0.460656 0.878767
0 0.415471 0.417373 0.384973 0.471615 0.809345
0 0.630311 0.359465 0.388076 0.456318 0.87462
0 0.422982 0.421388 0.372488 0.454164 0.825782
0 0.626045 0.358074 0.394676 0.461767 0.898804
0 0.421913 0.412092 0.380472 0.4771 0.813064
0 0.625961 0.365415 0.392074 0.455499 0.878945
0 0.426463 0.417459 0.37652 0.470846 0.807153
0 0.632345 0.355824 0.398232 0.459455 0.886198
0 0.421404 0.409951 0.39259 0.481366 0.819152
0 0.630307 0.356137 0.392717 0.460017 0.893092
0 0.421043 0.411499 0.386608 0.477685 0.828701
0 0.63113 0.357004 0.399607 0.462089 0.886557
0 0.420914 0.422334 0.38466 0.452109 0.839298
0 0.629964 0.358234 0.393263 0.462443 0.884127
0 0.423018 0.421174 0.38232 0.452693 0.848218
0 0.632891 0.356779 0.397551 0.460346 0.873967
0 0.424843 0.420012 0.381573 0.447308 0.826506
0 0.628744 0.355209 0.394818 0.460523 0.895501
0 0.422223 0.418166 0.386534 0.455779 0.845386
0 0.630438 0.356688 0.396557 0.46193 0.881635
0 0.422065 0.413377 0.386689 0.470565 0.828498
0 0.627289 0.357174 0.395602 0.460225 0.895319
0 0.420821 0.421169 0.380702 0.450499 0.839331
0 0.631768 0.355868 0.398624 0.462572 0.898501
0 0.422041 0.415082 0.386486 0.468649 0.840713
0 0.629386 0.355737 0.397044 0.462203 0.89274
0 0.421542 0.414776 0.385942 0.468396 0.835056
0 0.627266 0.35716 0.395615 0.460218 0.895488
0 0.420799 0.42116 0.380703 0.450485 0.839551
