0 0.339744 0.396077 0.229733 0.281613 0.94059
0 0.338352 0.396399 0.221484 0.25654 0.995546
0 0.348609 0.387909 0.245809 0.283375 0.771665
0 0.3609 0.379128 0.233999 0.276766 0.611216
0 0.346575 0.388866 0.254426 0.265639 0.709076
0 0.354571 0.391935 0.224888 0.263951 0.73792
0 0.35849 0.402398 0.216516 0.260136 0.64797
0 0.355464 0.387336 0.226508 0.260556 0.725949
0 0.352398 0.395027 0.218846 0.255457 0.68765
0 0.346856 0.393065 0.200793 0.237996 0.661255
0 0.351245 0.38952 0.20173 0.236556 0.773566
0 0.351107 0.38726 0.213131 0.240425 0.770925
0 0.353877 0.395838 0.213207 0.246703 0.756352
0 0.342036 0.387062 0.218411 0.24383 0.728379
0 0.356133 0.387068 0.212946 0.242273 0.70119
0 0.35509 0.393522 0.230231 0.261913 0.728352
0 0.349577 0.39658 0.221143 0.255481 0.795189
0 0.34626 0.393388 0.218121 0.250895 0.750954
0 0.34998 0.394979 0.212991 0.246266 0.775324
0 0.347026 0.405581 0.230145 0.266246 0.771388
0 0.344629 0.391028 0.227086 0.264254 0.755668
0 0.351166 0.397168 0.236358 0.268238 0.747883
0 0.348497 0.396815 0.218536 0.247987 0.839038
0 0.350061 0.399173 0.233134 0.272127 0.773456
0 0.341895 0.393079 0.230767 0.253565 0.765299
0 0.349404 0.392658 0.220326 0.258961 0.850572
0 0.345657 0.3969 0.225476 0.260256 0.796881
0 0.343971 0.405383 0.230054 0.270025 0.812135
0 0.347564 0.395699 0.22788 0.270861 0.783802
0 0.348307 0.398951 0.219976 0.247301 0.738321
0 0.348387 0.394948 0.229431 0.263615 0.767738
0 0.345949 0.395003 0.23675 0.273586 0.835968
0 0.343197 0.398142 0.240602 0.274834 0.79493
0 0.342307 0.398176 0.237904 0.277843 0.836046
0 0.344311 0.397256 0.233095 0.263443 0.804979
0 0.348209 0.397187 0.244058 0.280977 0.688085
0 0.348376 0.391411 0.237425 0.273557 0.718678
0 0.347101 0.394136 0.23113 0.267992 0.842545
0 0.354012 0.386665 0.229232 0.266156 0.800956
0 0.345731 0.392894 0.233488 0.2618 0.820396
0 0.350959 0.397865 0.23745 0.275788 0.752407
0 0.347991 0.393163 0.236887 0.267226 0.856224
0 0.346738 0.396777 0.241774 0.278898 0.829233
0 0.344558 0.398147 0.235594 0.275019 0.851917
0 0.351539 0.399716 0.230337 0.269226 0.851633
0 0.344126 0.391493 0.231211 0.261076 0.809131
0 0.343917 0.395815 0.227975 0.260152 0.857801
0 0.348834 0.400893 0.228351 0.26319 0.846432
0 0.345232 0.402514 0.234748 0.26873 0.831444
0 0.344543 0.401997 0.234356 0.265667 0.836515
0 0.345206 0.396205 0.227618 0.263444 0.811935
0 0.344741 0.395885 0.231218 0.267358 0.863484
0 0.346753 0.397472 0.234591 0.266186 0.874667
0 0.3493 0.394053 0.227886 0.262325 0.850201
0 0.349288 0.402201 0.230848 0.271347 0.815501
0 0.352239 0.396996 0.238358 0.273892 0.816537
0 0.349114 0.395752 0.24338 0.280414 0.831264
0 0.346473 0.398183 0.233276 0.268866 0.80432
0 0.347043 0.396508 0.231183 0.26679 0.871136
0 0.346556 0.393075 0.234298 0.271656 0.782388
0 0.34944 0.391678 0.236045 0.272017 0.831624
0 0.344418 0.395642 0.231415 0.274917 0.833952
0 0.349941 0.398073 0.233664 0.271244 0.826379
0 0.345854 0.394607 0.234659 0.266893 0.814621
0 0.347232 0.397366 0.239263 0.279143 0.83614
0 0.346525 0.394221 0.236102 0.276441 0.851963
0 0.352947 0.395314 0.23316 0.273158 0.852126
0 0.352898 0.395495 0.23711 0.272303 0.820874
0 0.350845 0.394205 0.233926 0.27705 0.780502
0 0.353289 0.395925 0.233747 0.272358 0.828806
0 0.352666 0.398618 0.240525 0.27706 0.815119
0 0.349809 0.390732 0.236571 0.280661 0.85548
0 0.349005 0.394253 0.234362 0.276715 0.846968
0 0.349113 0.393291 0.237165 0.277238 0.818519
0 0.348493 0.392683 0.230105 0.26933 0.810727
0 0.350607 0.391752 0.23695 0.276132 0.868992
0 0.350778 0.392607 0.237522 0.272158 0.856033
0 0.346729 0.390627 0.237259 0.276078 0.8352
0 0.351684 0.39124 0.237726 0.275441 0.832931
0 0.348146 0.394215 0.240814 0.275215 0.826158
0 0.346791 0.393939 0.235876 0.267096 0.818456
0 0.3455 0.392181 0.240109 0.27955 0.84534
0 0.347976 0.391808 0.235971 0.275152 0.831373
0 0.348513 0.392051 0.239964 0.277642 0.83045
0 0.350209 0.393131 0.239708 0.27229 0.835591
0 0.348973 0.39209 0.237153 0.271105 0.858384
0 0.350045 0.392998 0.235872 0.273303 0.846659
0 0.348023 0.3929 0.23633 0.269776 0.860711
0 0.347896 0.392413 0.23697 0.270054 0.820391
0 0.348071 0.393171 0.237689 0.271072 0.866451
0 0.346565 0.395019 0.23605 0.270811 0.86646
0 0.348497 0.393746 0.235425 0.270826 0.862768
0 0.347914 0.394294 0.238095 0.272493 0.884924
0 0.349291 0.392752 0.23918 0.274214 0.85778
0 0.347775 0.394641 0.23863 0.271372 0.875717
0 0.347941 0.394094 0.240681 0.275161 0.865727
0 0.346943 0.394001 0.238972 0.273162 0.876807
0 0.347567 0.394089 0.237165 0.271891 0.870793
0 0.348164 0.393383 0.238975 0.274381 0.872687
0 0.346927 0.393998 0.238952 0.273148 0.876504
