0 0.47081 0.355862 0.51652 0.589037 0.737495
0 0.440514 0.351112 0.494238 0.60348 0.748408
0 0.451134 0.343554 0.497699 0.578133 0.784922
0 0.47223 0.34184 0.512208 0.577008 0.630709
0 0.471072 0.331799 0.545277 0.594159 0.643448
0 0.474539 0.336903 0.575573 0.583752 0.670419
0 0.487764 0.338664 0.56244 0.595539 0.775253
0 0.458625 0.346782 0.47877 0.581572 0.792533
0 0.485772 0.35152 0.481245 0.576806 0.620833
0 0.485981 0.325789 0.541806 0.627962 0.652279
0 0.484409 0.348264 0.550083 0.617094 0.658
0 0.478819 0.330868 0.541533 0.614227 0.759544
0 0.483371 0.354607 0.551712 0.634166 0.848238
0 0.472162 0.340559 0.515319 0.605804 0.87705
0 0.458982 0.376929 0.636113 0.740421 0.81642
0 0.478364 0.326078 0.534197 0.642781 0.708026
0 0.471691 0.331591 0.471326 0.595882 0.770166
0 0.486122 0.336084 0.544997 0.609556 0.853845
0 0.494534 0.342539 0.516733 0.610821 0.85808
0 0.483279 0.364067 0.551817 0.668723 0.694329
0 0.478316 0.337846 0.459103 0.579018 0.787317
0 0.492984 0.343498 0.529638 0.608433 0.725984
0 0.473595 0.360657 0.552754 0.636391 0.791315
0 0.477089 0.336307 0.513015 0.615406 0.762741
0 0.482075 0.352599 0.532541 0.627481 0.832007
0 0.496925 0.326715 0.536583 0.630571 0.72732
0 0.505799 0.332311 0.488139 0.594715 0.736456
0 0.482 0.354645 0.553665 0.633684 0.839394
0 0.476059 0.331358 0.4945 0.563414 0.762487
0 0.481105 0.34861 0.480148 0.571003 0.807554
0 0.473781 0.343225 0.513439 0.585879 0.799495
0 0.471702 0.344592 0.508896 0.597756 0.803111
0 0.472856 0.340193 0.524594 0.645648 0.7372
0 0.491477 0.336858 0.501665 0.590362 0.860223
0 0.480842 0.340288 0.517881 0.608589 0.702141
0 0.474045 0.343086 0.497445 0.585537 0.84596
0 0.502444 0.335329 0.50062 0.589036 0.822103
0 0.478319 0.341427 0.478874 0.59103 0.692114
0 0.474855 0.347229 0.501376 0.592388 0.792348
0 0.498085 0.33914 0.511191 0.615418 0.759172
0 0.483102 0.3299 0.517581 0.611947 0.804034
0 0.483932 0.339782 0.52178 0.629711 0.777418
0 0.477821 0.344234 0.516837 0.597368 0.833395
0 0.480974 0.342556 0.523924 0.623887 0.772696
0 0.487699 0.343285 0.510193 0.596334 0.823319
0 0.475968 0.350469 0.516181 0.601229 0.862146
0 0.500661 0.334769 0.50829 0.603543 0.795277
0 0.47843 0.332404 0.537116 0.628638 0.805707
0 0.468051 0.344897 0.534468 0.629022 0.824774
0 0.483976 0.335289 0.529649 0.6116 0.782743
0 0.493849 0.338005 0.538049 0.625416 0.808417
0 0.474751 0.33323 0.555455 0.628796 0.819055
0 0.481336 0.340204 0.520158 0.623002 0.762167
0 0.47697 0.337901 0.540228 0.638608 0.812841
0 0.480882 0.333621 0.532054 0.625893 0.808659
0 0.464201 0.338161 0.560181 0.633529 0.824739
0 0.484112 0.336806 0.528973 0.60641 0.848055
0 0.47833 0.338269 0.542971 0.61838 0.793248
0 0.490449 0.34264 0.548262 0.627135 0.827045
0 0.479541 0.353035 0.531375 0.616616 0.813222
0 0.47421 0.341189 0.536183 0.629503 0.836908
0 0.473896 0.339575 0.518808 0.611892 0.815478
0 0.482912 0.347294 0.550664 0.631844 0.810216
0 0.464087 0.347757 0.535409 0.623874 0.776486
0 0.484612 0.343513 0.545644 0.619418 0.779888
0 0.476829 0.340689 0.549394 0.621906 0.791745
0 0.482102 0.334068 0.527037 0.602375 0.787881
0 0.473251 0.338303 0.537429 0.624983 0.786801
0 0.47173 0.338789 0.535503 0.619519 0.829709
0 0.47923 0.344297 0.548271 0.62688 0.815504
0 0.477468 0.347013 0.546493 0.626642 0.842177
0 0.481142 0.352042 0.523206 0.612492 0.86457
0 0.476962 0.345468 0.529169 0.62129 0.858755
0 0.483156 0.338912 0.531516 0.621647 0.839099
0 0.481909 0.342135 0.546201 0.627827 0.831319
0 0.483726 0.343593 0.542933 0.623232 0.836324
0 0.471173 0.345245 0.53888 0.620067 0.851061
0 0.478805 0.339439 0.53121 0.616482 0.842362
0 0.478599 0.344955 0.546417 0.628321 0.845495
0 0.475531 0.348106 0.539756 0.62278 0.843542
0 0.476492 0.341538 0.541583 0.617979 0.847243
0 0.475963 0.345554 0.535362 0.62149 0.859287
0 0.483092 0.344213 0.549457 0.626265 0.846998
0 0.475243 0.346969 0.545201 0.62962 0.848034
0 0.481848 0.342339 0.556362 0.63047 0.827903
0 0.472867 0.343779 0.545516 0.62782 0.854866
0 0.478794 0.346129 0.548083 0.632202 0.847806
0 0.473696 0.343951 0.541639 0.626326 0.860264
0 0.47838 0.345598 0.552454 0.63534 0.864694
0 0.47708 0.342898 0.547171 0.629154 0.8624
0 0.47369 0.343942 0.541589 0.626261 0.860491
