0 0.864854 0.18165 0.24862 0.296483 0.893321
0 0.386542 0.309268 0.211499 0.256137 0.888704
0 0.859223 0.175927 0.214103 0.271542 0.878601
0 0.094698 0.27073 0.189396 0.226559 0.786407
0 0.273943 0.108694 0.197093 0.217387 0.768979
0 0.097961 0.29593 0.195922 0.28406 0.767384
0 0.646578 0.133449 0.202062 0.251791 0.766991
0 0.586795 0.375512 0.206145 0.235391 0.760455
0 0.869912 0.423591 0.242955 0.291225 0.716373
0 0.133775 0.300873 0.267551 0.376226 0.680756
0 0.873926 0.162069 0.193156 0.218698 0.604865
0 0.663724 0.12926 0.218808 0.25852 0.946988
0 0.408836 0.306716 0.211897 0.247622 0.917008
0 0.130989 0.314967 0.261977 0.378233 0.866312
0 0.884688 0.416592 0.230623 0.301628 0.757918
0 0.273395 0.109708 0.166801 0.187744 0.745546
0 0.519148 0.0836683 0.167866 0.167337 0.743403
0 0.881754 0.178988 0.233594 0.294641 0.656239
0 0.260054 0.10654 0.17982 0.211626 0.78025
0 0.118458 0.303647 0.236916 0.372557 0.747073
0 0.388854 0.321195 0.241765 0.277731 0.746762
0 0.654029 0.139457 0.226035 0.266825 0.73729
0 0.399356 0.316158 0.226278 0.269346 0.858366
0 0.265088 0.111911 0.196307 0.223822 0.835302
0 0.654942 0.134069 0.211203 0.256536 0.82469
0 0.886653 0.41691 0.226693 0.279519 0.765958
0 0.877943 0.174103 0.229627 0.272997 0.663475
0 0.13611 0.317443 0.272221 0.39272 0.645921
0 0.387149 0.328206 0.22134 0.276603 0.899819
0 0.650849 0.138358 0.217777 0.276715 0.857684
0 0.875934 0.184034 0.20904 0.262651 0.847738
0 0.88017 0.422997 0.23966 0.312924 0.824009
0 0.260923 0.114126 0.190513 0.21984 0.732487
0 0.511933 0.104176 0.19403 0.208353 0.729904
0 0.147705 0.330013 0.29541 0.422515 0.610527
0 0.657545 0.133305 0.221537 0.251837 0.843838
0 0.882113 0.422574 0.235775 0.303995 0.810607
0 0.141378 0.301605 0.282756 0.418304 0.795886
0 0.388258 0.323922 0.243254 0.286667 0.766369
0 0.852585 0.420309 0.294831 0.364197 0.728023
0 0.876643 0.172857 0.220114 0.257261 0.651459
0 0.267334 0.113241 0.203077 0.226483 0.638246
0 0.521698 0.0967017 0.187623 0.193403 0.613034
0 0.13767 0.303775 0.27534 0.425735 0.857026
0 0.394339 0.324382 0.242692 0.291492 0.833531
0 0.655623 0.136085 0.212092 0.258624 0.756077
0 0.886295 0.420429 0.227411 0.286828 0.714521
0 0.263671 0.117901 0.204036 0.235801 0.692996
0 0.880701 0.176663 0.227672 0.265974 0.681455
0 0.390809 0.320205 0.228435 0.269861 0.89103
0 0.652084 0.134553 0.202755 0.25022 0.832836
0 0.120286 0.298645 0.240571 0.354183 0.821226
0 0.87419 0.178409 0.20444 0.24591 0.793931
0 0.267093 0.112729 0.193506 0.225458 0.779511
0 0.884411 0.42223 0.231178 0.27766 0.723871
0 0.512648 0.0953495 0.184911 0.190699 0.681757
0 0.581774 0.381993 0.210769 0.255494 0.663419
0 0.386456 0.31864 0.229997 0.280762 0.852817
0 0.883323 0.419274 0.233353 0.287762 0.840155
0 0.646376 0.134713 0.209971 0.250125 0.78214
0 0.869114 0.175096 0.216017 0.261231 0.750442
0 0.261786 0.112545 0.194746 0.22509 0.73602
0 0.124615 0.322057 0.24923 0.399988 0.689023
0 0.510401 0.102142 0.201101 0.204284 0.620979
0 0.575877 0.381293 0.221137 0.274234 0.612373
0 0.394579 0.32251 0.229905 0.272789 0.911259
0 0.261117 0.114289 0.206296 0.228578 0.835568
0 0.888409 0.419438 0.223182 0.275565 0.833107
0 0.649743 0.133027 0.21653 0.259261 0.820708
0 0.119512 0.301428 0.239025 0.380133 0.812245
0 0.589332 0.384548 0.231317 0.275359 0.794047
0 0.511329 0.101069 0.206349 0.202138 0.715637
0 0.876795 0.173225 0.197411 0.227174 0.707243
0 0.38829 0.32002 0.232111 0.276591 0.851234
0 0.138524 0.303548 0.277048 0.374243 0.817283
0 0.881272 0.41949 0.236123 0.285292 0.762161
0 0.646673 0.131664 0.213456 0.261007 0.720073
0 0.264165 0.115065 0.193337 0.23013 0.694239
0 0.570445 0.376883 0.234983 0.273309 0.657882
0 0.509934 0.100767 0.191387 0.201534 0.657012
0 0.869922 0.176243 0.193019 0.242107 0.623084
0 0.382662 0.323661 0.248824 0.2832 0.837152
0 0.260173 0.114162 0.203997 0.228325 0.782918
0 0.877744 0.41869 0.244512 0.295653 0.770441
0 0.646444 0.133192 0.222263 0.262266 0.752533
0 0.12969 0.303032 0.25938 0.391724 0.726265
0 0.873698 0.170087 0.218874 0.25113 0.688312
0 0.513173 0.0980034 0.199919 0.196007 0.671877
0 0.576375 0.382645 0.233385 0.276215 0.606011
0 0.394243 0.32484 0.238466 0.282837 0.825152
0 0.885858 0.423318 0.228284 0.298723 0.802249
0 0.660443 0.135966 0.214259 0.251793 0.771404
0 0.127561 0.29685 0.255122 0.350104 0.753114
0 0.267332 0.114604 0.19618 0.228699 0.72684
0 0.592603 0.383982 0.222137 0.265114 0.644925
0 0.879883 0.173372 0.193265 0.227717 0.641308
0 0.3951 0.321047 0.244754 0.290079 0.852131
0 0.888176 0.424468 0.223648 0.279421 0.785047
0 0.650538 0.134691 0.212267 0.247021 0.775451
0 0.262394 0.112972 0.203651 0.225945 0.76025
0 0.875991 0.172904 0.201934 0.237035 0.695107
0 0.129888 0.302115 0.259776 0.359967 0.665822
0 0.516647 0.100448 0.212139 0.200896 0.628262
0 0.579775 0.383036 0.23781 0.284426 0.604142
0 0.39268 0.322528 0.239052 0.279912 0.870505
0 0.887643 0.424921 0.224715 0.271536 0.842376
0 0.651728 0.137241 0.206817 0.243227 0.832855
0 0.267665 0.114074 0.198591 0.228148 0.810866
0 0.877165 0.177438 0.205808 0.248316 0.799505
0 0.579248 0.384591 0.23207 0.271893 0.769111
0 0.512876 0.100386 0.212898 0.200771 0.760665
0 0.129988 0.297369 0.259977 0.358665 0.758041
0 0.392001 0.321436 0.237814 0.283901 0.860793
0 0.887504 0.423328 0.224991 0.278944 0.820082
0 0.120715 0.303924 0.24143 0.33173 0.799669
0 0.264698 0.11204 0.193692 0.22297 0.760916
0 0.646412 0.134518 0.21123 0.249462 0.747745
0 0.588909 0.38244 0.22103 0.263686 0.732847
0 0.871583 0.17631 0.206063 0.245347 0.703452
0 0.397289 0.31988 0.242662 0.287023 0.93261
0 0.88739 0.414716 0.225219 0.291044 0.860267
0 0.872523 0.169534 0.215756 0.252821 0.833282
0 0.653305 0.130432 0.220852 0.257816 0.827917
0 0.131725 0.292965 0.26345 0.360828 0.825596
0 0.262968 0.115308 0.204395 0.230549 0.817821
0 0.581988 0.377645 0.234034 0.272655 0.74812
0 0.523247 0.10413 0.22058 0.208261 0.70101
0 0.391517 0.325257 0.245811 0.295599 0.84803
0 0.650131 0.140532 0.206585 0.248342 0.822933
0 0.264952 0.117347 0.209423 0.234694 0.788116
0 0.887062 0.424106 0.225876 0.278976 0.787639
0 0.124338 0.303029 0.248676 0.350044 0.765142
0 0.872019 0.181618 0.212584 0.26092 0.692325
0 0.573554 0.383759 0.236653 0.283569 0.684533
0 0.122505 0.29618 0.245011 0.361366 0.799545
0 0.391565 0.324692 0.249657 0.291879 0.76609
0 0.648154 0.131675 0.223496 0.260899 0.729704
0 0.259779 0.115229 0.207966 0.230458 0.716779
0 0.885567 0.422432 0.228866 0.282016 0.700717
0 0.873081 0.170487 0.207099 0.251305 0.666992
0 0.578477 0.380221 0.237556 0.277579 0.651448
0 0.399775 0.321043 0.250008 0.295303 0.906175
0 0.263038 0.114505 0.211999 0.229009 0.780841
0 0.883498 0.414686 0.233003 0.296577 0.776831
0 0.133778 0.292969 0.267556 0.353258 0.776738
0 0.653817 0.130747 0.213335 0.252966 0.772635
0 0.875121 0.174805 0.224896 0.268224 0.766826
0 0.578683 0.38014 0.235196 0.277489 0.680387
0 0.515247 0.100764 0.226989 0.201528 0.661277
0 0.3941 0.326663 0.230411 0.268736 0.90001
0 0.262004 0.114047 0.192161 0.218214 0.831513
0 0.888033 0.422353 0.223935 0.27349 0.818557
0 0.652051 0.133081 0.211043 0.249633 0.811931
0 0.123896 0.294515 0.247792 0.337165 0.804553
0 0.585806 0.381924 0.22647 0.264376 0.802342
0 0.875622 0.178938 0.207112 0.243974 0.747993
0 0.509308 0.0989142 0.209079 0.197828 0.709576
0 0.39572 0.33289 0.249917 0.29724 0.915011
0 0.652873 0.135579 0.219975 0.263024 0.848052
0 0.885065 0.428569 0.229871 0.291792 0.814809
0 0.258904 0.115678 0.202275 0.230839 0.786558
0 0.874851 0.180943 0.224436 0.271893 0.784744
0 0.125194 0.30342 0.250389 0.352183 0.751702
0 0.576982 0.384152 0.234384 0.2822 0.701466
0 0.510032 0.104662 0.223727 0.209324 0.689093
0 0.385153 0.326748 0.242539 0.272501 0.927761
0 0.257872 0.112177 0.201909 0.224353 0.805166
0 0.121949 0.295923 0.243898 0.36197 0.800231
0 0.884372 0.423782 0.231257 0.272607 0.799365
0 0.644568 0.12967 0.213151 0.243988 0.745489
0 0.502303 0.0985753 0.215412 0.197151 0.743999
0 0.865427 0.173625 0.216556 0.258021 0.741444
0 0.582806 0.37943 0.228357 0.263393 0.697477
0 0.392613 0.327233 0.239997 0.289649 0.911465
0 0.887081 0.42312 0.225839 0.286863 0.907694
0 0.261677 0.113171 0.202572 0.226342 0.864261
0 0.649599 0.134725 0.209155 0.249943 0.860173
0 0.126658 0.296647 0.253316 0.353367 0.84911
0 0.867502 0.173335 0.211495 0.25298 0.844588
0 0.58187 0.380112 0.237053 0.271919 0.839802
0 0.511814 0.101209 0.208085 0.202418 0.777504
0 0.39311 0.332127 0.243649 0.283161 0.906125
0 0.135699 0.303858 0.271398 0.371226 0.901017
0 0.651988 0.134737 0.224601 0.258509 0.837203
0 0.882711 0.428744 0.234578 0.288286 0.821206
0 0.871619 0.174036 0.222558 0.259576 0.815866
0 0.258964 0.117581 0.210896 0.235162 0.805938
0 0.585632 0.382965 0.241823 0.276389 0.800504
0 0.505201 0.105834 0.227419 0.211668 0.740589
0 0.389767 0.333613 0.244402 0.285131 0.918564
0 0.647246 0.136066 0.216597 0.247771 0.852478
0 0.883306 0.429785 0.233388 0.283395 0.834604
0 0.259115 0.117811 0.211321 0.227808 0.816192
0 0.126746 0.298834 0.253492 0.342814 0.810127
0 0.869853 0.178836 0.22489 0.26254 0.802815
0 0.580493 0.387396 0.240002 0.279156 0.760815
0 0.508086 0.106636 0.222737 0.202435 0.717254
0 0.390988 0.325193 0.23567 0.281863 0.852202
0 0.653296 0.13639 0.210034 0.252533 0.789077
0 0.262294 0.116122 0.203088 0.232245 0.77528
0 0.88637 0.425404 0.227261 0.283714 0.761884
0 0.124581 0.302037 0.249162 0.342076 0.727025
0 0.871238 0.171674 0.229702 0.271501 0.720481
0 0.577312 0.381097 0.225681 0.270833 0.645007
0 0.509408 0.103195 0.215145 0.197413 0.620997
0 0.394013 0.330703 0.240453 0.276809 0.817542
0 0.260283 0.115413 0.205757 0.230717 0.797007
0 0.120179 0.297388 0.240357 0.355607 0.782448
0 0.653525 0.136607 0.211887 0.245872 0.727451
0 0.888858 0.425967 0.222284 0.266124 0.723626
0 0.873029 0.182421 0.20986 0.249325 0.687653
0 0.573711 0.384374 0.220539 0.26144 0.663978
0 0.508111 0.0991429 0.209416 0.198286 0.627923
0 0.394783 0.324791 0.254043 0.299133 0.848521
0 0.260488 0.113126 0.206218 0.226252 0.79299
0 0.882907 0.418968 0.234185 0.290035 0.790003
0 0.652435 0.134914 0.217712 0.248746 0.76931
0 0.872101 0.173855 0.236504 0.277534 0.765557
0 0.130703 0.301214 0.261406 0.364194 0.723929
0 0.506945 0.0985247 0.216371 0.197049 0.691456
0 0.590511 0.377939 0.234109 0.272958 0.684659
0 0.396493 0.325944 0.255579 0.299571 0.882626
0 0.881967 0.417584 0.236067 0.298474 0.862831
0 0.261169 0.115206 0.21331 0.230413 0.851812
0 0.649904 0.129464 0.216419 0.253174 0.842066
0 0.868766 0.175958 0.231531 0.274078 0.836006
0 0.131667 0.288802 0.263334 0.361071 0.82327
0 0.587048 0.380708 0.23875 0.276633 0.789936
0 0.510541 0.0977582 0.224849 0.195516 0.743624
0 0.394524 0.326762 0.250213 0.292833 0.835039
0 0.261531 0.116838 0.214715 0.233675 0.827809
0 0.649514 0.132789 0.225276 0.263844 0.806641
0 0.882069 0.418763 0.235861 0.287735 0.806126
0 0.871766 0.181713 0.23531 0.277701 0.79255
0 0.127612 0.296365 0.255224 0.351559 0.764128
0 0.511564 0.100406 0.220335 0.196768 0.756824
0 0.581034 0.381804 0.237177 0.279569 0.746348
0 0.88197 0.425942 0.23606 0.283077 0.885822
0 0.389427 0.334089 0.242415 0.282862 0.877287
0 0.124962 0.298164 0.249924 0.361218 0.873205
0 0.646857 0.135147 0.218291 0.257119 0.837991
0 0.259743 0.113685 0.200921 0.227371 0.83418
0 0.868967 0.185197 0.225503 0.267411 0.78801
0 0.511851 0.102658 0.218043 0.204757 0.768976
0 0.578844 0.386856 0.238133 0.276755 0.732596
0 0.390933 0.330654 0.252741 0.288777 0.833847
0 0.257504 0.116133 0.207844 0.232267 0.817845
0 0.647743 0.131886 0.221278 0.255168 0.80224
0 0.882012 0.421015 0.235976 0.285463 0.776963
0 0.866004 0.179002 0.228598 0.270506 0.759055
0 0.120826 0.301775 0.241652 0.352713 0.693545
0 0.509284 0.102356 0.21535 0.204711 0.655201
0 0.574215 0.380863 0.233839 0.276129 0.619874
0 0.263557 0.11332 0.203798 0.226639 0.805989
0 0.886092 0.424933 0.227815 0.287379 0.785162
0 0.396874 0.331224 0.250574 0.288677 0.781223
0 0.64965 0.128738 0.220004 0.257132 0.75404
0 0.127218 0.297595 0.254435 0.359134 0.729839
0 0.87153 0.178787 0.227795 0.268838 0.728813
0 0.514389 0.101858 0.227629 0.203715 0.696389
0 0.58037 0.379754 0.238185 0.276105 0.689092
0 0.128315 0.29315 0.256631 0.357228 0.747606
0 0.256509 0.113984 0.20686 0.227967 0.735141
0 0.883221 0.413757 0.233559 0.295205 0.728693
0 0.396603 0.324378 0.246501 0.291527 0.725875
0 0.648574 0.126488 0.228579 0.252977 0.699548
0 0.50999 0.096472 0.20905 0.192944 0.67428
0 0.394356 0.332924 0.240176 0.275322 0.850687
0 0.258929 0.113673 0.199328 0.227346 0.841786
0 0.883162 0.424021 0.231617 0.268414 0.836957
0 0.646078 0.130364 0.220905 0.25577 0.80743
0 0.122799 0.289487 0.245598 0.339349 0.789112
0 0.868983 0.173767 0.217097 0.254248 0.777927
0 0.506051 0.0975081 0.207326 0.195016 0.76707
0 0.576097 0.379487 0.218777 0.252129 0.758801
0 0.128459 0.290737 0.256919 0.338978 0.910876
0 0.261823 0.112995 0.199582 0.225991 0.853486
0 0.888826 0.421093 0.222349 0.280081 0.851789
0 0.401029 0.330863 0.243908 0.288685 0.85176
0 0.651777 0.128333 0.218367 0.256665 0.839581
0 0.876926 0.172516 0.218905 0.255585 0.821876
0 0.511105 0.0997151 0.207612 0.19943 0.773498
0 0.583375 0.381927 0.226849 0.269956 0.772915
0 0.395757 0.330944 0.244519 0.280153 0.821998
0 0.128862 0.294718 0.257723 0.342083 0.821287
0 0.259999 0.115619 0.210937 0.231237 0.792768
0 0.884802 0.420735 0.230395 0.278293 0.780203
0 0.873543 0.176141 0.21763 0.250929 0.779583
0 0.653602 0.130852 0.21639 0.246248 0.760451
0 0.510621 0.102529 0.225845 0.201777 0.746939
0 0.581187 0.380525 0.222763 0.258847 0.721664
0 0.255998 0.11758 0.213544 0.23516 0.78628
0 0.397614 0.333124 0.261174 0.306559 0.773784
0 0.130542 0.293592 0.261084 0.353983 0.755983
0 0.883571 0.42303 0.232857 0.289427 0.749393
0 0.87663 0.177987 0.227785 0.265857 0.739426
0 0.65269 0.132927 0.218911 0.260273 0.723342
0 0.507032 0.10284 0.220961 0.204553 0.71279
0 0.566146 0.381444 0.235733 0.276227 0.701528
0 0.393468 0.331621 0.244435 0.285242 0.891222
0 0.881602 0.418704 0.236796 0.291624 0.880428
0 0.647716 0.129995 0.220997 0.256927 0.85614
0 0.253128 0.113311 0.200765 0.226622 0.855666
0 0.870967 0.17237 0.220072 0.256415 0.840715
0 0.121725 0.285706 0.243451 0.357762 0.833749
0 0.501937 0.101345 0.223744 0.199293 0.779647
0 0.554274 0.375208 0.238937 0.278069 0.755221
0 0.127214 0.289534 0.254428 0.349257 0.865973
0 0.390328 0.325145 0.250417 0.296648 0.863259
0 0.882683 0.420995 0.234634 0.291465 0.850504
0 0.257138 0.115712 0.204485 0.231424 0.820387
0 0.87247 0.175322 0.226119 0.26285 0.817542
0 0.647418 0.130383 0.220063 0.256611 0.807694
0 0.511135 0.0998679 0.217458 0.196233 0.742726
0 0.575848 0.381523 0.224967 0.267282 0.731755
0 0.394385 0.333041 0.241337 0.283341 0.852859
0 0.871563 0.177735 0.221879 0.2598 0.845663
0 0.258004 0.113539 0.201578 0.225934 0.843219
0 0.885558 0.425344 0.228883 0.280347 0.838529
0 0.653137 0.133666 0.218252 0.255003 0.815523
0 0.131168 0.292146 0.262336 0.359043 0.783506
0 0.509187 0.102894 0.221357 0.202556 0.762778
0 0.58407 0.383398 0.223415 0.262173 0.736982
0 0.394547 0.335227 0.243931 0.281348 0.871589
0 0.885904 0.42545 0.228193 0.287149 0.861998
0 0.261962 0.115555 0.193901 0.22705 0.849287
0 0.128064 0.29858 0.256127 0.362628 0.843702
0 0.874579 0.176896 0.223318 0.258043 0.828032
0 0.516569 0.0983277 0.204576 0.196655 0.823275
0 0.655473 0.132979 0.214412 0.254563 0.801315
0 0.575678 0.379419 0.22628 0.267962 0.744309
0 0.127145 0.292452 0.254289 0.352065 0.835273
0 0.885303 0.420262 0.229394 0.27777 0.821063
0 0.392855 0.327769 0.237416 0.275717 0.810624
0 0.258469 0.112898 0.20117 0.225795 0.810314
0 0.87336 0.1743 0.219375 0.252718 0.798467
0 0.648005 0.125864 0.219254 0.249442 0.790525
0 0.506788 0.0950553 0.212271 0.190111 0.737189
0 0.565512 0.377332 0.221392 0.261375 0.713521
0 0.392768 0.329456 0.231959 0.270292 0.876951
0 0.256206 0.112666 0.200388 0.222336 0.839488
0 0.885928 0.421686 0.228145 0.268539 0.835528
0 0.649153 0.130114 0.219992 0.253115 0.831924
0 0.869445 0.177146 0.225251 0.261526 0.824798
0 0.122909 0.291506 0.245818 0.341217 0.76673
0 0.507412 0.098188 0.213821 0.195485 0.766199
0 0.563204 0.380234 0.222227 0.265441 0.732897
0 0.392565 0.335949 0.241682 0.275147 0.87446
0 0.259478 0.118195 0.204146 0.227589 0.839337
0 0.883178 0.425366 0.233643 0.277774 0.836345
0 0.872549 0.186707 0.226555 0.262377 0.822768
0 0.649739 0.135808 0.217061 0.250946 0.814303
0 0.126942 0.30139 0.253884 0.353678 0.813509
0 0.511482 0.0993282 0.208617 0.198656 0.781397
0 0.567635 0.382494 0.224257 0.270772 0.768328
0 0.396112 0.334482 0.243174 0.284069 0.855095
0 0.88488 0.430451 0.23024 0.285459 0.847678
0 0.123967 0.297925 0.247935 0.340984 0.835347
0 0.25896 0.118483 0.205109 0.225881 0.830145
0 0.873186 0.182484 0.230715 0.266257 0.802654
0 0.650701 0.135761 0.216725 0.250732 0.802213
0 0.512411 0.100672 0.213249 0.201345 0.727431
0 0.564205 0.383116 0.227329 0.271134 0.684382
0 0.129374 0.293477 0.258747 0.345327 0.870925
0 0.394967 0.337592 0.242001 0.278019 0.855154
0 0.885966 0.426784 0.228068 0.277319 0.855003
0 0.258649 0.117502 0.209542 0.230071 0.828475
0 0.647732 0.13528 0.21675 0.251885 0.825647
0 0.87395 0.183154 0.22434 0.258882 0.812592
0 0.507846 0.0993033 0.216973 0.196439 0.766788
0 0.56857 0.38788 0.227098 0.266166 0.744818
0 0.393294 0.327853 0.246597 0.285474 0.847312
0 0.258665 0.11611 0.211462 0.229101 0.81541
0 0.127091 0.291166 0.254182 0.342247 0.802424
0 0.651057 0.13401 0.219728 0.254559 0.799069
0 0.882997 0.419641 0.234006 0.285202 0.797491
0 0.51259 0.0983611 0.211652 0.191665 0.742886
0 0.871926 0.175729 0.217838 0.256517 0.737912
0 0.573997 0.380023 0.233111 0.27349 0.690829
0 0.394364 0.331657 0.25165 0.289803 0.866487
0 0.125166 0.299743 0.250332 0.344617 0.846563
0 0.259747 0.117495 0.208971 0.233362 0.829812
0 0.649147 0.131604 0.215323 0.253947 0.823947
0 0.882488 0.424146 0.235025 0.278969 0.823047
0 0.873607 0.1737 0.222878 0.255028 0.804072
0 0.513743 0.10009 0.217028 0.198665 0.748351
0 0.579792 0.383966 0.224125 0.268546 0.688421
0 0.394516 0.335391 0.24346 0.281066 0.867756
0 0.26074 0.116774 0.205657 0.227854 0.865173
0 0.868983 0.178756 0.229244 0.260476 0.840781
0 0.648459 0.133708 0.217998 0.248972 0.836161
0 0.882349 0.428748 0.235303 0.274512 0.833503
0 0.508516 0.0986223 0.216773 0.192565 0.816061
0 0.131049 0.296006 0.262098 0.344312 0.81129
0 0.563888 0.38374 0.239799 0.280726 0.78804
0 0.394505 0.334163 0.238956 0.278511 0.879948
0 0.257495 0.113109 0.204595 0.226218 0.850959
0 0.510985 0.0981391 0.210435 0.196278 0.838881
0 0.886969 0.423238 0.226062 0.27294 0.83315
0 0.128495 0.295152 0.256989 0.34445 0.827614
0 0.870339 0.17406 0.221088 0.254398 0.824856
0 0.650713 0.130382 0.213191 0.248295 0.809403
0 0.575367 0.38271 0.220309 0.262853 0.757014
0 0.397617 0.33733 0.244621 0.282797 0.856757
0 0.257306 0.115426 0.197011 0.228339 0.829749
0 0.886992 0.427473 0.226016 0.278901 0.820759
0 0.123061 0.29591 0.246122 0.346586 0.805118
0 0.650979 0.132192 0.212086 0.252393 0.782532
0 0.509584 0.100275 0.206288 0.19669 0.779582
0 0.872146 0.178297 0.219909 0.257645 0.753082
0 0.565482 0.385526 0.228665 0.273779 0.72433
0 0.394866 0.329367 0.247479 0.290116 0.864886
0 0.260847 0.113949 0.201269 0.227899 0.836829
0 0.653846 0.129472 0.219741 0.252427 0.815354
0 0.512732 0.100802 0.211744 0.194376 0.803621
0 0.884138 0.42234 0.231725 0.272152 0.802618
0 0.130713 0.291875 0.261425 0.352858 0.79989
0 0.87493 0.180497 0.227271 0.264083 0.791497
0 0.579991 0.383973 0.220727 0.262076 0.747341
0 0.125447 0.295588 0.250894 0.35624 0.848554
0 0.398491 0.331251 0.246376 0.287377 0.837905
0 0.886577 0.421295 0.226846 0.289284 0.821447
0 0.256995 0.113447 0.200729 0.226894 0.792022
0 0.652189 0.12834 0.222949 0.25668 0.784043
0 0.874315 0.174054 0.230325 0.265517 0.783973
0 0.509063 0.100986 0.217194 0.199069 0.741826
0 0.56467 0.381243 0.238289 0.27869 0.705495
0 0.129226 0.295916 0.258453 0.355841 0.843601
0 0.257263 0.113119 0.195568 0.222527 0.84218
0 0.394876 0.332564 0.236478 0.276718 0.838927
0 0.8843 0.427948 0.226194 0.269577 0.802256
0 0.87281 0.179352 0.21759 0.256167 0.797314
0 0.651753 0.1301 0.21051 0.25088 0.778961
0 0.511232 0.0984137 0.207184 0.196827 0.765564
0 0.560407 0.38314 0.223959 0.267554 0.662268
0 0.395625 0.332483 0.247069 0.288824 0.885467
0 0.653131 0.133109 0.217022 0.250668 0.838095
0 0.257885 0.115352 0.205723 0.230704 0.836755
0 0.884007 0.422995 0.231986 0.276176 0.823655
0 0.872814 0.178481 0.220637 0.25712 0.822598
0 0.511991 0.0994379 0.206095 0.198876 0.808168
0 0.128111 0.294575 0.256222 0.351469 0.801405
0 0.563436 0.385158 0.226023 0.270339 0.645039
0 0.394339 0.327847 0.242197 0.286007 0.816296
0 0.260766 0.115184 0.204525 0.230367 0.801239
0 0.887406 0.420271 0.225189 0.276336 0.794793
0 0.651419 0.126564 0.218152 0.253128 0.790977
0 0.127102 0.293977 0.254204 0.342526 0.78934
0 0.875496 0.175313 0.223799 0.260531 0.770824
0 0.512547 0.098782 0.214975 0.197564 0.734745
0 0.581126 0.381033 0.227935 0.270527 0.605804
0 0.398856 0.330659 0.247273 0.287976 0.865111
0 0.128107 0.28675 0.256214 0.353896 0.8287
0 0.257392 0.113045 0.201163 0.22609 0.822243
0 0.875317 0.421558 0.21631 0.280585 0.811407
0 0.650515 0.126509 0.216558 0.25131 0.787329
0 0.868355 0.171172 0.22036 0.256664 0.786206
0 0.509453 0.100662 0.211148 0.19881 0.734729
0 0.55623 0.379046 0.235295 0.282708 0.661679
0 0.397239 0.335849 0.253671 0.29251 0.880806
0 0.875708 0.428231 0.221415 0.28181 0.846324
0 0.258872 0.117377 0.204597 0.232611 0.840009
0 0.127843 0.293731 0.255686 0.350317 0.839575
0 0.645615 0.131478 0.217455 0.254528 0.817623
0 0.510435 0.103924 0.214591 0.204141 0.790493
0 0.868953 0.177316 0.217422 0.255824 0.777841
0 0.572481 0.384581 0.232487 0.276849 0.64424
0 0.262469 0.114824 0.199732 0.223712 0.865254
0 0.398948 0.335363 0.243524 0.280703 0.863642
0 0.653432 0.127084 0.217465 0.253654 0.846316
0 0.886175 0.428394 0.22765 0.271511 0.843113
0 0.130373 0.294928 0.260746 0.350642 0.826998
0 0.513007 0.100705 0.209094 0.197845 0.817197
0 0.875575 0.17848 0.222924 0.259038 0.816364
0 0.57533 0.384573 0.227949 0.266552 0.681602
0 0.12585 0.289806 0.251701 0.349391 0.842399
0 0.395365 0.332415 0.24513 0.283499 0.840947
0 0.259884 0.113903 0.201231 0.227806 0.825867
0 0.87534 0.427424 0.206011 0.268645 0.791819
0 0.648932 0.12776 0.219339 0.252705 0.774745
0 0.868007 0.175054 0.220451 0.258485 0.760244
0 0.511006 0.101021 0.212464 0.193891 0.755566
0 0.558532 0.38551 0.245686 0.279039 0.617346
0 0.396306 0.33469 0.249065 0.285735 0.891666
0 0.87181 0.427032 0.212552 0.28662 0.872823
0 0.257753 0.114809 0.202479 0.2286 0.854375
0 0.128862 0.29122 0.257724 0.349271 0.852568
0 0.651625 0.130062 0.219725 0.257212 0.848769
0 0.868387 0.180436 0.218654 0.258254 0.820904
0 0.506252 0.100985 0.211488 0.199981 0.737916
0 0.574898 0.38564 0.224683 0.264853 0.694951
0 0.39536 0.333865 0.245302 0.28341 0.875562
0 0.257257 0.114769 0.201679 0.225983 0.865914
0 0.131088 0.294762 0.262176 0.346021 0.859042
0 0.869657 0.426758 0.206979 0.27507 0.836934
0 0.64922 0.130711 0.218438 0.251585 0.821527
0 0.867716 0.176742 0.215929 0.256954 0.81911
0 0.508122 0.102242 0.216928 0.198854 0.771814
0 0.581287 0.384709 0.229728 0.268665 0.732231
0 0.395078 0.336033 0.240674 0.278465 0.876158
0 0.257621 0.116347 0.204143 0.224934 0.863552
0 0.127411 0.293323 0.254821 0.33726 0.830678
0 0.871459 0.426564 0.197046 0.270413 0.815147
0 0.651845 0.1324 0.214445 0.248407 0.809083
0 0.50857 0.102668 0.210496 0.194799 0.805544
0 0.86917 0.179434 0.206564 0.251031 0.802765
0 0.569564 0.383472 0.229839 0.269094 0.768244
0 0.130768 0.293208 0.261537 0.348682 0.865509
0 0.398401 0.334275 0.238115 0.275969 0.865411
0 0.260997 0.113667 0.200046 0.223675 0.859541
0 0.876504 0.423945 0.209404 0.277369 0.81876
0 0.649137 0.128095 0.215148 0.247375 0.800525
0 0.512938 0.100293 0.210571 0.195199 0.797487
0 0.873423 0.178217 0.214228 0.254726 0.75517
0 0.583278 0.38372 0.222617 0.261952 0.673563
0 0.259544 0.115674 0.198206 0.222042 0.854612
0 0.393709 0.334095 0.240858 0.284377 0.846034
0 0.127572 0.293911 0.255144 0.349319 0.839514
0 0.511051 0.104443 0.217866 0.203297 0.793519
0 0.647686 0.13113 0.211679 0.252903 0.779867
0 0.868972 0.427358 0.199214 0.267567 0.776018
0 0.866885 0.180854 0.204553 0.259327 0.745304
0 0.557854 0.385633 0.23188 0.277371 0.620495
0 0.396089 0.334879 0.238643 0.279268 0.888144
0 0.258193 0.115513 0.202543 0.226056 0.88236
0 0.130976 0.294943 0.261951 0.340802 0.869069
0 0.884378 0.42807 0.220626 0.268148 0.852984
0 0.651839 0.130595 0.214494 0.250052 0.822572
0 0.512063 0.103259 0.213337 0.20427 0.816384
0 0.879328 0.179725 0.221909 0.26002 0.806865
0 0.563853 0.385006 0.225668 0.269574 0.742717
0 0.397634 0.336813 0.243258 0.280102 0.86741
0 0.255059 0.119433 0.206723 0.228919 0.864748
0 0.126035 0.29484 0.25207 0.347934 0.850666
0 0.871555 0.428731 0.197622 0.28023 0.844898
0 0.647964 0.132527 0.215535 0.250978 0.820286
0 0.509446 0.103446 0.217143 0.201155 0.785857
0 0.869974 0.181919 0.220912 0.262389 0.755623
0 0.568392 0.383897 0.230953 0.271989 0.731461
0 0.262922 0.113992 0.203984 0.227983 0.893393
0 0.400915 0.332916 0.245157 0.284281 0.876382
0 0.873051 0.424353 0.206426 0.280529 0.864034
0 0.127858 0.293926 0.255717 0.352298 0.856964
0 0.650267 0.128422 0.216551 0.252891 0.855787
0 0.512841 0.102767 0.220542 0.200483 0.844612
0 0.874019 0.17443 0.225413 0.260738 0.80951
0 0.584128 0.379817 0.227291 0.2664 0.78031
0 0.395576 0.333267 0.245483 0.288942 0.899438
0 0.883663 0.428173 0.232674 0.275203 0.870623
0 0.646724 0.129334 0.218418 0.251486 0.84719
0 0.255192 0.115293 0.203177 0.228811 0.841988
0 0.124705 0.291686 0.249409 0.347662 0.817406
0 0.870548 0.180534 0.224354 0.261602 0.768819
0 0.508113 0.10076 0.212454 0.20152 0.737446
0 0.558183 0.38583 0.233701 0.283229 0.710172
0 0.395797 0.332938 0.243087 0.285282 0.873964
0 0.256691 0.116519 0.202852 0.225221 0.85821
0 0.127205 0.293761 0.254411 0.3444 0.841951
0 0.877443 0.42709 0.21942 0.274607 0.833796
0 0.647074 0.130278 0.21933 0.252832 0.81091
0 0.512736 0.102173 0.219414 0.200871 0.771411
0 0.87057 0.179585 0.223811 0.260904 0.737098
0 0.566317 0.385272 0.228776 0.271293 0.675976
0 0.127384 0.289857 0.254768 0.342462 0.864973
0 0.257949 0.115695 0.199825 0.222833 0.850436
0 0.394479 0.335567 0.237678 0.276571 0.844437
0 0.876389 0.425122 0.226531 0.277764 0.832877
0 0.509528 0.103282 0.221602 0.197876 0.805798
0 0.648945 0.128046 0.217461 0.247949 0.792921
0 0.577623 0.384609 0.228848 0.26896 0.735849
0 0.871478 0.174646 0.224517 0.257654 0.731234
0 0.259395 0.113451 0.20224 0.222498 0.891166
0 0.397681 0.33475 0.243224 0.279486 0.884438
0 0.881099 0.425108 0.223383 0.272756 0.862864
0 0.651806 0.126649 0.217208 0.250014 0.853481
0 0.126926 0.293163 0.253852 0.344066 0.849773
0 0.513733 0.100866 0.216719 0.196433 0.830351
0 0.875028 0.1768 0.227683 0.262769 0.81185
0 0.570662 0.382047 0.233109 0.274522 0.793225
0 0.395809 0.330709 0.242035 0.283818 0.881477
0 0.260852 0.114687 0.195154 0.223081 0.881157
0 0.128686 0.291701 0.257373 0.357259 0.85436
0 0.652973 0.128699 0.212727 0.247675 0.853822
0 0.872504 0.425025 0.205157 0.274267 0.853333
0 0.514912 0.0995792 0.21859 0.197588 0.826364
0 0.570481 0.385182 0.23034 0.271884 0.792893
0 0.870044 0.178466 0.212602 0.253501 0.770162
0 0.39196 0.328418 0.243652 0.284537 0.901894
0 0.885532 0.422827 0.228936 0.279813 0.861179
0 0.25563 0.112374 0.205248 0.224748 0.859263
0 0.128446 0.287004 0.256892 0.368524 0.847415
0 0.647409 0.125727 0.220962 0.251455 0.813667
0 0.509311 0.098356 0.219676 0.196712 0.79259
0 0.563863 0.382238 0.230623 0.269757 0.783391
0 0.867857 0.173858 0.227788 0.258389 0.771871
0 0.395102 0.330405 0.244916 0.286023 0.898035
0 0.259859 0.111744 0.199749 0.223489 0.857523
0 0.650654 0.126307 0.215673 0.248762 0.834428
0 0.872066 0.41915 0.20942 0.284302 0.825789
0 0.12709 0.28986 0.254181 0.352602 0.80776
0 0.51375 0.0988464 0.217876 0.1924 0.800817
0 0.865744 0.178391 0.219115 0.260096 0.79018
0 0.576107 0.383014 0.231484 0.270845 0.755726
0 0.397056 0.332219 0.244706 0.288692 0.897991
0 0.25788 0.113904 0.20447 0.224535 0.881643
0 0.879137 0.424616 0.205466 0.276658 0.851601
0 0.127253 0.293348 0.254506 0.35021 0.848229
0 0.648071 0.12976 0.217961 0.251442 0.829369
0 0.513538 0.101537 0.217666 0.196407 0.809512
0 0.868338 0.180676 0.22055 0.262961 0.789138
0 0.566932 0.383684 0.227122 0.268521 0.744461
0 0.127471 0.294206 0.254942 0.342202 0.875176
0 0.395045 0.330664 0.244011 0.284508 0.86538
0 0.887516 0.424451 0.224967 0.275472 0.862626
0 0.258989 0.111804 0.197297 0.220836 0.845416
0 0.873676 0.180843 0.224216 0.258588 0.783886
0 0.646503 0.12856 0.219358 0.248812 0.78085
0 0.515691 0.101057 0.22549 0.201574 0.761528
0 0.565575 0.384863 0.224373 0.262668 0.71587
0 0.394327 0.331971 0.251248 0.292606 0.886828
0 0.258235 0.113988 0.200967 0.224571 0.863742
0 0.127156 0.29065 0.254312 0.361125 0.856951
0 0.885486 0.425588 0.229028 0.286141 0.84174
0 0.648785 0.129104 0.218435 0.25309 0.812982
0 0.871172 0.180072 0.225327 0.264193 0.781987
0 0.511697 0.103019 0.218327 0.198439 0.777019
0 0.56687 0.384573 0.229188 0.270993 0.673272
0 0.129117 0.289816 0.258233 0.355156 0.873185
0 0.88724 0.423447 0.22552 0.283122 0.871114
0 0.393341 0.330897 0.242138 0.28628 0.862225
0 0.25643 0.113465 0.199165 0.221487 0.85884
0 0.644265 0.130587 0.223525 0.254619 0.79484
0 0.872197 0.179043 0.22554 0.263518 0.788613
0 0.513274 0.102923 0.216051 0.197381 0.766448
0 0.561718 0.38493 0.22851 0.270999 0.749938
0 0.882758 0.424901 0.214154 0.285707 0.878653
0 0.394948 0.332321 0.243866 0.285481 0.865638
0 0.128028 0.290097 0.256055 0.344874 0.859843
0 0.259224 0.113464 0.19933 0.223731 0.847239
0 0.651512 0.12837 0.216341 0.251151 0.788086
0 0.873535 0.18017 0.223335 0.260286 0.783188
0 0.516985 0.101517 0.220123 0.200612 0.758129
0 0.570364 0.386214 0.228087 0.264101 0.642126
0 0.39349 0.331999 0.244377 0.285607 0.874401
0 0.254033 0.112632 0.201456 0.225263 0.853088
0 0.881307 0.425437 0.216073 0.2833 0.851284
0 0.128736 0.289119 0.257473 0.360049 0.847382
0 0.648503 0.128532 0.218426 0.252223 0.811508
0 0.869852 0.177428 0.219499 0.259544 0.753903
0 0.517198 0.102147 0.223001 0.202675 0.747221
0 0.559608 0.38373 0.228306 0.270591 0.689829
0 0.394059 0.331238 0.239595 0.281007 0.884833
0 0.258274 0.114091 0.20012 0.221449 0.882388
0 0.873241 0.423606 0.210653 0.275703 0.855832
0 0.128482 0.290508 0.256963 0.355977 0.84569
0 0.648916 0.129077 0.21366 0.248283 0.835132
0 0.513448 0.100284 0.216235 0.195843 0.810162
0 0.867256 0.177321 0.211453 0.254727 0.788626
0 0.574437 0.382952 0.226617 0.26461 0.717382
0 0.39431 0.33217 0.240521 0.283305 0.883821
0 0.256418 0.115064 0.199698 0.221576 0.875578
0 0.877034 0.424773 0.222636 0.270947 0.849824
0 0.648398 0.129487 0.214038 0.248153 0.830639
0 0.129181 0.290059 0.258362 0.356547 0.827723
0 0.51312 0.100712 0.217972 0.195569 0.819
0 0.868892 0.179408 0.218536 0.258158 0.807751
0 0.563772 0.38596 0.228301 0.269666 0.754867
0 0.394003 0.331508 0.245913 0.286454 0.899632
0 0.25747 0.114343 0.201934 0.226212 0.876809
0 0.12873 0.290293 0.25746 0.357838 0.868811
0 0.875299 0.424011 0.224458 0.279886 0.858541
0 0.647769 0.130902 0.218302 0.252175 0.839528
0 0.512906 0.102504 0.221084 0.197997 0.811198
0 0.866517 0.178671 0.220852 0.262742 0.782225
0 0.560841 0.386161 0.229368 0.272465 0.718175
0 0.39542 0.334132 0.244952 0.286517 0.88909
0 0.127829 0.292346 0.255658 0.352201 0.86245
0 0.255824 0.114727 0.199793 0.225593 0.855843
0 0.876657 0.424924 0.217982 0.274918 0.837566
0 0.647578 0.130098 0.215418 0.250459 0.79806
0 0.514611 0.102255 0.221619 0.198377 0.785757
0 0.868323 0.180347 0.216193 0.257421 0.74393
0 0.566937 0.387396 0.225483 0.265756 0.689238
0 0.395621 0.334629 0.241104 0.277915 0.891694
0 0.887435 0.426117 0.22513 0.275208 0.886383
0 0.256897 0.11343 0.20284 0.226861 0.870587
0 0.131181 0.289828 0.262363 0.353215 0.843611
0 0.513931 0.100389 0.219601 0.198492 0.820023
0 0.874363 0.179848 0.226271 0.262481 0.81671
0 0.649728 0.129887 0.218049 0.252698 0.815447
0 0.563471 0.385302 0.232237 0.273062 0.755177
0 0.393682 0.332723 0.246439 0.28712 0.897117
0 0.256326 0.115053 0.200687 0.225409 0.87374
0 0.886781 0.426364 0.226437 0.273203 0.855215
0 0.130713 0.290817 0.261425 0.354021 0.852346
0 0.8726 0.181098 0.224191 0.261043 0.804239
0 0.645721 0.130411 0.221097 0.251919 0.804031
0 0.512872 0.10235 0.219012 0.198363 0.791248
0 0.562756 0.38825 0.22773 0.268492 0.761072
0 0.394784 0.332639 0.246308 0.287199 0.906413
0 0.887446 0.425646 0.225108 0.273608 0.885424
0 0.255478 0.113535 0.200779 0.22707 0.879312
0 0.13106 0.288068 0.262121 0.361018 0.830144
0 0.513336 0.100402 0.218729 0.199608 0.809723
0 0.873612 0.17861 0.224593 0.260899 0.80396
0 0.649819 0.129382 0.218004 0.252151 0.801544
0 0.565576 0.386532 0.225878 0.265979 0.687277
0 0.394514 0.33207 0.242663 0.28413 0.898941
0 0.255006 0.113469 0.201523 0.226939 0.888273
0 0.886176 0.424553 0.227648 0.271004 0.861807
0 0.12959 0.290844 0.259181 0.354566 0.834687
0 0.874147 0.178592 0.224586 0.260809 0.827703
0 0.651984 0.130094 0.217939 0.251336 0.823883
0 0.512229 0.10098 0.217568 0.197669 0.822325
0 0.566485 0.385977 0.227715 0.267844 0.734714
0 0.395998 0.332281 0.244665 0.286727 0.876878
0 0.887446 0.425158 0.225108 0.276382 0.876557
0 0.256163 0.112868 0.199439 0.224791 0.874437
0 0.132465 0.287958 0.26493 0.358773 0.841671
0 0.87514 0.178287 0.225653 0.262298 0.798641
0 0.513369 0.100778 0.216377 0.197454 0.793619
0 0.652699 0.129446 0.217823 0.251314 0.786681
0 0.570803 0.385736 0.226506 0.264014 0.636528
0 0.395686 0.333603 0.242933 0.283506 0.892125
0 0.887436 0.426924 0.225128 0.27299 0.88986
0 0.255266 0.113933 0.201732 0.225886 0.888899
0 0.130514 0.290955 0.261028 0.352769 0.863136
0 0.513727 0.101723 0.219023 0.199412 0.817108
0 0.649243 0.13025 0.21838 0.251017 0.808309
0 0.873795 0.179104 0.224436 0.260269 0.806646
0 0.565446 0.387813 0.226717 0.265531 0.706585
0 0.394958 0.333324 0.243946 0.285585 0.895922
0 0.254544 0.11367 0.201729 0.22734 0.884199
0 0.88711 0.42627 0.22578 0.274958 0.883905
0 0.131165 0.288936 0.26233 0.360177 0.853236
0 0.51412 0.101987 0.222863 0.200684 0.800494
0 0.649914 0.12947 0.218122 0.250683 0.800088
0 0.873998 0.178549 0.226107 0.262234 0.791772
0 0.56691 0.387569 0.227396 0.265774 0.68195
0 0.394889 0.33323 0.244535 0.286224 0.901573
0 0.254535 0.113967 0.202382 0.22747 0.895983
0 0.887217 0.426144 0.225565 0.273003 0.892016
0 0.130409 0.291241 0.260819 0.354668 0.871332
0 0.513957 0.102492 0.223748 0.202505 0.82218
0 0.647391 0.128645 0.22003 0.253401 0.82083
0 0.873537 0.178392 0.225656 0.261824 0.816626
0 0.566049 0.387609 0.226909 0.265483 0.706003
0 0.395236 0.335813 0.240354 0.278759 0.888675
0 0.887743 0.426309 0.224515 0.273063 0.888032
0 0.254116 0.113595 0.201292 0.22719 0.885711
0 0.130839 0.291364 0.261678 0.352844 0.873302
0 0.647626 0.129173 0.219151 0.252801 0.80877
0 0.873751 0.17878 0.224226 0.260539 0.803574
0 0.513382 0.101959 0.22234 0.202136 0.802948
0 0.565649 0.387794 0.225646 0.263973 0.689997
0 0.887492 0.425766 0.225017 0.274127 0.892534
0 0.395824 0.335245 0.241099 0.280186 0.889369
0 0.254785 0.113643 0.201789 0.227285 0.886333
0 0.130398 0.290984 0.260796 0.353713 0.8627
0 0.649207 0.129659 0.218204 0.252002 0.81066
0 0.874127 0.178359 0.224995 0.261447 0.808115
0 0.513979 0.10202 0.222963 0.202268 0.807935
0 0.567191 0.386642 0.227097 0.265567 0.699935
0 0.394878 0.333228 0.244547 0.286206 0.901547
0 0.254542 0.113966 0.202379 0.227456 0.895799
0 0.887214 0.42615 0.225572 0.272976 0.89175
0 0.130402 0.291252 0.260804 0.354648 0.871461
0 0.513963 0.102489 0.223724 0.202495 0.821838
0 0.647386 0.128641 0.220007 0.253378 0.820418
0 0.873533 0.178385 0.22562 0.261798 0.816231
0 0.566061 0.387597 0.226904 0.265471 0.705782
