0 0.711433 0.180905 0.167386 0.208582 0.98388
0 0.716322 0.217766 0.139188 0.16701 0.659303
0 0.707823 0.18388 0.205389 0.233807 0.659993
0 0.712871 0.181023 0.155846 0.17435 0.917369
0 0.701405 0.184035 0.172097 0.219921 0.792894
0 0.713516 0.181367 0.183378 0.215478 0.859528
0 0.65726 0.7844 0.106211 0.127989 0.815439
0 0.711562 0.192297 0.178017 0.219387 0.8108
0 0.709412 0.183129 0.186623 0.217213 0.72802
0 0.708907 0.182089 0.17807 0.212004 0.75787
0 0.708279 0.182642 0.182029 0.218014 0.796982
0 0.708521 0.182772 0.179493 0.209897 0.836659
0 0.702522 0.18291 0.189587 0.216879 0.84705
0 0.70508 0.188726 0.170887 0.198539 0.707834
0 0.705244 0.185274 0.196474 0.221566 0.78213
0 0.711106 0.182752 0.169634 0.202257 0.791569
0 0.709042 0.18182 0.181881 0.213786 0.866147
0 0.707727 0.179191 0.176904 0.205801 0.856982
0 0.707872 0.179016 0.171337 0.199986 0.813307
0 0.710227 0.181887 0.186208 0.218569 0.862371
0 0.709364 0.187101 0.192266 0.223795 0.806565
0 0.706187 0.182592 0.184126 0.214852 0.741073
0 0.709432 0.179429 0.17711 0.203769 0.793098
0 0.708774 0.18757 0.181512 0.212476 0.897564
0 0.709248 0.184688 0.17782 0.209899 0.837941
0 0.706188 0.180555 0.17441 0.202771 0.838931
0 0.713387 0.184772 0.181024 0.21812 0.875374
0 0.707575 0.184747 0.192048 0.224344 0.870852
0 0.661289 0.78011 0.110011 0.136853 0.668439
0 0.710015 0.186572 0.190527 0.218722 0.847114
0 0.70709 0.186007 0.185334 0.218834 0.777627
0 0.708149 0.183504 0.178825 0.212309 0.744247
0 0.708092 0.177823 0.178544 0.209309 0.786106
0 0.708544 0.180926 0.181168 0.214474 0.877266
0 0.707683 0.182167 0.190272 0.225996 0.843201
0 0.708782 0.18458 0.181605 0.219703 0.845261
0 0.708744 0.187877 0.183883 0.215379 0.848615
0 0.707689 0.181788 0.182938 0.213071 0.811158
0 0.709632 0.180301 0.16953 0.197549 0.783729
0 0.706181 0.183733 0.180588 0.213329 0.848922
0 0.709231 0.182239 0.177445 0.210882 0.847493
0 0.706877 0.185282 0.191335 0.218926 0.795235
0 0.710002 0.186884 0.186622 0.218338 0.780908
0 0.708866 0.181631 0.186992 0.220201 0.868566
0 0.704852 0.181266 0.190721 0.225856 0.831248
0 0.709057 0.185644 0.192826 0.2213 0.847347
0 0.709431 0.187579 0.183443 0.215198 0.845581
0 0.708368 0.18416 0.182472 0.210715 0.847772
0 0.707306 0.183603 0.191821 0.222735 0.840926
0 0.707923 0.188145 0.185756 0.217922 0.859442
0 0.705996 0.187173 0.191762 0.220526 0.849545
0 0.704319 0.185857 0.186099 0.219389 0.851179
0 0.706394 0.185304 0.183337 0.211949 0.808257
0 0.705664 0.185099 0.188188 0.219464 0.836662
0 0.705644 0.183397 0.180227 0.211009 0.854634
0 0.708739 0.183952 0.188227 0.218122 0.849878
0 0.707614 0.185967 0.17936 0.212946 0.847632
0 0.708066 0.185542 0.183655 0.213873 0.856005
0 0.709311 0.184188 0.187945 0.219761 0.794649
0 0.706119 0.184941 0.185214 0.218846 0.83314
0 0.706233 0.18333 0.191227 0.223292 0.878919
0 0.708136 0.182483 0.189321 0.222892 0.833299
0 0.707625 0.18364 0.187259 0.22009 0.84354
0 0.70682 0.187342 0.184702 0.217402 0.840526
0 0.712086 0.186267 0.189009 0.217062 0.86305
0 0.70936 0.186141 0.183695 0.215138 0.833161
0 0.7092 0.187815 0.188377 0.219387 0.874657
0 0.706395 0.185687 0.183005 0.215842 0.845587
0 0.707903 0.187836 0.184856 0.216589 0.876016
0 0.709084 0.188116 0.182806 0.213054 0.905483
0 0.708508 0.187205 0.184087 0.216702 0.861519
0 0.709052 0.188171 0.184791 0.217344 0.885408
0 0.708139 0.188161 0.185399 0.216159 0.870411
0 0.70981 0.185769 0.188215 0.218207 0.913952
0 0.707399 0.186292 0.187079 0.218758 0.866584
0 0.707713 0.185995 0.188095 0.219307 0.863388
0 0.707994 0.185545 0.185077 0.217269 0.871897
0 0.710045 0.184384 0.185999 0.216573 0.902233
0 0.707061 0.183447 0.185019 0.218831 0.893801
0 0.706115 0.182931 0.186268 0.217919 0.881541
0 0.708101 0.183802 0.185307 0.216936 0.872291
0 0.709038 0.185766 0.18925 0.219167 0.889197
0 0.70802 0.184565 0.18289 0.212464 0.854951
0 0.710002 0.185486 0.189501 0.219954 0.877944
0 0.70737 0.186269 0.184296 0.214597 0.866998
0 0.709491 0.186962 0.184958 0.213981 0.865728
0 0.709776 0.185763 0.186047 0.216454 0.850825
0 0.708603 0.185352 0.184949 0.215175 0.885867
0 0.70922 0.185953 0.188085 0.215449 0.882533
0 0.708597 0.184804 0.189307 0.220004 0.890129
0 0.708894 0.18695 0.186666 0.217817 0.866191
0 0.708345 0.185199 0.1867 0.218967 0.888526
0 0.708432 0.186808 0.18762 0.217654 0.883907
0 0.708081 0.186116 0.185646 0.215965 0.88568
0 0.708474 0.185016 0.186782 0.217498 0.891186
0 0.709078 0.185849 0.18629 0.215836 0.872328
0 0.708109 0.186111 0.186566 0.216746 0.895871
0 0.707744 0.185666 0.185833 0.216654 0.883332
0 0.708701 0.186384 0.187875 0.217439 0.898595
0 0.708265 0.186323 0.187028 0.217186 0.891625
0 0.708621 0.185914 0.187798 0.218058 0.890473
0 0.708706 0.18638 0.187859 0.217421 0.898335
