0 0.597731 0.395644 0.255395 0.298813 0.710459
0 0.592192 0.398207 0.28823 0.353922 0.664703
0 0.601286 0.396636 0.275029 0.324961 0.721553
0 0.603323 0.404582 0.273659 0.309741 0.791216
0 0.607525 0.402966 0.262189 0.311447 0.662116
0 0.604206 0.404176 0.277845 0.32434 0.636319
0 0.594496 0.397948 0.26304 0.31351 0.797857
0 0.601206 0.395946 0.251744 0.296546 0.777844
0 0.609203 0.401758 0.272002 0.319632 0.860591
0 0.594448 0.380122 0.31051 0.365188 0.725832
0 0.597479 0.396397 0.264995 0.308335 0.810075
0 0.603483 0.401325 0.265726 0.313574 0.840414
0 0.599304 0.398081 0.257014 0.305915 0.818126
0 0.592041 0.369137 0.331338 0.387133 0.719892
0 0.601158 0.386582 0.279567 0.316143 0.645611
0 0.600075 0.395447 0.272225 0.316138 0.858744
0 0.595276 0.410959 0.274823 0.314354 0.86796
0 0.606066 0.41218 0.271574 0.310661 0.856313
0 0.598345 0.389242 0.277908 0.323011 0.686141
0 0.605311 0.394189 0.281836 0.322049 0.681888
0 0.600113 0.387976 0.279993 0.330412 0.778894
0 0.597196 0.395011 0.292749 0.334908 0.844762
0 0.602831 0.386097 0.310404 0.385247 0.690671
0 0.602703 0.405472 0.280013 0.325345 0.854642
0 0.599508 0.408194 0.277265 0.315247 0.747246
0 0.603279 0.398121 0.282939 0.326814 0.757453
0 0.604088 0.387357 0.284516 0.327167 0.66517
0 0.599134 0.394066 0.274866 0.314701 0.774681
0 0.601306 0.391857 0.270501 0.317861 0.858406
0 0.593664 0.38769 0.294501 0.343384 0.683426
0 0.606402 0.388807 0.286893 0.332509 0.801264
0 0.592439 0.38129 0.290944 0.340415 0.841238
0 0.598541 0.393521 0.288394 0.333672 0.84017
0 0.604541 0.392765 0.275105 0.318558 0.80872
0 0.604257 0.393411 0.284153 0.325532 0.842271
0 0.60319 0.383773 0.286724 0.327545 0.830749
0 0.601213 0.389582 0.276483 0.320366 0.84255
0 0.592899 0.386514 0.286146 0.330131 0.785793
0 0.602076 0.395119 0.284446 0.330336 0.815895
0 0.597815 0.389 0.285664 0.334344 0.863303
0 0.60531 0.384762 0.275279 0.319955 0.801375
0 0.594916 0.391136 0.278374 0.329943 0.848217
0 0.597288 0.380239 0.293296 0.34514 0.877581
0 0.596768 0.384619 0.297918 0.345387 0.815685
0 0.597646 0.395368 0.27508 0.318567 0.840868
0 0.598709 0.384807 0.289066 0.335722 0.800366
0 0.601645 0.387793 0.292797 0.339363 0.82765
0 0.607652 0.391374 0.289823 0.339873 0.795975
0 0.59991 0.391655 0.275574 0.320907 0.864577
0 0.60803 0.38323 0.274559 0.322771 0.78032
0 0.601897 0.381987 0.287355 0.331379 0.836932
0 0.599488 0.392496 0.284211 0.329368 0.859917
0 0.597705 0.398542 0.281726 0.325655 0.846475
0 0.597224 0.3831 0.294604 0.341134 0.838867
0 0.605524 0.386553 0.318261 0.372747 0.81469
0 0.601711 0.394111 0.292918 0.34343 0.822895
0 0.604524 0.390246 0.279388 0.331502 0.846099
0 0.607484 0.386096 0.294564 0.34 0.814893
0 0.596859 0.39864 0.287863 0.339257 0.819163
0 0.599248 0.397865 0.284619 0.333548 0.859827
0 0.599921 0.393332 0.28892 0.337304 0.842836
0 0.601026 0.390203 0.301211 0.349802 0.808401
0 0.601724 0.392107 0.288191 0.337797 0.846385
0 0.605684 0.38715 0.292869 0.345638 0.78922
0 0.601451 0.390128 0.282566 0.331018 0.813335
0 0.600162 0.392891 0.286161 0.329946 0.855225
0 0.600848 0.387158 0.280319 0.327383 0.857367
0 0.597782 0.385031 0.288779 0.336572 0.832005
0 0.604483 0.383812 0.29368 0.341734 0.808169
0 0.602327 0.393597 0.279625 0.326584 0.858565
0 0.599163 0.395253 0.285666 0.327102 0.834911
0 0.597741 0.392499 0.277295 0.32006 0.851852
0 0.595243 0.391203 0.286628 0.332693 0.848053
0 0.59859 0.391046 0.281584 0.325261 0.856128
0 0.597508 0.393022 0.281278 0.319556 0.862365
0 0.597244 0.391451 0.285921 0.331402 0.856561
0 0.600924 0.395892 0.284303 0.326106 0.867104
0 0.594697 0.389984 0.286839 0.332322 0.859375
0 0.598788 0.397166 0.280313 0.325873 0.857723
0 0.597409 0.393526 0.283312 0.321754 0.887437
0 0.599888 0.395854 0.279789 0.32288 0.877698
0 0.597597 0.394726 0.285539 0.329502 0.873028
0 0.597601 0.394762 0.285845 0.331631 0.884725
0 0.59937 0.388856 0.288804 0.335455 0.859101
0 0.599257 0.395139 0.284652 0.327771 0.891052
0 0.597055 0.392279 0.28532 0.328492 0.880489
0 0.597345 0.394877 0.286672 0.330367 0.885107
0 0.596522 0.394619 0.285199 0.329583 0.88035
0 0.598186 0.394809 0.285738 0.330966 0.882331
0 0.597342 0.394869 0.286673 0.330357 0.884953
