0 0.506837 0.317096 0.328968 0.388276 0.700365
0 0.500592 0.304845 0.34837 0.415112 0.745533
0 0.487606 0.299988 0.315783 0.367857 0.764265
0 0.534639 0.295346 0.372519 0.404005 0.675284
0 0.502504 0.305152 0.298772 0.364544 0.68071
0 0.505125 0.308609 0.317138 0.366089 0.667345
0 0.52157 0.303571 0.369463 0.401272 0.610546
0 0.513383 0.308113 0.352963 0.383337 0.655834
0 0.499092 0.318928 0.295406 0.340052 0.695915
0 0.507086 0.300076 0.322333 0.380945 0.755118
0 0.49876 0.320837 0.303624 0.363532 0.694715
0 0.517213 0.304027 0.357192 0.402286 0.719647
0 0.507292 0.310067 0.303406 0.369981 0.747145
0 0.526128 0.304468 0.362486 0.41712 0.780219
0 0.538394 0.293175 0.368028 0.402277 0.793134
0 0.53718 0.294609 0.369887 0.410085 0.719812
0 0.519309 0.306831 0.343229 0.388199 0.675105
0 0.536608 0.293472 0.378142 0.406998 0.752069
0 0.540513 0.290953 0.389861 0.436786 0.687924
0 0.512187 0.304855 0.344886 0.395637 0.795564
0 0.505035 0.296178 0.337386 0.402884 0.684078
0 0.526274 0.297464 0.336611 0.409847 0.687503
0 0.587961 0.289215 0.432298 0.442963 0.711819
0 0.5277 0.297725 0.359638 0.396746 0.629774
0 0.538603 0.292776 0.37648 0.418693 0.730773
0 0.530817 0.297276 0.329444 0.405648 0.715306
0 0.513934 0.30062 0.350248 0.403351 0.669821
0 0.531268 0.298233 0.353811 0.40629 0.758418
0 0.533567 0.298315 0.355416 0.419466 0.788679
0 0.536179 0.304914 0.356371 0.399679 0.779108
0 0.539337 0.299899 0.363473 0.410687 0.756626
0 0.51293 0.300853 0.347784 0.407929 0.857671
0 0.531441 0.294919 0.362609 0.410578 0.781783
0 0.526104 0.297204 0.339263 0.403646 0.713961
0 0.523315 0.309186 0.345455 0.396643 0.780791
0 0.524736 0.304671 0.334849 0.386212 0.760962
0 0.530676 0.29526 0.360219 0.411405 0.797706
0 0.54958 0.295128 0.361873 0.419277 0.761392
0 0.528815 0.302267 0.353361 0.406752 0.763663
0 0.544038 0.294137 0.381967 0.42338 0.728674
0 0.548462 0.288259 0.379085 0.416216 0.771168
0 0.533126 0.306779 0.33599 0.397139 0.783889
0 0.518475 0.296272 0.359892 0.414454 0.808459
0 0.523209 0.303992 0.34171 0.401291 0.815441
0 0.52495 0.308253 0.338109 0.398577 0.84426
0 0.521704 0.296594 0.347489 0.399103 0.742344
0 0.530206 0.293254 0.338337 0.398131 0.759624
0 0.520655 0.292535 0.344707 0.401647 0.777275
0 0.53152 0.306501 0.332625 0.380434 0.80616
0 0.523175 0.309427 0.341238 0.385609 0.787619
0 0.526303 0.289403 0.368066 0.411836 0.806755
0 0.535741 0.294209 0.36083 0.412229 0.80311
0 0.534425 0.303449 0.338671 0.395095 0.83662
0 0.525609 0.296826 0.338526 0.396578 0.822323
0 0.536049 0.296956 0.364355 0.40909 0.840218
0 0.52097 0.309219 0.340718 0.389928 0.801476
0 0.52501 0.30217 0.335192 0.380569 0.82034
0 0.536496 0.297109 0.345616 0.407229 0.815473
0 0.527926 0.295376 0.357789 0.413791 0.852004
0 0.525316 0.29806 0.34518 0.398302 0.833632
0 0.536741 0.292023 0.368732 0.409937 0.792374
0 0.536262 0.289689 0.359378 0.410764 0.816511
0 0.531798 0.291045 0.355064 0.408691 0.823933
0 0.531514 0.29991 0.350516 0.395905 0.825388
0 0.540927 0.291415 0.37179 0.420766 0.818164
0 0.53726 0.284627 0.364252 0.420005 0.796094
0 0.525466 0.305153 0.347501 0.397118 0.840732
0 0.529083 0.312251 0.344055 0.387341 0.849832
0 0.531998 0.291837 0.357543 0.422967 0.837119
0 0.546432 0.297484 0.36806 0.412044 0.801679
0 0.534354 0.293914 0.360504 0.415578 0.824823
0 0.535708 0.300451 0.358044 0.410499 0.836912
0 0.537113 0.302466 0.359018 0.408027 0.835105
0 0.534941 0.307123 0.352667 0.402354 0.838405
0 0.523068 0.300326 0.351862 0.398913 0.84617
0 0.532285 0.306929 0.355282 0.401732 0.832649
0 0.533102 0.298002 0.353398 0.407759 0.84867
0 0.536123 0.296653 0.35455 0.413769 0.858863
0 0.543107 0.298952 0.358596 0.418165 0.860953
0 0.544819 0.293529 0.360151 0.417907 0.862817
0 0.543436 0.295408 0.35891 0.413377 0.847139
0 0.546143 0.297303 0.364119 0.420934 0.850395
0 0.543149 0.296727 0.363016 0.419527 0.852593
0 0.527307 0.304425 0.350589 0.40137 0.858071
0 0.527548 0.303536 0.349489 0.401063 0.863278
0 0.541083 0.297791 0.361992 0.420348 0.856835
0 0.527306 0.304413 0.350627 0.401382 0.858155
