0 0.477764 0.185954 0.189369 0.21153 0.907687
0 0.467896 0.190818 0.158309 0.187078 0.940515
0 0.469283 0.195157 0.17129 0.208903 0.801917
0 0.46887 0.193175 0.166132 0.207913 0.852412
0 0.472043 0.196397 0.172907 0.208866 0.859514
0 0.480101 0.183958 0.187338 0.224338 0.776126
0 0.475237 0.191506 0.181082 0.217372 0.690742
0 0.472852 0.195982 0.186699 0.222999 0.849508
0 0.468024 0.193139 0.173298 0.205653 0.743374
0 0.47384 0.189236 0.191062 0.221693 0.794075
0 0.473051 0.201425 0.182818 0.207633 0.677958
0 0.471357 0.192931 0.188887 0.218357 0.7562
0 0.474685 0.195462 0.181118 0.207924 0.722547
0 0.474312 0.193999 0.195611 0.222496 0.781114
0 0.46552 0.194854 0.180373 0.211857 0.824864
0 0.475351 0.191178 0.187403 0.215658 0.744242
0 0.469119 0.19203 0.193724 0.221153 0.829987
0 0.467287 0.196501 0.179438 0.213747 0.823914
0 0.47249 0.191707 0.190459 0.215218 0.748327
0 0.469555 0.188994 0.182954 0.214129 0.783035
0 0.470913 0.198462 0.179777 0.203645 0.81766
0 0.472533 0.194256 0.186944 0.217193 0.765208
0 0.468108 0.19322 0.179467 0.206923 0.838246
0 0.477952 0.195543 0.18168 0.208778 0.820258
0 0.472147 0.19628 0.186287 0.210487 0.806359
0 0.471165 0.194538 0.17879 0.204671 0.842629
0 0.475478 0.193746 0.184903 0.216698 0.73977
0 0.469886 0.19742 0.188939 0.215972 0.742998
0 0.471769 0.189648 0.188431 0.221193 0.741573
0 0.475407 0.192132 0.190537 0.219437 0.822653
0 0.470707 0.193765 0.18532 0.216685 0.803297
0 0.472085 0.194825 0.191004 0.22471 0.797778
0 0.472805 0.192081 0.184409 0.217898 0.800793
0 0.474703 0.193599 0.194303 0.224632 0.733217
0 0.470689 0.189182 0.197607 0.224788 0.729345
0 0.471944 0.197321 0.185122 0.216325 0.822527
0 0.476597 0.191977 0.193419 0.223211 0.813483
0 0.475659 0.194411 0.192535 0.216211 0.776865
0 0.474565 0.195945 0.19055 0.222261 0.74778
0 0.473941 0.193312 0.186381 0.218054 0.836372
0 0.474291 0.1931 0.191165 0.221707 0.771525
0 0.478441 0.194603 0.188798 0.219273 0.83205
0 0.476571 0.194743 0.185483 0.220164 0.809812
0 0.472739 0.189866 0.18836 0.217751 0.802751
0 0.471159 0.193023 0.188174 0.216513 0.803836
0 0.47055 0.197991 0.186495 0.218473 0.82082
0 0.468139 0.198027 0.193129 0.220083 0.81955
0 0.470522 0.194522 0.188388 0.220656 0.783251
0 0.472371 0.195943 0.189833 0.218303 0.771527
0 0.471201 0.195636 0.18778 0.217887 0.805369
0 0.474166 0.194036 0.189813 0.220635 0.825501
0 0.480931 0.192708 0.192854 0.222859 0.808334
0 0.47979 0.196557 0.188301 0.218275 0.799616
0 0.478381 0.195132 0.18771 0.215239 0.822557
0 0.477785 0.192645 0.191179 0.222907 0.739705
0 0.473129 0.195983 0.179237 0.207945 0.792931
0 0.47642 0.197418 0.189839 0.220576 0.839312
0 0.478134 0.192489 0.192505 0.222589 0.763057
0 0.478478 0.193149 0.190813 0.21846 0.781214
0 0.475482 0.198164 0.188779 0.220725 0.818566
0 0.476729 0.195895 0.187035 0.215625 0.808949
0 0.474255 0.19462 0.184448 0.215233 0.76444
0 0.475997 0.196337 0.19091 0.223058 0.850433
0 0.474821 0.196058 0.187562 0.218898 0.826641
0 0.473433 0.196236 0.185157 0.219623 0.815979
0 0.476526 0.197192 0.186917 0.217387 0.806013
0 0.472199 0.197155 0.182671 0.21464 0.777416
0 0.475938 0.197254 0.188722 0.22043 0.841043
0 0.47423 0.19798 0.191043 0.219434 0.798926
0 0.477482 0.194926 0.188626 0.216549 0.872652
0 0.472043 0.1979 0.184287 0.2151 0.806704
0 0.469961 0.197462 0.186631 0.216184 0.8236
0 0.473224 0.197144 0.183245 0.212973 0.810753
0 0.474259 0.194041 0.183314 0.215054 0.838834
0 0.472621 0.194488 0.184551 0.213838 0.826828
0 0.469362 0.192572 0.188168 0.218863 0.81569
0 0.474004 0.195051 0.185454 0.214732 0.807888
0 0.472928 0.19558 0.184677 0.216341 0.816146
0 0.468965 0.195274 0.18544 0.215015 0.789219
0 0.471469 0.195789 0.183267 0.214894 0.822765
0 0.46921 0.196511 0.185549 0.216699 0.805123
0 0.474513 0.196725 0.185865 0.214453 0.813549
0 0.472975 0.196473 0.186538 0.21685 0.796237
0 0.471963 0.195319 0.185122 0.213786 0.837708
0 0.470601 0.195996 0.183039 0.212401 0.822702
0 0.471303 0.195481 0.186273 0.217336 0.826662
0 0.473191 0.196197 0.185648 0.216712 0.795896
0 0.472764 0.195519 0.186916 0.218617 0.814687
0 0.471023 0.197355 0.186433 0.216495 0.817362
0 0.472344 0.196476 0.186452 0.216346 0.825901
0 0.47088 0.195531 0.187227 0.218545 0.82476
0 0.474531 0.196392 0.186746 0.215908 0.804071
0 0.471213 0.196728 0.186811 0.217323 0.823832
0 0.471444 0.196398 0.186555 0.217851 0.81689
0 0.470182 0.197106 0.188497 0.219635 0.836924
0 0.470351 0.1966 0.187114 0.218726 0.817266
0 0.471293 0.196332 0.18754 0.219381 0.824928
0 0.470181 0.197108 0.188485 0.219616 0.836647
