0 0.733699 0.518831 0.183561 0.209321 0.722416
0 0.57887 0.539443 0.183636 0.224877 0.622829
0 0.740083 0.533697 0.218439 0.270509 0.611699
0 0.361025 0.42736 0.191578 0.231718 0.998646
0 0.594137 0.537318 0.190328 0.20665 0.98316
0 0.744486 0.509709 0.181955 0.211268 0.977849
0 0.486179 0.378125 0.150229 0.189178 0.83671
0 0.260194 0.165086 0.185034 0.229918 0.759685
0 0.165292 0.573874 0.252522 0.300416 0.746804
0 0.730915 0.508775 0.173307 0.20113 0.662759
0 0.372445 0.431312 0.183617 0.209018 0.884566
0 0.753629 0.515009 0.166253 0.180298 0.875736
0 0.592164 0.541742 0.151502 0.174501 0.811448
0 0.477561 0.388313 0.115519 0.138364 0.688579
0 0.727551 0.515287 0.177121 0.212565 0.848111
0 0.577394 0.538638 0.16751 0.197202 0.742421
0 0.357119 0.436344 0.20647 0.248482 0.706351
0 0.469943 0.376451 0.142947 0.177299 0.652706
0 0.734196 0.510981 0.163171 0.194252 0.907769
0 0.362149 0.429863 0.204232 0.238969 0.883672
0 0.589097 0.536743 0.167515 0.204183 0.836989
0 0.478338 0.376706 0.153789 0.193108 0.785174
0 0.73546 0.520697 0.171309 0.205175 0.922352
0 0.36361 0.43492 0.195466 0.227904 0.866148
0 0.472882 0.381525 0.137129 0.176793 0.856147
0 0.583335 0.54173 0.178649 0.212037 0.792852
0 0.733733 0.51323 0.179398 0.214009 0.848853
0 0.365347 0.42833 0.200497 0.23349 0.746126
0 0.480037 0.374794 0.161266 0.198005 0.692109
0 0.585116 0.53734 0.192579 0.225459 0.666325
0 0.363647 0.432249 0.195512 0.232747 0.837565
0 0.735415 0.522034 0.192879 0.231627 0.825855
0 0.59088 0.546315 0.201341 0.240604 0.784862
0 0.480245 0.381988 0.160714 0.188181 0.72496
0 0.584556 0.542036 0.187447 0.222373 0.849839
0 0.364134 0.430371 0.188533 0.228333 0.839431
0 0.735616 0.518512 0.182599 0.220572 0.839137
0 0.477973 0.37931 0.165807 0.199696 0.778846
0 0.734776 0.518923 0.185425 0.22208 0.843678
0 0.474187 0.374505 0.158933 0.18204 0.824871
0 0.361819 0.429254 0.196407 0.229876 0.804075
0 0.580187 0.539291 0.187638 0.218253 0.764194
0 0.72942 0.516296 0.188901 0.214738 0.893498
0 0.473597 0.376122 0.166319 0.18989 0.853524
0 0.578205 0.541543 0.191873 0.224894 0.846464
0 0.357685 0.428941 0.200115 0.232642 0.820295
0 0.250278 0.163577 0.191501 0.22071 0.67696
0 0.736041 0.516774 0.180611 0.206877 0.731626
0 0.474418 0.375787 0.156068 0.182633 0.718825
0 0.364148 0.432455 0.186585 0.217196 0.702059
0 0.582884 0.539599 0.173716 0.205672 0.688987
0 0.73374 0.51699 0.199495 0.228729 0.884589
0 0.358756 0.430657 0.203925 0.228833 0.818557
0 0.581661 0.542546 0.201964 0.233304 0.815843
0 0.476326 0.379027 0.159568 0.187379 0.744624
0 0.4782 0.380766 0.157387 0.182375 0.791142
0 0.740442 0.519189 0.187294 0.220074 0.775652
0 0.36796 0.430954 0.192574 0.225412 0.757882
0 0.587696 0.541847 0.187586 0.217289 0.715201
0 0.735349 0.517167 0.201586 0.239875 0.868409
0 0.366603 0.430488 0.19651 0.226038 0.821354
0 0.586817 0.542666 0.198698 0.232783 0.819698
0 0.476 0.380987 0.163146 0.190335 0.746836
0 0.734951 0.518645 0.194437 0.227887 0.877131
0 0.583827 0.542663 0.186967 0.22117 0.841723
0 0.362476 0.433141 0.19492 0.224696 0.832538
0 0.478627 0.380002 0.163773 0.193899 0.805565
0 0.737453 0.518007 0.186255 0.220504 0.869947
0 0.583847 0.541371 0.183225 0.216829 0.819629
0 0.361892 0.433569 0.185748 0.215371 0.81789
0 0.476328 0.378715 0.156567 0.186882 0.762345
0 0.739299 0.52088 0.192806 0.22604 0.913525
0 0.480071 0.377787 0.164782 0.191363 0.850174
0 0.585594 0.545298 0.196676 0.2238 0.844097
0 0.359232 0.433115 0.19959 0.223445 0.826055
0 0.259228 0.164718 0.17748 0.209428 0.763619
0 0.358445 0.433806 0.195738 0.227147 0.843137
0 0.737053 0.524545 0.196506 0.231757 0.827214
0 0.473182 0.380205 0.154893 0.183774 0.810279
0 0.583827 0.544328 0.197751 0.231395 0.803936
0 0.733809 0.518054 0.192001 0.226287 0.814388
0 0.475699 0.376543 0.160813 0.190898 0.760893
0 0.361295 0.428204 0.200055 0.227658 0.756507
0 0.586765 0.539295 0.189027 0.22415 0.697779
0 0.255414 0.159346 0.184326 0.219033 0.618607
0 0.735589 0.518673 0.199496 0.234908 0.871805
0 0.36295 0.428238 0.194853 0.223666 0.787709
0 0.586188 0.539752 0.19867 0.230206 0.778347
0 0.473852 0.378843 0.163458 0.192971 0.776262
0 0.736182 0.524075 0.185002 0.214794 0.921527
0 0.474363 0.384524 0.159416 0.187237 0.889023
0 0.585432 0.544971 0.183536 0.214135 0.862773
0 0.363362 0.430581 0.196016 0.224168 0.846988
0 0.256749 0.16594 0.175422 0.20706 0.727381
0 0.737364 0.521898 0.190139 0.223103 0.855789
0 0.477078 0.37953 0.157264 0.184385 0.818125
0 0.361113 0.432286 0.192778 0.223538 0.811312
0 0.58755 0.544349 0.197693 0.231609 0.757972
0 0.257486 0.161066 0.18105 0.211718 0.695137
0 0.732165 0.51909 0.194114 0.22779 0.838575
0 0.579827 0.540029 0.185506 0.219918 0.834931
0 0.473943 0.378429 0.160686 0.186711 0.807996
0 0.354505 0.430814 0.190828 0.219279 0.797588
0 0.254655 0.163464 0.173452 0.208955 0.710893
0 0.741249 0.520311 0.185582 0.220505 0.917617
0 0.478186 0.380241 0.157182 0.184462 0.86975
0 0.360094 0.428914 0.19113 0.222747 0.849545
0 0.588795 0.542533 0.185361 0.219395 0.842731
0 0.256544 0.161756 0.176879 0.208499 0.770014
0 0.733995 0.521214 0.196575 0.227252 0.899508
0 0.363305 0.431408 0.196246 0.219476 0.8341
0 0.472133 0.379501 0.170855 0.195169 0.817032
0 0.588062 0.543924 0.19263 0.2205 0.815208
0 0.254546 0.160084 0.187915 0.220595 0.717633
0 0.734949 0.52343 0.196057 0.224652 0.945142
0 0.362227 0.428778 0.192944 0.217782 0.877787
0 0.474634 0.382084 0.159509 0.185048 0.863039
0 0.584005 0.542091 0.188607 0.217597 0.86144
0 0.255913 0.164158 0.183858 0.215918 0.697359
0 0.733469 0.522502 0.186929 0.217048 0.8549
0 0.475936 0.381077 0.159918 0.182215 0.804012
0 0.581892 0.541506 0.183364 0.214712 0.792919
0 0.359604 0.431966 0.191607 0.223085 0.775474
0 0.25653 0.161318 0.182034 0.214213 0.614381
0 0.73419 0.52316 0.188802 0.220369 0.851405
0 0.582029 0.545228 0.186255 0.221118 0.800521
0 0.35835 0.43092 0.195082 0.227482 0.772157
0 0.476188 0.383884 0.158266 0.180631 0.75993
0 0.733605 0.518282 0.19255 0.224501 0.812315
0 0.583627 0.537205 0.185287 0.217167 0.790107
0 0.47633 0.380495 0.163404 0.187531 0.769132
0 0.361832 0.42692 0.196217 0.223365 0.760714
0 0.255534 0.160814 0.180272 0.208893 0.612228
0 0.735418 0.519234 0.197848 0.230085 0.912836
0 0.584633 0.539551 0.191988 0.223784 0.834371
0 0.475718 0.380017 0.163138 0.188176 0.83129
0 0.363051 0.425087 0.2069 0.230934 0.822046
0 0.2531 0.159257 0.184758 0.217457 0.75681
0 0.734859 0.523457 0.199121 0.231241 0.852884
0 0.586499 0.542364 0.193384 0.225849 0.843904
0 0.475212 0.382998 0.158904 0.187241 0.823497
0 0.35951 0.429441 0.21102 0.240796 0.821388
0 0.255836 0.168582 0.174084 0.206523 0.760514
0 0.735494 0.52544 0.190407 0.224282 0.890185
0 0.584713 0.543403 0.191511 0.222794 0.871962
0 0.362944 0.429327 0.203831 0.235766 0.82495
0 0.477669 0.38465 0.16351 0.190027 0.812102
0 0.258152 0.161562 0.179189 0.213099 0.714214
0 0.729331 0.523979 0.202474 0.233222 0.855575
0 0.586386 0.543038 0.190559 0.222088 0.835473
0 0.472897 0.382262 0.166695 0.18888 0.820359
0 0.358431 0.428768 0.207338 0.233465 0.802391
0 0.254534 0.161695 0.187276 0.218239 0.695099
0 0.740514 0.52193 0.200275 0.234081 0.81939
0 0.585085 0.542495 0.200354 0.231067 0.802463
0 0.477768 0.379422 0.163855 0.190732 0.798801
0 0.369765 0.430304 0.198581 0.22802 0.756819
0 0.251423 0.156739 0.187774 0.22052 0.650194
0 0.588603 0.541201 0.190384 0.220957 0.788196
0 0.476206 0.379089 0.158497 0.184828 0.769883
0 0.736921 0.517465 0.19313 0.228534 0.760302
0 0.363749 0.427203 0.198078 0.229627 0.714011
0 0.257211 0.156119 0.189255 0.221411 0.625832
0 0.735421 0.523744 0.188816 0.220806 0.85834
0 0.584145 0.545086 0.184869 0.21632 0.851066
0 0.360575 0.430685 0.198833 0.227936 0.832081
0 0.474977 0.383394 0.165303 0.190115 0.785693
0 0.255063 0.162624 0.181187 0.21649 0.62095
0 0.740486 0.519612 0.19041 0.224624 0.911124
0 0.587875 0.542353 0.190276 0.223021 0.856898
0 0.361537 0.425864 0.201289 0.233126 0.851186
0 0.477455 0.381075 0.165801 0.191588 0.840608
0 0.259842 0.156204 0.181393 0.214881 0.772057
0 0.735629 0.52225 0.198696 0.225081 0.862384
0 0.585192 0.543375 0.189687 0.217765 0.831696
0 0.358529 0.42911 0.201975 0.228234 0.771281
0 0.475414 0.38008 0.162187 0.188515 0.752065
0 0.252861 0.159201 0.187708 0.219998 0.67454
0 0.735362 0.522599 0.196159 0.230052 0.852854
0 0.586799 0.544903 0.189709 0.223389 0.818181
0 0.475351 0.383004 0.16338 0.188624 0.765342
0 0.358452 0.430595 0.207265 0.236669 0.755374
0 0.255629 0.164059 0.180897 0.214393 0.70462
0 0.732108 0.51895 0.189935 0.221124 0.919466
0 0.582883 0.539071 0.181917 0.217382 0.873882
0 0.359962 0.426619 0.19955 0.229229 0.848575
0 0.47492 0.37987 0.160428 0.186911 0.836568
0 0.254787 0.158609 0.178348 0.206459 0.755259
0 0.733088 0.522576 0.195669 0.229605 0.872894
0 0.586098 0.54237 0.18911 0.218001 0.83713
0 0.357482 0.429138 0.201086 0.231947 0.813467
0 0.473421 0.382521 0.16243 0.186247 0.792358
0 0.252806 0.164495 0.18057 0.212078 0.634072
0 0.731489 0.522648 0.198656 0.232601 0.8973
0 0.585796 0.544843 0.190591 0.21968 0.860031
0 0.361587 0.432759 0.19475 0.226006 0.815511
0 0.476483 0.381766 0.160978 0.186698 0.786169
0 0.255054 0.161845 0.18246 0.212201 0.638608
0 0.734974 0.525809 0.184629 0.217708 0.917612
0 0.586831 0.54506 0.183864 0.21678 0.859413
0 0.364633 0.433119 0.187167 0.21911 0.825248
0 0.47397 0.383662 0.153436 0.180434 0.807065
0 0.254636 0.158315 0.174572 0.208856 0.691383
0 0.732841 0.522012 0.193073 0.220916 0.884365
0 0.583628 0.540112 0.186629 0.215972 0.82758
0 0.475677 0.38115 0.159596 0.18334 0.81967
0 0.3584 0.429491 0.19226 0.218326 0.800889
0 0.256482 0.160775 0.17633 0.202716 0.648207
0 0.732659 0.521839 0.197079 0.227906 0.892482
0 0.584611 0.541097 0.189275 0.218647 0.856787
0 0.360471 0.428679 0.199331 0.228841 0.852872
0 0.476119 0.380947 0.16199 0.188262 0.850216
0 0.253516 0.161092 0.184967 0.214182 0.652359
0 0.731254 0.52617 0.194455 0.223331 0.899419
0 0.582112 0.545813 0.184477 0.215684 0.860508
0 0.476537 0.385021 0.155756 0.180439 0.855844
0 0.360148 0.435006 0.194491 0.222919 0.846486
0 0.258127 0.167272 0.169716 0.201354 0.738793
0 0.735754 0.525703 0.193326 0.223253 0.887489
0 0.476677 0.382773 0.161896 0.185286 0.881437
0 0.585176 0.54663 0.187353 0.215812 0.854146
0 0.359629 0.434141 0.192689 0.220045 0.84509
0 0.25783 0.164657 0.177295 0.205794 0.749821
0 0.73468 0.525531 0.195648 0.227406 0.846577
0 0.583664 0.544872 0.189767 0.22084 0.824281
0 0.474952 0.382436 0.160114 0.186198 0.818739
0 0.357269 0.435271 0.195153 0.223256 0.805187
0 0.256046 0.162758 0.175945 0.208291 0.687586
0 0.585421 0.54526 0.193878 0.221173 0.823093
0 0.733627 0.523604 0.197718 0.226524 0.814733
0 0.477095 0.383463 0.163353 0.1879 0.783878
0 0.3624 0.432414 0.201111 0.226977 0.779414
0 0.257393 0.16315 0.182831 0.211243 0.722167
0 0.735247 0.523094 0.19855 0.231087 0.857791
0 0.584791 0.543724 0.19425 0.223272 0.832116
0 0.359155 0.431257 0.193023 0.226773 0.831748
0 0.47604 0.381516 0.158853 0.186825 0.807645
0 0.257748 0.162198 0.172251 0.206604 0.643083
0 0.737009 0.52138 0.196943 0.228116 0.892586
0 0.47811 0.381813 0.161246 0.1866 0.875624
0 0.361069 0.43068 0.192621 0.222931 0.866494
0 0.583546 0.543106 0.187846 0.216763 0.860391
0 0.257786 0.159988 0.179119 0.206286 0.753042
0 0.73665 0.521984 0.195551 0.227 0.884913
0 0.583625 0.542028 0.188212 0.217596 0.853408
0 0.475956 0.382067 0.160517 0.186947 0.823459
0 0.362934 0.427321 0.198192 0.228038 0.822201
0 0.258548 0.160969 0.17741 0.204479 0.727929
0 0.736549 0.524559 0.195173 0.226086 0.880359
0 0.583728 0.544117 0.18481 0.215874 0.846221
0 0.474916 0.382652 0.159552 0.185679 0.821123
0 0.361879 0.431917 0.191859 0.225757 0.817153
0 0.255697 0.163291 0.16934 0.199253 0.746824
0 0.736896 0.523588 0.1928 0.225282 0.889989
0 0.477377 0.38267 0.159421 0.183896 0.858065
0 0.583976 0.54289 0.186046 0.214912 0.855547
0 0.360933 0.431162 0.19443 0.225992 0.84042
0 0.258379 0.162704 0.173031 0.199802 0.753049
0 0.737205 0.520803 0.198721 0.232554 0.828147
0 0.477245 0.380527 0.16227 0.188419 0.814536
0 0.585858 0.54042 0.18941 0.220197 0.79805
0 0.362123 0.428668 0.198809 0.231412 0.787856
0 0.259994 0.162454 0.182003 0.212793 0.657272
0 0.734189 0.524794 0.192674 0.224636 0.856686
0 0.475817 0.384096 0.157425 0.181501 0.831298
0 0.582035 0.544056 0.185435 0.217652 0.827443
0 0.359418 0.432382 0.193889 0.224863 0.79818
0 0.256248 0.164875 0.175283 0.203781 0.729961
0 0.734345 0.522959 0.197327 0.230551 0.880355
0 0.586509 0.543161 0.192192 0.223225 0.861009
0 0.362061 0.432465 0.200851 0.230441 0.846288
0 0.473441 0.384777 0.160366 0.185666 0.834855
0 0.256533 0.164633 0.177378 0.206308 0.752493
0 0.737043 0.52137 0.192898 0.22659 0.85857
0 0.476565 0.382104 0.163573 0.187466 0.804181
0 0.585687 0.540703 0.192947 0.22306 0.80261
0 0.361898 0.428967 0.200444 0.231768 0.786597
0 0.258206 0.162427 0.180279 0.208319 0.709644
0 0.736101 0.519928 0.20291 0.232832 0.853325
0 0.583203 0.541873 0.195 0.222384 0.821394
0 0.474194 0.379776 0.163928 0.188861 0.816228
0 0.35843 0.429716 0.196607 0.2273 0.789625
0 0.256103 0.161378 0.184823 0.214617 0.734597
0 0.737282 0.524595 0.201734 0.234929 0.874333
0 0.584192 0.546929 0.198274 0.23038 0.837689
0 0.477167 0.383975 0.162397 0.187996 0.83154
0 0.362331 0.432775 0.201195 0.232123 0.810336
0 0.258256 0.163954 0.177998 0.209205 0.641362
0 0.735373 0.524317 0.198488 0.228952 0.896497
0 0.588402 0.544054 0.188518 0.217638 0.864569
0 0.364972 0.432171 0.198998 0.227924 0.832619
0 0.478579 0.384291 0.161236 0.184379 0.827221
0 0.260166 0.161766 0.180403 0.208566 0.741785
0 0.734009 0.522128 0.196014 0.229384 0.858829
0 0.584849 0.542664 0.188582 0.219723 0.843656
0 0.475608 0.382807 0.157007 0.18258 0.802652
0 0.363027 0.432214 0.191728 0.222181 0.781675
0 0.258294 0.160569 0.17819 0.207209 0.711292
0 0.73398 0.525441 0.195887 0.225792 0.892254
0 0.583283 0.544469 0.191449 0.220663 0.865714
0 0.477664 0.38382 0.159752 0.184379 0.864057
0 0.359451 0.431134 0.199661 0.232006 0.841035
0 0.257966 0.164806 0.175964 0.204545 0.762107
0 0.733841 0.52445 0.194722 0.227614 0.891913
0 0.583739 0.54444 0.188377 0.218786 0.879499
0 0.360657 0.431393 0.198906 0.229179 0.834797
0 0.476524 0.383532 0.160733 0.186 0.829774
0 0.256861 0.162766 0.177789 0.207306 0.756679
0 0.736082 0.524518 0.195737 0.229075 0.882886
0 0.583831 0.546386 0.1936 0.221698 0.869773
0 0.475886 0.385506 0.1613 0.186791 0.838965
0 0.360849 0.432024 0.200307 0.231218 0.835888
0 0.258296 0.161911 0.176709 0.205232 0.753619
0 0.737631 0.527222 0.188042 0.220291 0.900527
0 0.587866 0.544521 0.187516 0.216688 0.881125
0 0.477306 0.384718 0.15929 0.182722 0.869524
0 0.363021 0.430074 0.196639 0.225555 0.841846
0 0.257816 0.163725 0.173832 0.201227 0.763676
0 0.738084 0.526806 0.186698 0.220409 0.873396
0 0.587113 0.543561 0.186588 0.218543 0.864168
0 0.477248 0.385036 0.158473 0.182831 0.859634
0 0.360833 0.432696 0.196633 0.229116 0.804353
0 0.259384 0.167177 0.170269 0.199326 0.690197
0 0.738202 0.525706 0.192345 0.22743 0.895317
0 0.586714 0.544341 0.194978 0.224694 0.890657
0 0.477714 0.385493 0.160625 0.186234 0.873501
0 0.361114 0.431835 0.198884 0.229639 0.846234
0 0.257885 0.163427 0.176408 0.205852 0.795372
0 0.736175 0.525428 0.196216 0.228663 0.871229
0 0.585448 0.544147 0.192668 0.22297 0.863269
0 0.474686 0.38515 0.163826 0.186534 0.854794
0 0.35852 0.43292 0.197687 0.227206 0.82476
0 0.257167 0.16262 0.177691 0.206929 0.721159
0 0.478319 0.381003 0.163324 0.188048 0.922306
0 0.588049 0.5411 0.193635 0.223395 0.915734
0 0.737683 0.519581 0.198453 0.231806 0.910034
0 0.361536 0.428203 0.201654 0.231623 0.866916
0 0.258636 0.160352 0.178563 0.205694 0.811098
0 0.585195 0.543711 0.189741 0.219171 0.888154
0 0.734336 0.52433 0.196452 0.229823 0.886765
0 0.474561 0.384103 0.162028 0.185744 0.854282
0 0.360797 0.431043 0.199403 0.230598 0.839553
0 0.258251 0.163098 0.174493 0.201365 0.767853
0 0.734148 0.523828 0.196551 0.230055 0.880994
0 0.585959 0.544745 0.19186 0.220303 0.873812
0 0.476778 0.382698 0.163789 0.187187 0.856817
0 0.360535 0.432127 0.19681 0.22698 0.832413
0 0.258036 0.161358 0.176263 0.203562 0.729651
0 0.735025 0.522843 0.196112 0.229094 0.889264
0 0.585781 0.543471 0.189451 0.219355 0.882327
0 0.477424 0.383356 0.158716 0.183338 0.854786
0 0.359698 0.431102 0.192328 0.224259 0.823223
0 0.258161 0.161836 0.172998 0.198988 0.756076
0 0.736537 0.522672 0.197066 0.228606 0.910863
0 0.588583 0.541793 0.19316 0.22281 0.908337
0 0.478279 0.382789 0.160929 0.185514 0.885624
0 0.364511 0.428388 0.192547 0.222719 0.872917
0 0.260625 0.161103 0.173702 0.20103 0.794047
0 0.734937 0.522063 0.194163 0.228109 0.904073
0 0.587426 0.542094 0.188924 0.220023 0.892372
0 0.477081 0.382595 0.159289 0.185102 0.876936
0 0.364297 0.429583 0.188769 0.22153 0.864844
0 0.258356 0.161986 0.173113 0.200738 0.795031
0 0.733508 0.519939 0.19808 0.230939 0.881922
0 0.58513 0.540466 0.192218 0.222556 0.876686
0 0.473404 0.38063 0.16078 0.185615 0.856989
0 0.357553 0.42915 0.198874 0.228996 0.836463
0 0.258287 0.161189 0.173346 0.198015 0.799666
0 0.737812 0.521757 0.192247 0.226264 0.87701
0 0.588236 0.540445 0.19152 0.222626 0.867994
0 0.363728 0.427322 0.191332 0.224692 0.824196
0 0.476512 0.381004 0.158579 0.18425 0.813929
0 0.2593 0.162202 0.170198 0.196138 0.748568
0 0.736796 0.521537 0.198742 0.23054 0.892049
0 0.588065 0.541712 0.191932 0.221173 0.876325
0 0.476326 0.382492 0.163899 0.188006 0.860182
0 0.359234 0.43049 0.199202 0.2301 0.838277
0 0.258187 0.163513 0.172424 0.198347 0.792625
0 0.735397 0.522708 0.195432 0.225937 0.869254
0 0.585384 0.541744 0.190488 0.219027 0.867458
0 0.361066 0.430011 0.199045 0.228425 0.815995
0 0.475072 0.381242 0.166093 0.190988 0.811913
0 0.256815 0.162172 0.177182 0.204669 0.742783
0 0.735409 0.522888 0.197567 0.231496 0.891786
0 0.586291 0.542879 0.193838 0.223742 0.889067
0 0.476559 0.382695 0.163482 0.189109 0.872368
0 0.36025 0.431278 0.199426 0.230805 0.846649
0 0.259197 0.163511 0.173635 0.202159 0.800233
0 0.736378 0.523048 0.197846 0.230188 0.878118
0 0.587438 0.543632 0.192881 0.224057 0.874117
0 0.475817 0.384236 0.162545 0.186269 0.840049
0 0.359442 0.431179 0.198268 0.229346 0.828415
0 0.258018 0.162932 0.174969 0.202599 0.795117
0 0.737588 0.523589 0.196093 0.224841 0.876316
0 0.587179 0.54403 0.195104 0.22419 0.852426
0 0.476245 0.383803 0.160898 0.185388 0.82701
0 0.361237 0.432429 0.196352 0.225067 0.812128
0 0.257526 0.164593 0.172428 0.199861 0.741376
0 0.736784 0.52237 0.196116 0.228022 0.876176
0 0.588679 0.543558 0.194103 0.222613 0.850625
0 0.476244 0.383557 0.163813 0.187924 0.844891
0 0.360448 0.431719 0.197357 0.22834 0.81881
0 0.257267 0.163843 0.174015 0.201789 0.77011
0 0.736993 0.521306 0.194608 0.225979 0.899568
0 0.587525 0.542399 0.192792 0.221254 0.892214
0 0.476806 0.383278 0.160282 0.18368 0.866207
0 0.36084 0.430945 0.195106 0.225939 0.853007
0 0.257178 0.16188 0.175221 0.201368 0.795546
0 0.736056 0.522755 0.196314 0.225753 0.90072
0 0.585685 0.543371 0.19054 0.22021 0.887693
0 0.476228 0.384125 0.160503 0.183869 0.858484
0 0.360444 0.431666 0.195231 0.224839 0.851166
0 0.256521 0.162889 0.174208 0.200752 0.787604
0 0.735749 0.521256 0.198535 0.230945 0.900733
0 0.586322 0.541319 0.194358 0.226162 0.898243
0 0.47662 0.383093 0.163172 0.186993 0.87711
0 0.359824 0.431022 0.198442 0.229362 0.855129
0 0.257531 0.162707 0.177652 0.203779 0.79356
0 0.736991 0.523995 0.195921 0.226393 0.883517
0 0.587435 0.5436 0.193489 0.222773 0.88149
0 0.477133 0.383812 0.159712 0.183876 0.83796
0 0.360449 0.43294 0.195956 0.226424 0.831517
0 0.258278 0.162122 0.175092 0.201368 0.751226
0 0.736593 0.522003 0.197298 0.229558 0.906794
0 0.587011 0.542473 0.194729 0.226824 0.897336
0 0.476952 0.38309 0.162193 0.186198 0.862861
0 0.360255 0.430749 0.20212 0.233468 0.846419
0 0.257457 0.161715 0.175859 0.203378 0.792045
0 0.73502 0.524355 0.19587 0.225946 0.905077
0 0.58349 0.544154 0.191252 0.220635 0.888622
0 0.476818 0.384901 0.160597 0.184122 0.857719
0 0.360121 0.433253 0.198303 0.227476 0.844878
0 0.256855 0.164382 0.173535 0.200712 0.783595
0 0.73614 0.521949 0.196611 0.226968 0.899946
0 0.585208 0.54299 0.191297 0.222122 0.887407
0 0.476123 0.383316 0.160403 0.184287 0.84462
0 0.359399 0.431799 0.19821 0.227384 0.838
0 0.257754 0.162775 0.172476 0.197667 0.778368
0 0.735994 0.520894 0.196459 0.228442 0.901069
0 0.584161 0.542262 0.190974 0.221339 0.891116
0 0.360669 0.43093 0.198481 0.2285 0.847543
0 0.47641 0.38206 0.162176 0.18664 0.846376
0 0.25806 0.162018 0.174437 0.200937 0.757576
0 0.737705 0.52149 0.195953 0.227265 0.882926
0 0.58717 0.542659 0.193028 0.222981 0.88034
0 0.361805 0.431702 0.19691 0.226309 0.823045
0 0.478066 0.38319 0.16089 0.184911 0.818069
0 0.259006 0.162291 0.173787 0.199572 0.650723
0 0.737065 0.521909 0.196974 0.227746 0.904303
0 0.586244 0.544223 0.191182 0.22128 0.888252
0 0.476486 0.383245 0.160888 0.184228 0.853946
0 0.360022 0.431945 0.199041 0.228344 0.849312
0 0.257508 0.162077 0.175441 0.201322 0.739049
0 0.735932 0.522557 0.196316 0.227064 0.897086
0 0.584681 0.543681 0.191766 0.22134 0.884157
0 0.47649 0.383897 0.161132 0.184676 0.844033
0 0.359778 0.432549 0.198071 0.227067 0.843762
0 0.257639 0.16312 0.174364 0.200949 0.744744
0 0.736216 0.522839 0.197193 0.227854 0.90842
0 0.585927 0.543586 0.192462 0.221813 0.899943
0 0.477115 0.3842 0.162552 0.18574 0.872687
0 0.359282 0.433046 0.198815 0.227838 0.86295
0 0.258091 0.162804 0.175973 0.202122 0.793066
0 0.736353 0.522792 0.196728 0.227414 0.898409
0 0.586137 0.543795 0.19166 0.22163 0.897008
0 0.476605 0.384244 0.161749 0.185402 0.848344
0 0.359198 0.432899 0.197953 0.226935 0.846272
0 0.25797 0.163024 0.174416 0.200739 0.744507
0 0.586137 0.543483 0.192032 0.221957 0.901596
0 0.736923 0.522222 0.197652 0.228278 0.900876
0 0.47705 0.384185 0.162162 0.186154 0.851119
0 0.360277 0.432528 0.199002 0.227923 0.849316
0 0.25832 0.162837 0.175353 0.202001 0.749005
0 0.736216 0.522823 0.19719 0.227862 0.908285
0 0.585923 0.543578 0.192458 0.221808 0.899606
0 0.477125 0.384182 0.162536 0.185734 0.872459
0 0.359281 0.43303 0.19881 0.227847 0.862628
0 0.258095 0.162787 0.17597 0.20212 0.792677
