0 0.563101 0.489058 0.237246 0.275929 0.881019
0 0.572494 0.233828 0.103661 0.12733 0.66309
0 0.579827 0.236353 0.108104 0.129911 0.733966
0 0.58335 0.231129 0.104357 0.124147 0.683352
0 0.578304 0.227625 0.102602 0.115976 0.655343
0 0.584191 0.239796 0.131391 0.143588 0.7081
0 0.581655 0.231221 0.101573 0.121632 0.67925
0 0.583365 0.227467 0.111398 0.132741 0.731722
0 0.580482 0.228475 0.106081 0.119421 0.706193
0 0.578612 0.223928 0.0932929 0.10815 0.769055
0 0.583386 0.227976 0.104337 0.117698 0.706467
0 0.581229 0.227747 0.100686 0.11666 0.669955
0 0.585219 0.225087 0.100261 0.112925 0.699573
0 0.57898 0.220105 0.106383 0.118684 0.641088
0 0.583441 0.224755 0.104399 0.118077 0.630847
0 0.586207 0.225459 0.109668 0.12581 0.657749
0 0.582162 0.230304 0.103636 0.121537 0.803743
0 0.586706 0.226264 0.103645 0.119921 0.650053
0 0.582292 0.23133 0.103905 0.121858 0.665215
0 0.586327 0.224428 0.10995 0.12446 0.754139
0 0.584688 0.225133 0.106818 0.117251 0.658309
0 0.580746 0.226845 0.101946 0.115858 0.689187
0 0.581671 0.226964 0.10517 0.116613 0.780997
0 0.579546 0.224963 0.102567 0.114937 0.664547
0 0.581952 0.222604 0.098554 0.110842 0.688627
0 0.58382 0.224671 0.108352 0.121114 0.759621
0 0.581247 0.223407 0.101922 0.115376 0.759941
0 0.581942 0.22947 0.108661 0.125866 0.788699
0 0.582089 0.228362 0.106624 0.120548 0.815259
0 0.582733 0.224402 0.103308 0.115293 0.767683
0 0.582241 0.223297 0.104582 0.117756 0.616697
0 0.583573 0.227411 0.107779 0.12217 0.748766
0 0.582676 0.226512 0.106088 0.119045 0.76396
0 0.580094 0.231193 0.106336 0.124363 0.665211
0 0.581102 0.225386 0.100754 0.113772 0.744606
0 0.581503 0.227156 0.103463 0.119135 0.715456
0 0.58358 0.226796 0.103123 0.119651 0.698615
0 0.582799 0.224809 0.100041 0.114187 0.783316
0 0.584778 0.22672 0.099649 0.114901 0.733737
0 0.581966 0.228117 0.100439 0.11535 0.774973
0 0.580979 0.225858 0.101124 0.115242 0.760345
0 0.580745 0.231786 0.102861 0.123093 0.754245
0 0.581186 0.226112 0.103876 0.114665 0.759659
0 0.583896 0.228604 0.106517 0.122057 0.793921
0 0.585957 0.229269 0.108486 0.12447 0.750443
0 0.583527 0.22799 0.103604 0.118178 0.826604
0 0.585154 0.223421 0.108836 0.125348 0.850505
0 0.584028 0.226014 0.10361 0.119183 0.796684
0 0.583098 0.227443 0.103607 0.117455 0.816035
0 0.582723 0.224783 0.105992 0.118704 0.794767
0 0.581277 0.225239 0.104948 0.120615 0.73945
0 0.58259 0.22836 0.103158 0.119193 0.787568
0 0.584763 0.225941 0.106386 0.12522 0.794169
0 0.586123 0.223509 0.109355 0.122811 0.761991
0 0.583358 0.224119 0.100976 0.113891 0.808606
0 0.58325 0.227688 0.104092 0.11998 0.808243
0 0.583436 0.226535 0.105497 0.11979 0.802573
0 0.583231 0.227138 0.104927 0.119689 0.737303
0 0.583094 0.226919 0.101935 0.117301 0.825861
0 0.584699 0.22673 0.101671 0.115967 0.794392
0 0.58514 0.226796 0.0988361 0.116358 0.811966
0 0.584287 0.228864 0.105718 0.122082 0.778455
0 0.584758 0.226092 0.098585 0.11658 0.824041
0 0.587008 0.225448 0.106235 0.119975 0.823442
0 0.583068 0.224191 0.101926 0.116193 0.799227
0 0.58681 0.223487 0.104021 0.116488 0.833195
0 0.583462 0.225276 0.10173 0.114206 0.753503
0 0.585159 0.225595 0.0992628 0.113089 0.825092
0 0.583693 0.22454 0.101204 0.114963 0.784289
0 0.583589 0.225552 0.10291 0.116228 0.830839
0 0.583551 0.227059 0.102695 0.120185 0.803293
0 0.584242 0.224874 0.0986103 0.112066 0.839714
0 0.583489 0.224378 0.0990847 0.114362 0.753983
0 0.58449 0.225655 0.101725 0.116187 0.839025
0 0.583355 0.224855 0.102191 0.117053 0.764532
0 0.585604 0.224595 0.102296 0.116676 0.84417
0 0.585195 0.223459 0.103613 0.11699 0.806509
0 0.58543 0.227142 0.101511 0.118006 0.84123
0 0.586568 0.226516 0.101587 0.118294 0.811177
0 0.584144 0.226483 0.101759 0.117569 0.865246
0 0.584877 0.226895 0.101235 0.117315 0.838227
0 0.58318 0.225786 0.100938 0.114417 0.856202
0 0.583932 0.225581 0.100608 0.115368 0.811879
0 0.585065 0.226 0.100332 0.116109 0.823318
0 0.583484 0.22723 0.102093 0.118246 0.831728
0 0.584338 0.226616 0.101776 0.117451 0.856813
0 0.583745 0.226548 0.102401 0.11759 0.86207
0 0.584678 0.225264 0.101674 0.116297 0.834333
0 0.583079 0.22461 0.10457 0.115972 0.853255
0 0.582797 0.22459 0.105297 0.118334 0.83556
0 0.583883 0.224119 0.104534 0.117015 0.857789
0 0.583065 0.223736 0.104156 0.116012 0.840773
0 0.58327 0.224087 0.104781 0.116706 0.851087
0 0.583887 0.224107 0.10453 0.117031 0.857459
