0 0.0999616 0.137338 0.199923 0.274677 0.937316
0 0.585562 0.220203 0.098393 0.131366 0.763783
0 0.216911 0.394615 0.0967887 0.122348 0.680778
0 0.58044 0.218248 0.120656 0.153939 0.80521
0 0.62734 0.630947 0.112514 0.140046 0.725933
0 0.21477 0.391596 0.102038 0.130954 0.676737
0 0.213474 0.395669 0.0990855 0.126526 0.882037
0 0.581386 0.2205 0.116823 0.145306 0.822729
0 0.625912 0.633445 0.103043 0.130698 0.811176
0 0.396127 0.216155 0.130885 0.158157 0.749941
0 0.78524 0.33903 0.101276 0.127676 0.724549
0 0.216326 0.390982 0.0931603 0.122959 0.712486
0 0.583023 0.216054 0.11277 0.138313 0.682388
0 0.628565 0.631316 0.0908533 0.118755 0.663384
0 0.213699 0.390335 0.0974597 0.130675 0.823489
0 0.627054 0.63201 0.0910843 0.120958 0.717837
0 0.581456 0.218264 0.118686 0.147417 0.680781
0 0.584243 0.214082 0.121253 0.139922 0.725082
0 0.629821 0.632782 0.0898794 0.106063 0.65217
0 0.215949 0.392268 0.0931899 0.115825 0.809243
0 0.584109 0.217279 0.112004 0.129451 0.804485
0 0.628066 0.630995 0.0939778 0.116881 0.720633
0 0.788619 0.33508 0.0969932 0.119182 0.622159
0 0.399027 0.211831 0.112649 0.142814 0.600404
0 0.581838 0.219849 0.121917 0.140987 0.846496
0 0.216083 0.392604 0.111703 0.127633 0.846385
0 0.625436 0.63338 0.108481 0.12161 0.623924
0 0.399283 0.214664 0.136511 0.160585 0.623051
0 0.210054 0.393092 0.0986998 0.122564 0.86159
0 0.578438 0.22129 0.114966 0.1387 0.741617
0 0.390438 0.214944 0.12254 0.14941 0.660336
0 0.62354 0.632541 0.0967298 0.116558 0.632072
0 0.213186 0.392049 0.0939103 0.121832 0.775868
0 0.581733 0.22029 0.11863 0.143449 0.762531
0 0.626368 0.630239 0.102085 0.125581 0.692919
0 0.785921 0.336729 0.103715 0.12805 0.601675
0 0.215782 0.391142 0.114452 0.128415 0.909032
0 0.58588 0.219039 0.123907 0.148278 0.844369
0 0.786193 0.336826 0.111126 0.128327 0.69269
0 0.629447 0.631792 0.101399 0.123502 0.678603
0 0.21354 0.392806 0.0865458 0.104183 0.86449
0 0.585578 0.21587 0.115405 0.137552 0.841173
0 0.626849 0.633181 0.0920478 0.105772 0.760726
0 0.786979 0.336671 0.0885977 0.11365 0.684213
0 0.21461 0.391223 0.103965 0.126074 0.840607
0 0.582428 0.21725 0.120363 0.144848 0.820184
0 0.787096 0.336539 0.104633 0.123539 0.764848
0 0.627158 0.631847 0.103174 0.12201 0.727209
0 0.399288 0.210649 0.130133 0.150285 0.64752
0 0.21524 0.392633 0.0983116 0.122491 0.802535
0 0.58417 0.21599 0.120271 0.142438 0.783436
0 0.62748 0.632153 0.095349 0.115562 0.7288
0 0.217379 0.391296 0.0996262 0.121152 0.89703
0 0.584339 0.218835 0.122763 0.141261 0.863596
0 0.789556 0.336271 0.0998778 0.118757 0.78495
0 0.628725 0.63345 0.0953064 0.110013 0.730886
0 0.584672 0.216153 0.118878 0.139335 0.841721
0 0.21276 0.393252 0.0952808 0.120604 0.802574
0 0.627728 0.632563 0.0961173 0.1149 0.718461
0 0.787793 0.334896 0.0975181 0.118168 0.665528
0 0.399382 0.212106 0.120396 0.146763 0.628145
0 0.216421 0.391721 0.105317 0.123004 0.800207
0 0.583977 0.218565 0.122435 0.139707 0.783289
0 0.628918 0.633236 0.0965462 0.110082 0.643145
0 0.788458 0.336223 0.102917 0.120355 0.623546
0 0.215947 0.39277 0.108631 0.125418 0.799558
0 0.628959 0.633114 0.0979825 0.11535 0.776454
0 0.584701 0.219229 0.121247 0.141231 0.705478
0 0.789097 0.337399 0.0991383 0.120108 0.655275
0 0.215233 0.39222 0.112388 0.125459 0.933514
0 0.585748 0.219665 0.124653 0.145008 0.897029
0 0.790976 0.3384 0.10729 0.124076 0.760166
0 0.62864 0.634518 0.0960843 0.11128 0.757691
0 0.403811 0.217005 0.132476 0.15061 0.63657
0 0.214425 0.392054 0.109025 0.125867 0.868812
0 0.58272 0.219296 0.119338 0.139922 0.805321
0 0.62722 0.632156 0.0970392 0.117975 0.69285
0 0.786208 0.337244 0.098778 0.120001 0.683995
0 0.215524 0.392227 0.107349 0.125278 0.843213
0 0.580638 0.220349 0.11906 0.140763 0.80329
0 0.785736 0.335862 0.101758 0.121537 0.70592
0 0.626538 0.632074 0.0982057 0.118985 0.674459
0 0.216198 0.389251 0.108233 0.128799 0.851734
0 0.583353 0.217518 0.126932 0.146624 0.790668
0 0.788815 0.335464 0.10546 0.127087 0.720365
0 0.628813 0.630055 0.0993237 0.121012 0.680546
0 0.400148 0.213492 0.133796 0.158105 0.604402
0 0.584047 0.21648 0.120636 0.140811 0.801669
0 0.214327 0.391001 0.0994882 0.120776 0.798142
0 0.627242 0.631056 0.0936064 0.112773 0.71365
0 0.786136 0.336637 0.0985233 0.121041 0.686683
0 0.396214 0.213526 0.133917 0.157002 0.639809
0 0.212509 0.391006 0.10954 0.124947 0.882998
0 0.580183 0.219293 0.124132 0.146136 0.843241
0 0.78718 0.33641 0.10464 0.121387 0.724566
0 0.625434 0.633405 0.0965545 0.115237 0.703733
0 0.213856 0.393945 0.100932 0.122443 0.883892
0 0.58414 0.220896 0.11486 0.137848 0.877394
0 0.78809 0.338546 0.10023 0.122139 0.814686
0 0.628712 0.634351 0.0956994 0.110108 0.799185
0 0.398052 0.21901 0.123438 0.144344 0.710895
0 0.215329 0.392414 0.105027 0.123053 0.833015
0 0.58331 0.217458 0.114801 0.13386 0.788292
0 0.790427 0.33609 0.101451 0.119502 0.686593
0 0.627836 0.631767 0.0964187 0.114066 0.658333
0 0.395225 0.213311 0.126091 0.149349 0.653962
0 0.215634 0.390628 0.110234 0.12627 0.805968
0 0.585793 0.215733 0.125211 0.144587 0.71771
0 0.628262 0.630629 0.0939149 0.111484 0.661695
0 0.788839 0.335122 0.0987535 0.117455 0.624021
0 0.216646 0.391307 0.108888 0.124046 0.853486
0 0.585573 0.217674 0.126708 0.142473 0.801931
0 0.791667 0.335612 0.105767 0.121653 0.740605
0 0.62835 0.629286 0.10146 0.119481 0.711252
0 0.391696 0.213003 0.129624 0.153296 0.688619
0 0.213353 0.390928 0.100308 0.122841 0.881706
0 0.583709 0.216562 0.120036 0.146049 0.821479
0 0.791351 0.335345 0.101301 0.118405 0.761503
0 0.62953 0.630351 0.0957203 0.113755 0.749354
0 0.396908 0.210625 0.129129 0.15279 0.694731
0 0.215118 0.392838 0.111307 0.124693 0.841697
0 0.582826 0.220321 0.120752 0.13984 0.794514
0 0.789568 0.337283 0.10738 0.122958 0.721855
0 0.63043 0.632558 0.102979 0.118761 0.717986
0 0.217662 0.393345 0.106169 0.123961 0.914315
0 0.585379 0.221082 0.12144 0.141561 0.834548
0 0.791104 0.338308 0.103452 0.121022 0.813265
0 0.630511 0.632408 0.104636 0.118637 0.764484
0 0.39465 0.217285 0.130254 0.152693 0.755177
0 0.217034 0.390832 0.10335 0.122421 0.826926
0 0.586091 0.215599 0.12277 0.146229 0.758395
0 0.791144 0.3365 0.102539 0.120642 0.735824
0 0.629947 0.63043 0.0976154 0.114886 0.723975
0 0.394812 0.212236 0.128268 0.153115 0.614199
0 0.21243 0.392938 0.1026 0.122861 0.765066
0 0.582425 0.216842 0.119387 0.141417 0.717728
0 0.789366 0.337486 0.103576 0.122824 0.645755
0 0.393506 0.213987 0.128898 0.15411 0.643903
0 0.628868 0.631386 0.100528 0.11608 0.618136
0 0.21266 0.392141 0.100972 0.120089 0.820423
0 0.582163 0.218744 0.124485 0.145924 0.780532
0 0.788582 0.338192 0.102486 0.121907 0.711677
0 0.628872 0.63107 0.0976832 0.114971 0.686444
0 0.394574 0.216058 0.12735 0.15211 0.628239
0 0.215495 0.391448 0.107239 0.123095 0.892129
0 0.58572 0.218241 0.121904 0.14051 0.813777
0 0.791456 0.336734 0.106349 0.120814 0.779702
0 0.630481 0.632533 0.0999489 0.110675 0.772818
0 0.394254 0.214064 0.130195 0.151872 0.716565
0 0.216501 0.393406 0.107698 0.124264 0.745974
0 0.583336 0.221585 0.121502 0.14164 0.699676
0 0.791153 0.338665 0.109203 0.12427 0.677671
0 0.395672 0.216666 0.132541 0.155106 0.640449
0 0.630606 0.633992 0.100429 0.115213 0.637867
0 0.215367 0.391552 0.100388 0.122877 0.813588
0 0.583683 0.218042 0.119706 0.141979 0.729233
0 0.629725 0.6316 0.0982306 0.112687 0.71408
0 0.79018 0.337615 0.099237 0.119429 0.697108
0 0.392967 0.212637 0.125453 0.149139 0.644703
0 0.216629 0.391085 0.105493 0.125328 0.778763
0 0.583587 0.216547 0.118099 0.137689 0.76445
0 0.791806 0.337291 0.104802 0.123831 0.696014
0 0.390964 0.211887 0.127541 0.152428 0.687671
0 0.630614 0.631773 0.0983609 0.115529 0.619275
0 0.216339 0.390082 0.106405 0.12625 0.783953
0 0.582254 0.219195 0.124529 0.146408 0.769012
0 0.629275 0.629876 0.103064 0.120588 0.740043
0 0.791934 0.336027 0.103465 0.123062 0.684118
0 0.391143 0.213869 0.131362 0.157256 0.682235
0 0.215262 0.390727 0.105923 0.124174 0.817915
0 0.791156 0.337097 0.105454 0.123017 0.776716
0 0.582807 0.218555 0.121912 0.139832 0.774803
0 0.629376 0.631031 0.0999609 0.115783 0.713385
0 0.392252 0.213528 0.126231 0.147968 0.658775
0 0.217285 0.391439 0.102564 0.123197 0.786373
0 0.584642 0.217876 0.11861 0.141328 0.766971
0 0.631738 0.632463 0.0988057 0.112912 0.731023
0 0.791491 0.337595 0.103945 0.121411 0.728862
0 0.392861 0.215383 0.125041 0.152061 0.680675
0 0.215985 0.391133 0.106167 0.123007 0.872303
0 0.585404 0.217441 0.121267 0.141268 0.817367
0 0.630741 0.631982 0.0990684 0.112672 0.786144
0 0.793157 0.336969 0.104078 0.120546 0.7452
0 0.392746 0.213245 0.126087 0.149085 0.653743
0 0.213055 0.391019 0.105012 0.124141 0.849591
0 0.582127 0.215521 0.125221 0.145835 0.776188
0 0.790304 0.3371 0.102798 0.122085 0.752888
0 0.627998 0.630051 0.09695 0.115553 0.722654
0 0.391658 0.213147 0.12991 0.155399 0.615126
0 0.214199 0.394022 0.100699 0.121069 0.877761
0 0.584145 0.219995 0.116867 0.137358 0.793878
0 0.790634 0.33882 0.102888 0.121392 0.781739
0 0.629722 0.633712 0.0972919 0.111425 0.765853
0 0.392796 0.216347 0.127959 0.152435 0.705491
0 0.215509 0.392118 0.106337 0.123722 0.875172
0 0.584892 0.217565 0.123548 0.142614 0.823289
0 0.791768 0.337891 0.10438 0.121202 0.804359
0 0.630315 0.631783 0.101179 0.115017 0.777643
0 0.393292 0.21377 0.132207 0.158895 0.65866
0 0.583379 0.220765 0.118144 0.138946 0.754651
0 0.212941 0.392556 0.102198 0.123597 0.731653
0 0.792419 0.338397 0.102492 0.120461 0.682509
0 0.62924 0.63317 0.0971601 0.114197 0.648292
0 0.391747 0.214525 0.131772 0.158114 0.607691
0 0.215443 0.390244 0.110911 0.126198 0.781825
0 0.584363 0.219747 0.124496 0.142385 0.718135
0 0.629779 0.629859 0.101516 0.117733 0.669981
0 0.79242 0.336028 0.105624 0.122692 0.65065
0 0.213001 0.391926 0.107486 0.125118 0.842426
0 0.582058 0.220048 0.118858 0.139241 0.768568
0 0.628969 0.633469 0.0983259 0.113176 0.733937
0 0.79077 0.338699 0.102595 0.1221 0.711301
0 0.390926 0.21611 0.126259 0.149534 0.646328
0 0.214577 0.390473 0.111095 0.12693 0.815196
0 0.791428 0.336893 0.107075 0.125194 0.763932
0 0.58382 0.217102 0.120849 0.14005 0.760938
0 0.62966 0.630648 0.0991737 0.11585 0.742236
0 0.21429 0.390485 0.109895 0.125939 0.839462
0 0.583938 0.217792 0.121964 0.142582 0.787263
0 0.79113 0.337351 0.105424 0.123196 0.762708
0 0.390953 0.212436 0.132301 0.158029 0.721552
0 0.630483 0.63183 0.0987053 0.113901 0.707498
0 0.21567 0.392015 0.107874 0.124316 0.827311
0 0.584107 0.21922 0.117003 0.13709 0.77992
0 0.630279 0.632886 0.0971966 0.111726 0.749101
0 0.790979 0.338466 0.104594 0.122882 0.731468
0 0.389629 0.213213 0.127193 0.15124 0.710817
0 0.21592 0.391983 0.108575 0.124399 0.822366
0 0.585025 0.217139 0.118552 0.13596 0.739724
0 0.792353 0.33781 0.106208 0.123613 0.714686
0 0.631289 0.6308 0.10126 0.117392 0.709099
0 0.215245 0.390834 0.109719 0.12618 0.78821
0 0.629233 0.63041 0.0993553 0.11637 0.705335
0 0.790485 0.337873 0.104378 0.122679 0.67247
0 0.585852 0.213989 0.124274 0.148914 0.653744
0 0.216775 0.391776 0.107001 0.124311 0.808829
0 0.584463 0.218486 0.115922 0.136655 0.770533
0 0.631131 0.63108 0.098996 0.113046 0.759454
0 0.791193 0.338725 0.104458 0.122496 0.730863
0 0.214357 0.390865 0.108005 0.126904 0.798157
0 0.793348 0.33672 0.105917 0.124547 0.780848
0 0.630801 0.631704 0.101398 0.115955 0.728709
0 0.58503 0.218087 0.120943 0.143098 0.718081
0 0.392427 0.213399 0.13313 0.158428 0.630711
0 0.212758 0.390502 0.108207 0.128108 0.745238
0 0.631216 0.630706 0.101363 0.11546 0.68851
0 0.79337 0.33717 0.106348 0.124482 0.662207
0 0.585443 0.216142 0.123639 0.14334 0.604825
0 0.214311 0.391101 0.109279 0.125208 0.819068
0 0.792958 0.336213 0.104366 0.120905 0.772559
0 0.584742 0.219064 0.117693 0.137996 0.757327
0 0.630909 0.630585 0.0994707 0.114413 0.708218
0 0.388038 0.213606 0.130537 0.158349 0.665212
0 0.214362 0.392695 0.104253 0.123785 0.853275
0 0.792459 0.338456 0.103887 0.122752 0.77607
0 0.582664 0.219639 0.119583 0.140383 0.772121
0 0.629988 0.632309 0.0971528 0.112598 0.74122
0 0.391107 0.215031 0.130187 0.154891 0.707053
0 0.215433 0.39076 0.106764 0.123972 0.810839
0 0.584528 0.217011 0.120848 0.140471 0.732464
0 0.792941 0.336134 0.104391 0.121284 0.723271
0 0.631056 0.630551 0.100792 0.115459 0.717486
0 0.392371 0.212296 0.129561 0.153282 0.626236
0 0.214358 0.390768 0.104715 0.125177 0.754708
0 0.584456 0.213677 0.119146 0.140848 0.680579
0 0.792654 0.336813 0.104075 0.121572 0.677766
0 0.630131 0.629934 0.0988225 0.114276 0.673592
0 0.213822 0.390374 0.108692 0.126796 0.879809
0 0.794046 0.337581 0.106438 0.124612 0.8034
0 0.585803 0.213079 0.121307 0.143416 0.798922
0 0.630959 0.629667 0.100488 0.116166 0.774268
0 0.391293 0.212158 0.129494 0.155596 0.691799
0 0.21355 0.390079 0.108765 0.126504 0.841471
0 0.58355 0.216373 0.119948 0.140673 0.764282
0 0.792633 0.337629 0.103917 0.121177 0.751942
0 0.630899 0.631001 0.100027 0.113204 0.723923
0 0.39132 0.213102 0.127673 0.150787 0.685032
0 0.214612 0.391316 0.105941 0.124395 0.809847
0 0.793467 0.337646 0.103627 0.122679 0.752915
0 0.582435 0.216892 0.117084 0.14015 0.737899
0 0.630523 0.631482 0.0975543 0.112153 0.719696
0 0.392757 0.212754 0.127116 0.150381 0.646775
0 0.214441 0.39201 0.106216 0.12596 0.816814
0 0.630991 0.631033 0.0996162 0.113922 0.728767
0 0.583607 0.217173 0.117856 0.137197 0.704425
0 0.792888 0.338597 0.105872 0.123255 0.697919
0 0.214006 0.391521 0.107496 0.124761 0.838749
0 0.793231 0.338017 0.103159 0.122455 0.789005
0 0.583997 0.215817 0.120927 0.144147 0.765173
0 0.629738 0.629411 0.098712 0.116694 0.756
0 0.388304 0.212304 0.131059 0.158872 0.632693
0 0.214572 0.3901 0.11288 0.127318 0.876136
0 0.792667 0.33688 0.105647 0.122234 0.797457
0 0.583981 0.215375 0.121633 0.144487 0.788878
0 0.630331 0.629172 0.10159 0.118377 0.766119
0 0.386731 0.211791 0.134745 0.160147 0.725683
0 0.214189 0.391094 0.11029 0.126881 0.881363
0 0.584321 0.216048 0.124574 0.146393 0.802877
0 0.792387 0.337383 0.105215 0.122857 0.798416
0 0.629551 0.630305 0.0998825 0.116709 0.786358
0 0.386529 0.211795 0.133967 0.155938 0.72453
0 0.215377 0.391136 0.106605 0.123989 0.895088
0 0.585272 0.214454 0.128208 0.15129 0.836088
0 0.792178 0.336625 0.104764 0.121561 0.80494
0 0.630548 0.630541 0.100934 0.115362 0.799778
0 0.390114 0.212168 0.132417 0.157742 0.730795
0 0.21457 0.392596 0.106295 0.124191 0.802274
0 0.584869 0.217744 0.123091 0.142243 0.742483
0 0.630914 0.630274 0.102294 0.118062 0.694061
0 0.790678 0.337224 0.103224 0.121046 0.664597
0 0.390317 0.214779 0.129866 0.154345 0.658984
0 0.214579 0.392402 0.10421 0.12139 0.833662
0 0.583227 0.217231 0.120485 0.141488 0.761
0 0.790992 0.337851 0.101462 0.119041 0.739675
0 0.629686 0.63095 0.0993614 0.114371 0.714036
0 0.387296 0.213245 0.131975 0.157019 0.653636
0 0.214483 0.391697 0.108814 0.124249 0.82785
0 0.584568 0.21523 0.121216 0.142713 0.73871
0 0.791502 0.337283 0.103464 0.120711 0.726014
0 0.630666 0.629455 0.102067 0.117574 0.699713
0 0.215204 0.392257 0.107683 0.123685 0.806905
0 0.584479 0.215012 0.120135 0.139373 0.75796
0 0.630242 0.630513 0.0995007 0.114838 0.749764
0 0.791311 0.336636 0.103073 0.119916 0.726619
0 0.213953 0.391847 0.106432 0.123664 0.81539
0 0.791462 0.337896 0.104608 0.121618 0.709553
0 0.58307 0.215207 0.121691 0.142545 0.70941
0 0.629995 0.630498 0.099073 0.11424 0.708151
0 0.388291 0.211886 0.130682 0.157185 0.623498
0 0.214383 0.390356 0.110809 0.127404 0.854074
0 0.583936 0.214127 0.12327 0.143564 0.792083
0 0.79315 0.33699 0.104839 0.123202 0.780102
0 0.388048 0.211435 0.133604 0.157631 0.770107
0 0.630337 0.630361 0.0997222 0.113547 0.754913
0 0.214046 0.390772 0.107977 0.124793 0.786007
0 0.792173 0.336765 0.104285 0.121552 0.687309
0 0.629755 0.630769 0.0977064 0.112107 0.667058
0 0.584286 0.21343 0.118609 0.137148 0.656808
0 0.389997 0.210493 0.129945 0.155249 0.610151
0 0.215075 0.392136 0.11061 0.125774 0.844108
0 0.629972 0.631566 0.0978587 0.111808 0.772243
0 0.58404 0.216537 0.125841 0.14462 0.769678
0 0.792934 0.338072 0.106217 0.12292 0.750749
0 0.38861 0.212741 0.133816 0.15941 0.669639
0 0.214885 0.390591 0.110227 0.127143 0.79062
0 0.792379 0.337318 0.105118 0.122022 0.661746
0 0.583495 0.213379 0.125079 0.147098 0.658524
0 0.21521 0.392381 0.106308 0.12365 0.848372
0 0.584989 0.216772 0.120791 0.142224 0.795557
0 0.630359 0.632243 0.0978249 0.111953 0.776205
0 0.792595 0.338486 0.103048 0.120517 0.770191
0 0.391421 0.213113 0.130051 0.156052 0.667566
0 0.213674 0.390575 0.109783 0.126046 0.799199
0 0.583979 0.213498 0.121656 0.141239 0.758199
0 0.388652 0.212041 0.132013 0.156629 0.686579
0 0.790292 0.336282 0.103055 0.118339 0.685332
0 0.629443 0.63052 0.098415 0.114364 0.646974
0 0.214326 0.391681 0.108004 0.124159 0.840126
0 0.583994 0.216421 0.121636 0.143065 0.793376
0 0.629276 0.631669 0.0979652 0.112212 0.73157
0 0.792018 0.33778 0.102816 0.11972 0.726523
0 0.389978 0.213467 0.130675 0.156542 0.679259
0 0.214106 0.391547 0.106852 0.123313 0.825349
0 0.584346 0.215617 0.120911 0.142802 0.752764
0 0.791848 0.337608 0.102949 0.119477 0.688455
0 0.629546 0.631375 0.0976584 0.111882 0.686991
0 0.389321 0.213286 0.13316 0.158492 0.647254
0 0.215113 0.391021 0.108589 0.123712 0.849859
0 0.584434 0.214936 0.121442 0.142148 0.792338
0 0.791979 0.337267 0.104077 0.121293 0.750026
0 0.629703 0.629988 0.100055 0.115991 0.720943
0 0.389603 0.212058 0.129735 0.155403 0.661652
0 0.214393 0.391539 0.106642 0.123439 0.84608
0 0.584454 0.215033 0.120455 0.139541 0.7807
0 0.791627 0.337383 0.103143 0.120253 0.752731
0 0.629981 0.629933 0.10027 0.115571 0.688214
0 0.388769 0.212695 0.129589 0.155831 0.615822
0 0.213595 0.391285 0.107769 0.124602 0.87634
0 0.584536 0.214738 0.120942 0.141472 0.819714
0 0.791453 0.337184 0.103768 0.120373 0.792051
0 0.630062 0.630743 0.099615 0.11376 0.750987
0 0.388431 0.211699 0.131873 0.155589 0.651944
0 0.213418 0.391014 0.107767 0.125483 0.831626
0 0.584692 0.213712 0.118564 0.140158 0.747725
0 0.791929 0.337053 0.101785 0.11902 0.72835
0 0.630464 0.630608 0.0994977 0.114602 0.699472
0 0.214676 0.39109 0.106174 0.125096 0.797867
0 0.585193 0.21441 0.119628 0.139447 0.722655
0 0.79279 0.337063 0.103035 0.119359 0.721961
0 0.631098 0.630781 0.0995151 0.113721 0.625387
0 0.213234 0.391407 0.105027 0.124689 0.795869
0 0.791201 0.337336 0.103194 0.120942 0.710489
0 0.58428 0.215333 0.11947 0.140004 0.666559
0 0.63029 0.631467 0.0989947 0.113059 0.60718
0 0.213934 0.390601 0.108793 0.126928 0.822668
0 0.791786 0.336841 0.105269 0.121857 0.749674
0 0.585225 0.21325 0.120848 0.140855 0.735701
0 0.2142 0.390572 0.107071 0.125796 0.822576
0 0.585348 0.213421 0.120766 0.140968 0.760637
0 0.791994 0.336272 0.104104 0.120296 0.738375
0 0.390834 0.212515 0.131068 0.156456 0.615042
0 0.214768 0.390667 0.10571 0.125414 0.785612
0 0.792174 0.336342 0.104008 0.121087 0.669391
0 0.58573 0.213438 0.119508 0.139713 0.658017
0 0.213326 0.390742 0.105358 0.124503 0.812997
0 0.791062 0.336508 0.102795 0.119467 0.710399
0 0.584261 0.213392 0.119218 0.13908 0.689008
0 0.213223 0.390949 0.106048 0.125585 0.813173
0 0.584662 0.213492 0.120069 0.14096 0.706225
0 0.791047 0.336792 0.103421 0.121159 0.705822
0 0.213556 0.390778 0.105558 0.125009 0.832322
0 0.584484 0.214046 0.12002 0.140393 0.75831
0 0.791442 0.336508 0.102967 0.119932 0.732669
0 0.389756 0.213096 0.130956 0.156731 0.655974
0 0.213562 0.390693 0.103658 0.123611 0.774197
0 0.7907 0.335713 0.100876 0.117516 0.6431
0 0.58418 0.213511 0.117554 0.137418 0.622621
0 0.21392 0.390946 0.104662 0.124262 0.802453
0 0.584665 0.213733 0.118853 0.138658 0.690905
0 0.791376 0.3365 0.102951 0.120032 0.670561
0 0.213557 0.390777 0.105554 0.125019 0.831879
0 0.58448 0.21404 0.120018 0.140408 0.757632
0 0.79144 0.33651 0.102965 0.11994 0.731883
0 0.389752 0.213089 0.130957 0.156737 0.655434
