0 0.544289 0.509023 0.34026 0.338703 0.631826
0 0.520525 0.410174 0.484774 0.610934 0.64353
0 0.559349 0.426208 0.553744 0.615611 0.606769
0 0.531005 0.429588 0.601131 0.608855 0.657172
0 0.535777 0.426024 0.564262 0.663296 0.606456
0 0.485651 0.426482 0.451306 0.628994 0.634398
0 0.517111 0.425961 0.602287 0.671932 0.61879
0 0.558711 0.426114 0.593257 0.664454 0.764312
0 0.508393 0.411725 0.534536 0.648344 0.810825
0 0.727414 0.470017 0.102985 0.116331 0.63743
0 0.514117 0.44538 0.61224 0.725091 0.710012
0 0.498114 0.428624 0.583507 0.704819 0.602123
0 0.495552 0.40756 0.488544 0.633725 0.757492
0 0.508122 0.418608 0.583056 0.648439 0.75679
0 0.522982 0.431394 0.606412 0.693594 0.773652
0 0.508434 0.418679 0.5531 0.670487 0.655936
0 0.51999 0.429245 0.49788 0.619557 0.769226
0 0.526581 0.432376 0.608147 0.654876 0.702152
0 0.538085 0.456443 0.592804 0.683154 0.761842
0 0.502956 0.440557 0.629151 0.715968 0.697465
0 0.498537 0.42403 0.582017 0.659248 0.802862
0 0.524727 0.430716 0.573129 0.682379 0.664901
0 0.528323 0.424461 0.543079 0.640275 0.735559
0 0.522271 0.447566 0.607345 0.702068 0.809448
0 0.506376 0.41591 0.535204 0.640526 0.758709
0 0.521008 0.428787 0.546361 0.640104 0.755869
0 0.525498 0.441857 0.570685 0.652276 0.758962
0 0.515607 0.428256 0.521496 0.623848 0.77228
0 0.498625 0.426582 0.552044 0.66222 0.781989
0 0.530755 0.432359 0.539617 0.632584 0.847153
0 0.502628 0.432422 0.572008 0.656828 0.668851
0 0.487539 0.420072 0.526066 0.636175 0.813621
0 0.529438 0.41717 0.510333 0.609285 0.794683
0 0.493122 0.43468 0.519927 0.64492 0.618991
0 0.478365 0.434104 0.544019 0.631084 0.75577
0 0.516684 0.430077 0.524577 0.639573 0.754274
0 0.506318 0.434117 0.555543 0.662027 0.738426
0 0.508497 0.435801 0.553183 0.651829 0.776964
0 0.505439 0.43199 0.560742 0.650461 0.755846
0 0.497487 0.435312 0.581078 0.673483 0.765191
0 0.507689 0.436945 0.538764 0.616943 0.809635
0 0.503693 0.435323 0.541444 0.61989 0.877533
0 0.496494 0.424414 0.563495 0.633232 0.808058
0 0.507424 0.434037 0.539096 0.636633 0.835606
0 0.515309 0.426844 0.536947 0.636782 0.861979
0 0.505947 0.435941 0.531258 0.629267 0.823412
0 0.523202 0.435067 0.561103 0.64436 0.850129
0 0.499492 0.4308 0.574894 0.647176 0.807412
0 0.50154 0.442017 0.516271 0.625476 0.791347
0 0.510419 0.427564 0.55847 0.636806 0.864402
0 0.509374 0.426424 0.525969 0.62737 0.863443
0 0.502697 0.427576 0.584263 0.649625 0.847477
0 0.515365 0.42638 0.546914 0.631528 0.884517
0 0.489758 0.403536 0.575361 0.667604 0.812857
0 0.496201 0.385771 0.77339 0.771543 0.626588
0 0.517865 0.419389 0.581588 0.651674 0.825562
0 0.507034 0.440616 0.562011 0.64257 0.813687
0 0.499975 0.423987 0.564748 0.661898 0.828583
0 0.502701 0.431562 0.555186 0.622691 0.815521
0 0.51471 0.429803 0.577788 0.659583 0.827074
0 0.490634 0.435137 0.55799 0.651408 0.822278
0 0.514902 0.434253 0.575703 0.659172 0.815148
0 0.51339 0.425944 0.566443 0.655243 0.831138
0 0.516068 0.432162 0.544949 0.633785 0.829136
0 0.516558 0.425073 0.568317 0.661266 0.824266
0 0.504349 0.424072 0.574605 0.65337 0.830164
0 0.500522 0.437915 0.567393 0.65356 0.828578
0 0.504746 0.439888 0.582151 0.654055 0.838873
0 0.510111 0.444707 0.569423 0.641768 0.83311
0 0.505745 0.414103 0.583077 0.683737 0.807273
0 0.515335 0.421963 0.572498 0.648365 0.815133
0 0.513693 0.420921 0.578661 0.664296 0.816908
0 0.514031 0.431414 0.57608 0.655338 0.845445
0 0.501776 0.433262 0.589595 0.66647 0.829245
0 0.5176 0.420923 0.572071 0.665438 0.843579
0 0.511716 0.436793 0.580135 0.652781 0.843645
0 0.51286 0.425655 0.576792 0.669748 0.836147
0 0.504902 0.429706 0.577277 0.644904 0.838882
0 0.511392 0.42797 0.578722 0.666553 0.859325
0 0.512591 0.433221 0.584034 0.660837 0.861208
0 0.503594 0.434474 0.585314 0.668885 0.860453
0 0.504787 0.429301 0.59195 0.665502 0.849943
0 0.505689 0.427907 0.593507 0.67127 0.867297
0 0.505168 0.429391 0.589072 0.675778 0.860648
0 0.503247 0.426525 0.588844 0.668786 0.863405
0 0.506658 0.43145 0.592946 0.671987 0.871179
0 0.507749 0.428291 0.58653 0.66896 0.867752
0 0.503235 0.426524 0.588793 0.668746 0.863583
