0 0.252529 0.445013 0.203942 0.236504 0.782343
0 0.452048 0.436431 0.310715 0.445274 0.612676
0 0.456959 0.457167 0.282084 0.328938 0.619487
0 0.45887 0.429666 0.341352 0.384104 0.778419
0 0.238695 0.31403 0.477353 0.548806 0.749975
0 0.454893 0.454537 0.26969 0.319286 0.675045
0 0.713511 0.282171 0.394978 0.456501 0.64275
0 0.468502 0.4316 0.320013 0.398249 0.788443
0 0.692422 0.284752 0.365393 0.444483 0.755611
0 0.247504 0.308599 0.438918 0.544271 0.651459
0 0.254698 0.371427 0.265829 0.314585 0.633189
0 0.459878 0.452994 0.270167 0.319836 0.826669
0 0.45293 0.43385 0.30054 0.374268 0.708301
0 0.453205 0.451533 0.282433 0.32858 0.80437
0 0.699025 0.281479 0.349219 0.41524 0.619966
0 0.46669 0.433529 0.311412 0.367421 0.652362
0 0.458759 0.449854 0.278426 0.327203 0.646075
0 0.465128 0.452021 0.295324 0.33648 0.633941
0 0.460751 0.448839 0.284079 0.334892 0.851356
0 0.687583 0.27176 0.391904 0.49184 0.613019
0 0.218047 0.328578 0.416641 0.492582 0.610429
0 0.465544 0.441009 0.301303 0.345935 0.738794
0 0.704621 0.28907 0.335128 0.409774 0.726611
0 0.462061 0.443791 0.293879 0.354807 0.673449
0 0.459979 0.447629 0.291029 0.338437 0.719785
0 0.705761 0.289443 0.365784 0.434621 0.707273
0 0.461159 0.442926 0.320854 0.362632 0.74038
0 0.689496 0.288073 0.371146 0.427863 0.672894
0 0.463695 0.44975 0.288164 0.337336 0.73189
0 0.693531 0.278758 0.351029 0.424321 0.641666
0 0.462023 0.448134 0.278013 0.330527 0.788245
0 0.68927 0.29139 0.324916 0.387195 0.687421
0 0.239442 0.369118 0.300917 0.345838 0.60221
0 0.456266 0.456309 0.289336 0.344903 0.784996
0 0.459108 0.450225 0.284487 0.323139 0.750064
0 0.69234 0.290335 0.357779 0.404408 0.715449
0 0.460415 0.447944 0.289814 0.337292 0.82667
0 0.702375 0.288421 0.33443 0.39983 0.683201
0 0.459423 0.447951 0.291262 0.343865 0.842455
0 0.70273 0.287181 0.366356 0.430338 0.762481
0 0.243034 0.336158 0.381267 0.453416 0.6973
0 0.457762 0.445381 0.293779 0.356154 0.809182
0 0.705014 0.288106 0.338764 0.403068 0.783985
0 0.230475 0.363563 0.300119 0.360015 0.66776
0 0.465551 0.440536 0.302513 0.359161 0.727185
0 0.222266 0.33133 0.366114 0.455292 0.614106
0 0.463107 0.440149 0.305068 0.350695 0.735012
0 0.2176 0.325654 0.381632 0.44161 0.613414
0 0.465837 0.444992 0.300671 0.347093 0.826584
0 0.246687 0.364929 0.309548 0.357936 0.624761
0 0.461591 0.443178 0.29655 0.345255 0.838153
0 0.70015 0.270909 0.374471 0.438894 0.705317
0 0.238812 0.32623 0.382493 0.437249 0.687799
0 0.465075 0.443242 0.2975 0.342659 0.741513
0 0.230993 0.348208 0.348134 0.416406 0.623898
0 0.464999 0.447795 0.295844 0.345801 0.824489
0 0.701875 0.285207 0.349393 0.422963 0.738533
0 0.225967 0.335812 0.36326 0.427605 0.7076
0 0.232473 0.368491 0.306412 0.354635 0.619254
0 0.458985 0.446344 0.281934 0.328759 0.614844
0 0.464722 0.44545 0.300371 0.356934 0.692037
0 0.237191 0.366073 0.313526 0.367102 0.659614
0 0.462604 0.439428 0.304684 0.357792 0.713295
0 0.231072 0.327328 0.370044 0.439147 0.65208
0 0.460691 0.452492 0.276419 0.318189 0.844232
0 0.235674 0.341858 0.339322 0.388323 0.680143
0 0.466078 0.44403 0.288867 0.336514 0.79822
0 0.246257 0.365293 0.296295 0.347541 0.746923
0 0.712916 0.291025 0.343161 0.420079 0.634351
0 0.4691 0.443906 0.294656 0.342195 0.82952
0 0.234569 0.339024 0.342216 0.401736 0.655043
0 0.461653 0.445963 0.29511 0.346417 0.796068
0 0.225003 0.334803 0.362416 0.425761 0.704553
0 0.453614 0.434118 0.297332 0.350126 0.788767
0 0.214361 0.327098 0.369882 0.431877 0.604211
0 0.463751 0.440181 0.30006 0.354505 0.805968
0 0.705456 0.292552 0.358653 0.417834 0.763649
0 0.229743 0.360882 0.315499 0.36659 0.751624
0 0.469534 0.440104 0.314564 0.356585 0.649382
0 0.467138 0.446932 0.305941 0.354718 0.809065
0 0.251165 0.350373 0.320661 0.388585 0.782935
0 0.697703 0.27486 0.367223 0.455101 0.697734
0 0.469369 0.434633 0.304001 0.347497 0.776146
0 0.239241 0.354617 0.317524 0.368688 0.719353
0 0.70086 0.289925 0.349654 0.40696 0.715489
0 0.465968 0.440063 0.300699 0.35108 0.782127
0 0.457582 0.439878 0.298761 0.350714 0.7565
0 0.237499 0.349935 0.326419 0.38767 0.710604
0 0.704078 0.28828 0.349647 0.416543 0.666563
0 0.473187 0.442404 0.294104 0.336599 0.76214
0 0.235329 0.347977 0.339445 0.387214 0.63688
0 0.465772 0.441868 0.290211 0.338979 0.84398
0 0.230488 0.342836 0.345506 0.404026 0.704991
0 0.463874 0.438316 0.290679 0.338846 0.837292
0 0.235257 0.342031 0.344604 0.395196 0.724074
0 0.464115 0.439557 0.291279 0.345763 0.861781
0 0.226715 0.33784 0.357804 0.42235 0.738882
0 0.700551 0.291746 0.348801 0.413615 0.713961
0 0.459647 0.439461 0.300535 0.352886 0.835699
0 0.230857 0.328581 0.369771 0.432508 0.653611
0 0.470365 0.440352 0.303013 0.346482 0.827281
0 0.237128 0.345244 0.327645 0.386065 0.751034
0 0.229073 0.353551 0.325161 0.376402 0.762959
0 0.476877 0.443621 0.290288 0.34637 0.757124
0 0.702802 0.294493 0.341674 0.395698 0.740699
0 0.466232 0.441044 0.296543 0.348605 0.783544
0 0.251577 0.342734 0.329024 0.397464 0.703226
0 0.464386 0.442978 0.306664 0.354441 0.813203
0 0.231123 0.356016 0.319568 0.369966 0.776772
0 0.698422 0.291706 0.355814 0.411325 0.74071
0 0.467488 0.440833 0.287012 0.344041 0.78896
0 0.229437 0.353205 0.3348 0.384305 0.778966
0 0.70465 0.288063 0.362164 0.424068 0.768816
0 0.45485 0.442745 0.286943 0.336705 0.846405
0 0.224779 0.349471 0.336184 0.385482 0.706435
0 0.696097 0.282854 0.378348 0.436104 0.646667
0 0.229318 0.354427 0.320753 0.368853 0.764769
0 0.462993 0.43601 0.29802 0.350194 0.731353
0 0.463966 0.43957 0.307036 0.355705 0.862411
0 0.227207 0.345257 0.331933 0.383997 0.738557
0 0.700794 0.28146 0.36709 0.408026 0.709906
0 0.464096 0.447062 0.297591 0.345601 0.868428
0 0.225563 0.354404 0.318694 0.371121 0.652016
0 0.461398 0.44281 0.298956 0.350988 0.859829
0 0.23648 0.352227 0.319399 0.372706 0.73646
0 0.703596 0.288879 0.355513 0.406686 0.629288
0 0.46006 0.44238 0.298234 0.352482 0.806618
0 0.241594 0.325218 0.34811 0.426257 0.681552
0 0.230286 0.348285 0.337806 0.384271 0.779938
0 0.468968 0.436717 0.309359 0.353535 0.754019
0 0.699644 0.283261 0.366425 0.424163 0.617931
0 0.470775 0.44713 0.295618 0.343955 0.855231
0 0.243229 0.348238 0.327287 0.379703 0.805267
0 0.706952 0.281731 0.374086 0.426947 0.730278
0 0.46348 0.444334 0.295242 0.346069 0.839649
0 0.241027 0.349429 0.312674 0.374323 0.767536
0 0.705992 0.276962 0.359905 0.424537 0.664767
0 0.466303 0.438827 0.307092 0.358418 0.820518
0 0.244376 0.345694 0.328449 0.381914 0.770305
0 0.708682 0.286403 0.361315 0.417568 0.753637
0 0.455885 0.44567 0.300829 0.357571 0.837486
0 0.240984 0.348546 0.324812 0.381522 0.737289
0 0.706936 0.286369 0.355575 0.420282 0.621019
0 0.460833 0.44331 0.292662 0.347957 0.844922
0 0.228941 0.351098 0.319296 0.372462 0.759936
0 0.708723 0.284944 0.347021 0.411855 0.663185
0 0.464436 0.440791 0.300974 0.353736 0.844835
0 0.234478 0.343391 0.336052 0.390164 0.739514
0 0.713699 0.284923 0.34675 0.420144 0.676944
0 0.46538 0.440049 0.305634 0.355567 0.864654
0 0.230494 0.348218 0.338176 0.384849 0.744476
0 0.707801 0.289874 0.356861 0.412351 0.716227
0 0.463078 0.443921 0.306554 0.358373 0.85966
0 0.222151 0.346703 0.334371 0.396788 0.74463
0 0.461908 0.442637 0.308351 0.362376 0.853792
0 0.230315 0.338131 0.362911 0.421399 0.709128
0 0.463191 0.440986 0.297208 0.348438 0.864933
0 0.23568 0.339843 0.3372 0.393519 0.747303
0 0.705776 0.285601 0.359491 0.404166 0.657597
0 0.46461 0.440559 0.300471 0.350003 0.902624
0 0.233945 0.342569 0.332462 0.381566 0.751806
0 0.703776 0.2881 0.344409 0.4031 0.701496
0 0.462954 0.437212 0.299487 0.354277 0.873154
0 0.229288 0.342793 0.335737 0.400075 0.785204
0 0.702496 0.288425 0.348467 0.412298 0.762212
0 0.462951 0.434326 0.306726 0.358558 0.849537
0 0.228802 0.342676 0.339697 0.388105 0.780944
0 0.702178 0.289222 0.348756 0.414354 0.708749
0 0.46353 0.439055 0.299788 0.351096 0.872533
0 0.227658 0.344842 0.331741 0.382627 0.759712
0 0.706143 0.281219 0.359518 0.429909 0.657578
0 0.463436 0.441933 0.291659 0.343229 0.864132
0 0.227903 0.351178 0.332076 0.375937 0.782818
0 0.709403 0.287764 0.33727 0.410151 0.689238
0 0.462663 0.441504 0.297776 0.343891 0.845597
0 0.707339 0.290939 0.350409 0.409542 0.788294
0 0.2307 0.352274 0.321179 0.3731 0.780461
0 0.460835 0.441949 0.299236 0.352942 0.873471
0 0.228695 0.350987 0.320946 0.378352 0.779482
0 0.704955 0.283981 0.352613 0.424744 0.739496
0 0.465174 0.436686 0.30107 0.353548 0.876634
0 0.232216 0.343827 0.331238 0.392856 0.782139
0 0.711794 0.285575 0.362509 0.420597 0.758214
0 0.463326 0.439174 0.298999 0.351096 0.874447
0 0.234028 0.353452 0.310632 0.362183 0.755769
0 0.710262 0.282814 0.370142 0.422739 0.719394
0 0.46383 0.437925 0.304324 0.353637 0.873726
0 0.226455 0.347284 0.326848 0.380105 0.765562
0 0.706354 0.283916 0.368268 0.424611 0.7213
0 0.463707 0.439443 0.296053 0.346461 0.887024
0 0.22998 0.351175 0.321712 0.37444 0.756616
0 0.708646 0.28626 0.364792 0.420359 0.700024
0 0.466577 0.439145 0.299625 0.347082 0.88388
0 0.708116 0.283426 0.355095 0.422755 0.744661
0 0.23041 0.352574 0.318258 0.369645 0.734686
0 0.459574 0.4389 0.300244 0.353112 0.88231
0 0.706957 0.287378 0.359353 0.424646 0.767064
0 0.226515 0.351232 0.31944 0.373615 0.762113
0 0.460863 0.441145 0.297149 0.351666 0.872068
0 0.70854 0.287224 0.363011 0.429164 0.776158
0 0.223178 0.352011 0.32432 0.373502 0.744247
0 0.462285 0.438377 0.298742 0.346353 0.893924
0 0.233054 0.347178 0.324698 0.378493 0.76526
0 0.709998 0.277675 0.372906 0.433866 0.75982
0 0.459354 0.442096 0.295378 0.347919 0.884213
0 0.702388 0.280444 0.363065 0.425102 0.776436
0 0.227467 0.351231 0.323391 0.380035 0.743532
0 0.461989 0.440542 0.298288 0.348097 0.881077
0 0.229839 0.349374 0.320196 0.380362 0.726584
0 0.707884 0.284753 0.365825 0.418832 0.697146
0 0.45843 0.442071 0.295906 0.347904 0.886122
0 0.232603 0.352305 0.315967 0.372847 0.761631
0 0.704498 0.284403 0.358992 0.415566 0.725844
0 0.462232 0.440299 0.29972 0.350831 0.877016
0 0.709679 0.284231 0.366705 0.420646 0.750345
0 0.230979 0.352623 0.321488 0.375319 0.740505
0 0.460306 0.442526 0.295375 0.347654 0.88892
0 0.708725 0.283094 0.361062 0.421116 0.778353
0 0.226694 0.353501 0.318627 0.373021 0.72936
0 0.461796 0.440158 0.302479 0.353748 0.885198
0 0.707199 0.283583 0.364562 0.420481 0.770657
0 0.230291 0.352337 0.320301 0.377826 0.757428
0 0.461944 0.441012 0.298671 0.348804 0.888578
0 0.706289 0.284248 0.363007 0.417216 0.782179
0 0.22607 0.353152 0.320657 0.374948 0.72465
0 0.462151 0.44064 0.298695 0.349812 0.883305
0 0.710387 0.283755 0.366333 0.4197 0.750425
0 0.228533 0.353037 0.318528 0.373011 0.727586
0 0.462612 0.440299 0.298523 0.349937 0.889495
0 0.707668 0.2829 0.365669 0.420497 0.757177
0 0.226905 0.352499 0.320127 0.37459 0.737475
0 0.461926 0.441017 0.298673 0.348795 0.888511
0 0.706294 0.284249 0.363035 0.417209 0.782283
0 0.226067 0.353153 0.320651 0.374947 0.724961
