0 0.357819 0.163854 0.204957 0.221449 0.62077
0 0.34032 0.170412 0.200112 0.21858 0.95666
0 0.357617 0.163689 0.175663 0.181673 0.844271
0 0.37265 0.164943 0.139931 0.151513 0.688106
0 0.358326 0.161251 0.172383 0.196908 0.614339
0 0.364755 0.154133 0.152177 0.182648 0.735015
0 0.359093 0.164905 0.16062 0.183618 0.784801
0 0.360155 0.160057 0.166359 0.192707 0.651887
0 0.361757 0.162608 0.176334 0.201072 0.78047
0 0.358778 0.163158 0.16383 0.188246 0.627522
0 0.353891 0.162346 0.16432 0.182195 0.78356
0 0.355148 0.161571 0.162608 0.177346 0.839658
0 0.352572 0.162558 0.145856 0.163857 0.760498
0 0.35583 0.158982 0.17706 0.194864 0.738955
0 0.363066 0.160179 0.150514 0.174502 0.742363
0 0.359839 0.161896 0.166152 0.190801 0.791251
0 0.360554 0.163506 0.156199 0.185327 0.765765
0 0.357376 0.163062 0.159536 0.184724 0.701144
0 0.356496 0.160564 0.159775 0.185539 0.86207
0 0.355906 0.159874 0.156199 0.181921 0.746986
0 0.351828 0.162051 0.16697 0.190749 0.721098
0 0.35476 0.163023 0.165456 0.192436 0.664699
0 0.358981 0.16158 0.161953 0.185844 0.744577
0 0.355314 0.1608 0.166747 0.190895 0.780366
0 0.354251 0.163402 0.161722 0.185142 0.781767
0 0.35487 0.160025 0.164377 0.184581 0.847299
0 0.351635 0.162293 0.163045 0.185237 0.809609
0 0.359158 0.162172 0.159214 0.178604 0.796129
0 0.356581 0.16272 0.165328 0.185364 0.719803
0 0.352183 0.163786 0.159576 0.18052 0.695593
0 0.353672 0.159964 0.167886 0.188664 0.753834
0 0.355074 0.161307 0.166094 0.186503 0.810652
0 0.351098 0.161247 0.172175 0.200944 0.735228
0 0.357812 0.164028 0.163049 0.19075 0.781642
0 0.359626 0.161752 0.16114 0.188768 0.797399
0 0.365539 0.160106 0.159185 0.187847 0.725639
0 0.357736 0.158684 0.159016 0.181557 0.651749
0 0.358064 0.161116 0.156232 0.180272 0.738299
0 0.35947 0.160401 0.167282 0.191655 0.82605
0 0.353989 0.160835 0.167421 0.188595 0.720878
0 0.357714 0.161392 0.161897 0.18782 0.726648
0 0.360828 0.15769 0.164208 0.191357 0.814947
0 0.354124 0.160446 0.16216 0.184049 0.774533
0 0.357628 0.164051 0.164014 0.187523 0.803925
0 0.358058 0.163382 0.155543 0.181272 0.786481
0 0.356475 0.160712 0.158035 0.180047 0.763312
0 0.362028 0.161627 0.158146 0.180067 0.782617
0 0.360229 0.161906 0.158035 0.182635 0.734638
0 0.357566 0.163885 0.158664 0.180831 0.748162
0 0.361172 0.161723 0.160518 0.187783 0.755341
0 0.359909 0.162097 0.165295 0.191779 0.753352
0 0.356211 0.162553 0.162038 0.186314 0.812743
0 0.360177 0.15993 0.159523 0.183386 0.819239
0 0.35983 0.15898 0.165954 0.188561 0.76069
0 0.360319 0.162854 0.151033 0.170917 0.80184
0 0.360952 0.161334 0.153863 0.176776 0.772104
0 0.36276 0.157912 0.163878 0.187927 0.707952
0 0.361532 0.159105 0.156952 0.183175 0.766345
0 0.358579 0.159386 0.161578 0.189434 0.817263
0 0.360331 0.15757 0.161036 0.18499 0.738967
0 0.359351 0.159507 0.161822 0.188866 0.787249
0 0.361532 0.160505 0.155674 0.180433 0.789438
0 0.363098 0.161642 0.157834 0.181376 0.754694
0 0.357812 0.159892 0.157476 0.181448 0.662814
0 0.359768 0.161159 0.156869 0.179213 0.769921
0 0.356486 0.16054 0.160668 0.190667 0.752775
0 0.359682 0.162405 0.158211 0.180231 0.81884
0 0.360085 0.15997 0.158249 0.179538 0.792462
0 0.359992 0.162595 0.158098 0.183174 0.786168
0 0.361168 0.158993 0.16178 0.185252 0.807549
0 0.360521 0.161815 0.162247 0.184164 0.766097
0 0.359582 0.159942 0.162478 0.18969 0.830366
0 0.359376 0.161041 0.159255 0.183497 0.782847
0 0.361921 0.162116 0.155648 0.179073 0.7996
0 0.356771 0.160934 0.159192 0.18389 0.800452
0 0.359601 0.160099 0.162512 0.183702 0.816053
0 0.359849 0.15877 0.160566 0.187033 0.82014
0 0.361563 0.158605 0.156873 0.176642 0.823383
0 0.362865 0.157891 0.156212 0.178357 0.763905
0 0.360329 0.16038 0.159577 0.184531 0.829796
0 0.358317 0.157997 0.162218 0.187069 0.767497
0 0.361109 0.161769 0.157263 0.18285 0.806781
0 0.358996 0.158112 0.162255 0.187174 0.831774
0 0.358794 0.159976 0.159001 0.187209 0.824993
0 0.360815 0.159978 0.159127 0.185073 0.805093
0 0.360435 0.158236 0.156327 0.181054 0.82988
0 0.358858 0.160934 0.156888 0.182874 0.830047
0 0.360595 0.159634 0.158477 0.18457 0.820739
0 0.36071 0.157943 0.158108 0.184154 0.805123
0 0.359035 0.158935 0.160312 0.188131 0.85005
0 0.361342 0.160927 0.155863 0.183648 0.825059
0 0.361221 0.159297 0.156963 0.18163 0.82739
0 0.359439 0.159207 0.158497 0.186508 0.844947
0 0.360446 0.159303 0.157398 0.184877 0.806042
0 0.359811 0.159787 0.157107 0.184194 0.840586
0 0.35952 0.160272 0.156136 0.184056 0.842537
0 0.360222 0.160185 0.156298 0.184012 0.852008
0 0.359496 0.159694 0.156301 0.184386 0.842578
0 0.360342 0.159846 0.156051 0.184644 0.843509
0 0.360225 0.160164 0.156285 0.184027 0.851704
