0 0.538832 0.220389 0.254057 0.308227 0.682815
0 0.521313 0.212176 0.200141 0.232718 0.943027
0 0.491166 0.203689 0.201419 0.248956 0.804774
0 0.505173 0.21207 0.205767 0.239268 0.668135
0 0.511845 0.208303 0.211059 0.239998 0.759141
0 0.516667 0.206417 0.210445 0.239323 0.871692
0 0.524137 0.207455 0.187993 0.219621 0.718296
0 0.52057 0.208117 0.207383 0.231895 0.66545
0 0.516449 0.210419 0.187734 0.216914 0.704497
0 0.521012 0.205506 0.209273 0.242254 0.784373
0 0.52331 0.209354 0.206291 0.233191 0.794079
0 0.521624 0.204822 0.194224 0.223784 0.805537
0 0.521629 0.206373 0.210749 0.240624 0.869819
0 0.519865 0.202514 0.215205 0.253809 0.760754
0 0.51837 0.211203 0.205247 0.241406 0.719361
0 0.519253 0.204721 0.203703 0.236246 0.765662
0 0.520325 0.210311 0.188134 0.21456 0.829371
0 0.521395 0.210764 0.210535 0.246698 0.853881
0 0.518135 0.204722 0.200833 0.232568 0.854521
0 0.522661 0.21056 0.191919 0.22909 0.868605
0 0.525605 0.208537 0.208627 0.239034 0.837717
0 0.517913 0.215803 0.19191 0.228117 0.825203
0 0.520111 0.213197 0.197754 0.230783 0.734316
0 0.512602 0.215281 0.195136 0.229769 0.807456
0 0.520996 0.205718 0.213526 0.249565 0.81303
0 0.523931 0.203548 0.210834 0.24412 0.8698
0 0.518852 0.212183 0.205505 0.239538 0.824418
0 0.517115 0.214024 0.197205 0.232054 0.896758
0 0.517083 0.213495 0.209105 0.239256 0.82943
0 0.519064 0.212835 0.194111 0.225892 0.828274
0 0.522169 0.209216 0.194408 0.225724 0.807238
0 0.52054 0.213766 0.196543 0.228295 0.883941
0 0.528329 0.209612 0.19905 0.234744 0.894968
0 0.522859 0.211461 0.206006 0.23477 0.769881
0 0.521465 0.215198 0.208529 0.236494 0.820771
0 0.518276 0.214698 0.198369 0.227394 0.913705
0 0.515241 0.21201 0.203242 0.234386 0.836433
0 0.515908 0.216914 0.195143 0.226847 0.904263
0 0.522367 0.218828 0.19096 0.22633 0.871868
0 0.519346 0.213297 0.196126 0.22534 0.857347
0 0.520067 0.215865 0.198966 0.228344 0.889029
0 0.516615 0.220281 0.19488 0.228931 0.880668
0 0.520104 0.222471 0.198073 0.226487 0.867318
0 0.520013 0.215736 0.194376 0.223746 0.858309
0 0.518406 0.215294 0.19646 0.226781 0.844171
0 0.518376 0.216189 0.193965 0.227162 0.900905
0 0.518549 0.214833 0.197131 0.229768 0.898938
0 0.522454 0.213544 0.196753 0.228935 0.903403
0 0.517912 0.221831 0.193336 0.229695 0.880535
0 0.516085 0.216081 0.19389 0.224706 0.858307
0 0.51639 0.217713 0.196965 0.228948 0.86694
0 0.518069 0.218127 0.191952 0.223215 0.839811
0 0.519215 0.21663 0.190332 0.224715 0.884477
0 0.519621 0.213322 0.18938 0.218602 0.832214
0 0.519375 0.213107 0.194004 0.227135 0.880264
0 0.514278 0.220543 0.191892 0.227133 0.870509
0 0.518018 0.219271 0.195275 0.224688 0.880458
0 0.521056 0.216156 0.196222 0.227433 0.848361
0 0.518099 0.217507 0.194983 0.225282 0.89497
0 0.51359 0.21697 0.199055 0.233539 0.887872
0 0.516325 0.219743 0.191088 0.223895 0.898563
0 0.518833 0.220256 0.188216 0.215823 0.89539
0 0.516432 0.22187 0.189254 0.218769 0.858169
0 0.516127 0.218041 0.192886 0.224866 0.914421
0 0.516384 0.220752 0.193241 0.224141 0.893471
0 0.516138 0.217755 0.195924 0.228679 0.89626
0 0.515782 0.220832 0.19392 0.225693 0.888939
0 0.514567 0.220675 0.195454 0.227985 0.889668
0 0.51714 0.219233 0.194961 0.226101 0.876846
0 0.517156 0.218318 0.195387 0.226213 0.906194
0 0.518911 0.216902 0.196074 0.226629 0.882477
0 0.517774 0.218126 0.194604 0.224749 0.889469
0 0.5196 0.218392 0.194116 0.225446 0.87626
0 0.519415 0.217176 0.197677 0.228821 0.902324
0 0.516659 0.217754 0.193379 0.224024 0.862722
0 0.516885 0.218218 0.195871 0.227208 0.892267
0 0.517627 0.217536 0.196809 0.228629 0.881434
0 0.517631 0.218746 0.197058 0.227228 0.893024
0 0.518106 0.219006 0.193235 0.223664 0.88516
0 0.517517 0.218 0.192816 0.221427 0.90999
0 0.51553 0.222031 0.196261 0.225606 0.888487
0 0.517877 0.220128 0.196211 0.226033 0.902383
0 0.517149 0.221701 0.194924 0.225822 0.883402
0 0.51611 0.219455 0.19685 0.227741 0.911155
0 0.517587 0.221416 0.195443 0.224062 0.905614
0 0.518162 0.219337 0.196783 0.227026 0.912299
0 0.517847 0.219244 0.196921 0.22787 0.913933
0 0.518159 0.219082 0.195342 0.224694 0.89944
0 0.51833 0.219933 0.196066 0.224681 0.909041
0 0.51642 0.219446 0.19549 0.226157 0.902175
0 0.516864 0.21995 0.196689 0.226475 0.912638
0 0.516511 0.219765 0.195712 0.226331 0.905872
0 0.517389 0.21966 0.196864 0.227558 0.909676
0 0.516861 0.219954 0.196678 0.22646 0.912468
