0 0.558933 0.466641 0.509854 0.628353 0.660226
0 0.566296 0.476825 0.510926 0.628079 0.738334
0 0.591085 0.46105 0.4926 0.600431 0.66777
0 0.594317 0.472598 0.576933 0.665446 0.699039
0 0.599471 0.462076 0.570372 0.651161 0.726476
0 0.613479 0.493801 0.641795 0.696146 0.655369
0 0.5833 0.463171 0.5543 0.642125 0.850135
0 0.572003 0.49023 0.664082 0.727349 0.750587
0 0.582708 0.462604 0.577604 0.685102 0.67362
0 0.590184 0.444592 0.498807 0.632418 0.793792
0 0.597784 0.456739 0.554978 0.619617 0.767374
0 0.59418 0.462106 0.574425 0.642705 0.831154
0 0.583893 0.473135 0.528058 0.613079 0.605813
0 0.587873 0.46604 0.509715 0.595814 0.774483
0 0.598859 0.482287 0.565032 0.626088 0.611352
0 0.589919 0.492799 0.573347 0.666008 0.750682
0 0.582506 0.469653 0.542161 0.612924 0.688461
0 0.583796 0.473359 0.54612 0.6326 0.767905
0 0.599715 0.476204 0.57618 0.65787 0.730133
0 0.61524 0.479875 0.583373 0.639075 0.737532
0 0.578838 0.456295 0.52283 0.567111 0.782398
0 0.580691 0.471125 0.526075 0.612661 0.83819
0 0.601898 0.475311 0.546788 0.625204 0.730472
0 0.584367 0.465555 0.535183 0.62272 0.830249
0 0.588247 0.468303 0.581753 0.657217 0.772246
0 0.598134 0.464862 0.529281 0.609473 0.826832
0 0.58303 0.465686 0.591285 0.639785 0.696148
0 0.580077 0.471247 0.548165 0.637178 0.852542
0 0.599171 0.467928 0.527887 0.611021 0.798242
0 0.580639 0.483003 0.515477 0.616877 0.649425
0 0.583026 0.482962 0.564733 0.627924 0.770622
0 0.601118 0.477247 0.554765 0.646506 0.733447
0 0.58755 0.474496 0.568975 0.655452 0.786788
0 0.594107 0.481442 0.582332 0.661167 0.739793
0 0.594503 0.472641 0.568823 0.652577 0.771841
0 0.591947 0.490523 0.598977 0.692205 0.732906
0 0.588449 0.481668 0.563656 0.652129 0.797393
0 0.582168 0.480793 0.601725 0.677817 0.832017
0 0.592233 0.464134 0.582451 0.65854 0.819988
0 0.590614 0.471685 0.588575 0.673524 0.794961
0 0.591865 0.465409 0.589569 0.675785 0.823715
0 0.591973 0.475312 0.601991 0.661772 0.781296
0 0.604783 0.471093 0.580201 0.666048 0.803253
0 0.603448 0.473757 0.64505 0.681779 0.736009
0 0.598561 0.469148 0.592562 0.653337 0.724814
0 0.589675 0.470159 0.602352 0.664725 0.796395
0 0.591689 0.461555 0.577712 0.667676 0.780743
0 0.584319 0.468817 0.610823 0.685582 0.804715
0 0.601048 0.459266 0.580588 0.655208 0.849596
0 0.570436 0.457787 0.581221 0.669074 0.780217
0 0.60707 0.466324 0.592745 0.661215 0.784756
0 0.593982 0.462997 0.569978 0.64758 0.763045
0 0.591779 0.459718 0.585887 0.68295 0.792217
0 0.59972 0.46594 0.571078 0.653542 0.771474
0 0.602655 0.466665 0.623449 0.702227 0.781923
0 0.585484 0.471704 0.621606 0.666842 0.773013
0 0.603347 0.474477 0.590559 0.673964 0.77577
0 0.594533 0.461804 0.620503 0.709975 0.758543
0 0.597123 0.469616 0.590052 0.668633 0.772751
0 0.595025 0.474782 0.60481 0.691376 0.787896
0 0.588115 0.474674 0.614955 0.682569 0.79415
0 0.587687 0.480944 0.613399 0.675603 0.78735
0 0.588076 0.484571 0.622174 0.670033 0.802598
0 0.591509 0.487942 0.596674 0.663874 0.81605
0 0.590024 0.464355 0.605159 0.690885 0.803093
0 0.599395 0.462484 0.585661 0.658847 0.781665
0 0.595746 0.470512 0.622615 0.687301 0.763575
0 0.59665 0.472288 0.607493 0.68571 0.804175
0 0.585761 0.46421 0.59351 0.653451 0.798507
0 0.594131 0.465526 0.592798 0.675289 0.812446
0 0.591256 0.476472 0.605117 0.675031 0.813141
0 0.590326 0.475737 0.601307 0.675918 0.792183
0 0.585155 0.479668 0.603303 0.657365 0.815647
0 0.591579 0.47302 0.609929 0.67729 0.821485
0 0.594076 0.478206 0.606709 0.670512 0.829367
0 0.587855 0.480664 0.613323 0.676194 0.834667
0 0.596962 0.469075 0.629676 0.682942 0.816178
0 0.589025 0.472026 0.616084 0.685274 0.83746
0 0.59179 0.473922 0.610473 0.683771 0.82247
0 0.587392 0.470718 0.607517 0.681579 0.836427
0 0.592088 0.476755 0.611457 0.681466 0.840033
0 0.591833 0.471856 0.606238 0.679807 0.833626
0 0.587363 0.470715 0.607456 0.681551 0.836654
