0 0.210544 0.282081 0.112689 0.139219 0.742424
0 0.214828 0.281632 0.0996415 0.117255 0.845434
0 0.706812 0.344981 0.229874 0.271307 0.644444
0 0.690972 0.355744 0.242883 0.274379 0.889452
0 0.212573 0.282781 0.101808 0.131776 0.814344
0 0.209119 0.280534 0.113218 0.142457 0.888706
0 0.708605 0.354059 0.237101 0.281399 0.760213
0 0.211961 0.287675 0.114412 0.133555 0.949273
0 0.699992 0.364773 0.233375 0.280973 0.874736
0 0.214289 0.282526 0.103923 0.127635 0.882998
0 0.702257 0.355948 0.241264 0.277856 0.772626
0 0.214792 0.281747 0.108343 0.134385 0.917418
0 0.696514 0.355993 0.235989 0.287441 0.795095
0 0.698833 0.345916 0.283605 0.353605 0.63598
0 0.21162 0.282572 0.109135 0.13456 0.668983
0 0.699509 0.350674 0.229716 0.264047 0.662659
0 0.210838 0.285162 0.106071 0.127085 0.87951
0 0.694497 0.35465 0.227642 0.274416 0.758472
0 0.69923 0.356175 0.228564 0.271096 0.864959
0 0.209675 0.285153 0.116144 0.131374 0.859245
0 0.205868 0.286476 0.10527 0.125984 0.818971
0 0.699023 0.355029 0.222658 0.263734 0.786904
0 0.210825 0.28378 0.116626 0.137101 0.812711
0 0.69262 0.350398 0.2405 0.278124 0.78262
0 0.213482 0.284957 0.123333 0.140362 0.855167
0 0.695421 0.354754 0.237934 0.276601 0.776725
0 0.208148 0.284747 0.105163 0.1266 0.84819
0 0.701296 0.351087 0.239761 0.275971 0.778756
0 0.701134 0.355369 0.233239 0.267432 0.85225
0 0.212953 0.284859 0.114628 0.135552 0.813303
0 0.696602 0.354671 0.22403 0.26791 0.815645
0 0.214002 0.283094 0.112081 0.133376 0.785063
0 0.215131 0.282549 0.115243 0.133584 0.924735
0 0.704257 0.347177 0.239569 0.285389 0.852372
0 0.211716 0.283136 0.11699 0.132916 0.826194
0 0.696857 0.354242 0.238393 0.282247 0.762706
0 0.212404 0.283351 0.119088 0.13675 0.719247
0 0.694533 0.352483 0.249845 0.288094 0.708431
0 0.699962 0.351307 0.23993 0.276862 0.882948
0 0.213249 0.287715 0.117297 0.133029 0.782628
0 0.213833 0.285171 0.121709 0.133143 0.934161
0 0.699404 0.352535 0.229013 0.267606 0.885279
0 0.698567 0.35969 0.226693 0.271923 0.851097
0 0.214558 0.284887 0.117117 0.132219 0.850069
0 0.692934 0.348486 0.246349 0.273235 0.906855
0 0.213244 0.284996 0.115329 0.131608 0.8663
0 0.698416 0.350798 0.233652 0.274014 0.90058
0 0.214802 0.281949 0.118801 0.138049 0.854791
0 0.696013 0.353015 0.245288 0.27895 0.8917
0 0.211451 0.283107 0.108083 0.12831 0.841388
0 0.694983 0.352886 0.236079 0.276707 0.893637
0 0.21239 0.28398 0.120751 0.139458 0.872129
0 0.213418 0.286651 0.115012 0.127301 0.853622
0 0.695935 0.353374 0.232574 0.271715 0.832493
0 0.699304 0.354242 0.2338 0.271593 0.882923
0 0.210738 0.284728 0.112975 0.130199 0.841612
0 0.701467 0.347773 0.243374 0.284712 0.857861
0 0.213572 0.282426 0.117452 0.134495 0.772723
0 0.694183 0.346413 0.250287 0.293214 0.921389
0 0.214311 0.283889 0.119817 0.132695 0.874252
0 0.211228 0.28316 0.11462 0.134504 0.866266
0 0.701617 0.349925 0.249465 0.28973 0.843025
0 0.697348 0.350539 0.237449 0.279897 0.904333
0 0.213451 0.286382 0.120975 0.133385 0.872827
0 0.213271 0.288215 0.117486 0.131165 0.92462
0 0.696397 0.353122 0.24172 0.276664 0.853968
0 0.214179 0.284118 0.115195 0.13267 0.888343
0 0.70298 0.349091 0.234688 0.280229 0.819696
0 0.211375 0.285008 0.117398 0.132326 0.82853
0 0.701875 0.342755 0.244305 0.288185 0.796441
0 0.696496 0.348342 0.241358 0.281313 0.895066
0 0.212047 0.285696 0.1158 0.131769 0.875128
0 0.701911 0.346354 0.233617 0.276478 0.912779
0 0.213507 0.285465 0.118964 0.131713 0.903708
0 0.699142 0.345948 0.23793 0.281561 0.893916
0 0.212436 0.289142 0.11719 0.132939 0.814617
0 0.700856 0.352078 0.235603 0.279391 0.875691
0 0.212692 0.285771 0.113702 0.129578 0.857177
0 0.698841 0.347691 0.233863 0.275027 0.920883
0 0.213802 0.283322 0.116969 0.133379 0.88192
0 0.699111 0.351115 0.2374 0.282377 0.893592
0 0.213855 0.282385 0.118848 0.137177 0.856749
0 0.697899 0.352314 0.234151 0.278633 0.900949
0 0.212494 0.282779 0.116109 0.134506 0.859683
0 0.702126 0.353707 0.235274 0.274896 0.913579
0 0.213339 0.283841 0.115577 0.133346 0.887751
0 0.213713 0.284161 0.118941 0.134159 0.893623
0 0.699835 0.347997 0.239559 0.275213 0.863717
0 0.695774 0.351042 0.232772 0.269089 0.908739
0 0.212113 0.282787 0.116797 0.133134 0.896399
0 0.212075 0.287784 0.117065 0.131284 0.91011
0 0.697388 0.351394 0.235973 0.280854 0.895741
0 0.213056 0.285002 0.119547 0.13216 0.921831
0 0.70142 0.355067 0.239295 0.276631 0.894894
0 0.699641 0.355332 0.234785 0.270892 0.89482
0 0.210451 0.286471 0.113807 0.132697 0.815641
0 0.699732 0.348671 0.236741 0.282045 0.849609
0 0.213072 0.282892 0.120509 0.137452 0.825301
0 0.696641 0.351618 0.234752 0.276596 0.888108
0 0.211773 0.284069 0.118449 0.136719 0.861994
0 0.213025 0.283101 0.121217 0.139063 0.89847
0 0.69908 0.351845 0.241972 0.281428 0.891516
0 0.697311 0.352257 0.232953 0.270918 0.929117
0 0.21244 0.282587 0.118914 0.136202 0.874584
0 0.69913 0.354623 0.232806 0.273788 0.901136
0 0.213154 0.284529 0.118624 0.134473 0.882271
0 0.213194 0.283963 0.119545 0.134188 0.895164
0 0.698279 0.349573 0.241108 0.280023 0.878447
0 0.700088 0.349122 0.241775 0.284099 0.858207
0 0.213583 0.283508 0.120202 0.138471 0.828123
0 0.213834 0.284986 0.118462 0.132159 0.864656
0 0.698772 0.348479 0.229855 0.276195 0.852704
0 0.69723 0.353742 0.230979 0.269247 0.900095
0 0.213084 0.284426 0.117445 0.135236 0.829757
0 0.697517 0.347022 0.239952 0.280257 0.841756
0 0.212715 0.28256 0.120539 0.138925 0.789099
0 0.699079 0.347188 0.241552 0.284368 0.8655
0 0.213611 0.283435 0.119076 0.134109 0.852794
0 0.697131 0.353572 0.23669 0.276047 0.879446
0 0.21378 0.284601 0.117389 0.135339 0.867852
0 0.700433 0.353878 0.236186 0.275212 0.895564
0 0.213887 0.28307 0.11758 0.133919 0.830991
0 0.697878 0.346031 0.242143 0.284867 0.842385
0 0.212593 0.283453 0.116838 0.134036 0.803337
0 0.213815 0.282658 0.121237 0.139343 0.893107
0 0.695598 0.351223 0.244932 0.282343 0.88743
0 0.696624 0.352008 0.234537 0.274786 0.888468
0 0.213687 0.284011 0.117838 0.133771 0.850209
0 0.700039 0.352127 0.235565 0.276882 0.894663
0 0.214027 0.285028 0.115639 0.132992 0.846435
0 0.699801 0.350145 0.239433 0.281107 0.88925
0 0.213362 0.284691 0.119642 0.13491 0.849984
0 0.697253 0.351043 0.240167 0.282617 0.880096
0 0.2134 0.284402 0.116813 0.1325 0.861177
0 0.698852 0.351759 0.236159 0.277565 0.915781
0 0.211964 0.284334 0.118147 0.136378 0.890243
0 0.212374 0.284548 0.118686 0.134819 0.897925
0 0.697756 0.352622 0.238219 0.279949 0.896412
0 0.214111 0.282823 0.11902 0.138096 0.936624
0 0.699176 0.348932 0.239099 0.282774 0.907631
0 0.697622 0.351007 0.238787 0.2819 0.885007
0 0.213508 0.286194 0.116962 0.131446 0.823
0 0.697831 0.350988 0.237491 0.280425 0.869714
0 0.213994 0.285907 0.116538 0.131558 0.863212
0 0.213355 0.284702 0.11806 0.132947 0.889991
0 0.697176 0.352172 0.235402 0.270741 0.873344
0 0.698499 0.349725 0.236208 0.278257 0.917292
0 0.213671 0.284689 0.118816 0.132104 0.883564
0 0.700801 0.350828 0.233791 0.276245 0.905546
0 0.212335 0.284076 0.117041 0.132514 0.882434
0 0.697359 0.347164 0.240567 0.281831 0.890576
0 0.213612 0.282148 0.118861 0.135916 0.8904
0 0.699498 0.345348 0.241067 0.282853 0.892657
0 0.212425 0.282083 0.118792 0.136761 0.831527
0 0.21298 0.284808 0.120296 0.135751 0.900563
0 0.69943 0.349217 0.237814 0.279114 0.900214
0 0.698483 0.349735 0.233451 0.27145 0.876656
0 0.212604 0.283426 0.119509 0.136891 0.830338
0 0.211167 0.286885 0.115222 0.134615 0.895914
0 0.697793 0.349236 0.239689 0.281548 0.886318
0 0.698321 0.347332 0.237869 0.28259 0.889118
0 0.212474 0.283357 0.119365 0.136021 0.849555
0 0.698413 0.349064 0.236682 0.279917 0.887307
0 0.212509 0.284953 0.118133 0.132991 0.87265
0 0.697918 0.349273 0.23704 0.279175 0.884794
0 0.212658 0.285276 0.11825 0.132914 0.871186
0 0.2126 0.284578 0.118683 0.133753 0.903129
0 0.698083 0.349214 0.233661 0.275927 0.900814
0 0.69857 0.351107 0.233727 0.274662 0.894057
0 0.212424 0.285564 0.117504 0.132191 0.89261
0 0.698429 0.350389 0.240007 0.279473 0.913469
0 0.212263 0.284488 0.117465 0.132709 0.896968
0 0.698587 0.35026 0.23718 0.279236 0.907922
0 0.212208 0.283602 0.118479 0.135772 0.869827
0 0.699013 0.350524 0.236918 0.278684 0.923868
0 0.213159 0.28392 0.117712 0.133569 0.87086
0 0.698987 0.351503 0.235075 0.275739 0.915491
0 0.212432 0.284282 0.117232 0.133 0.865813
0 0.698477 0.350717 0.233573 0.274502 0.908134
0 0.212922 0.283711 0.119225 0.134944 0.881674
0 0.698293 0.350181 0.234412 0.275039 0.91208
0 0.212871 0.283151 0.11822 0.134534 0.881774
0 0.698967 0.349383 0.234329 0.276123 0.895265
0 0.213146 0.283331 0.118114 0.133878 0.84709
0 0.698481 0.352086 0.233507 0.272088 0.920892
0 0.212123 0.283082 0.117373 0.133781 0.884467
0 0.697581 0.350092 0.236068 0.277048 0.902246
0 0.21224 0.283539 0.117721 0.134194 0.877625
0 0.698263 0.350671 0.235342 0.276021 0.919807
0 0.21266 0.283885 0.118121 0.133339 0.895255
0 0.698059 0.351085 0.234425 0.274685 0.914733
0 0.212527 0.283439 0.116708 0.132533 0.866491
0 0.698463 0.350188 0.235288 0.276327 0.915351
0 0.212876 0.283553 0.117304 0.132835 0.881421
0 0.698254 0.350674 0.235317 0.276 0.919639
0 0.212654 0.283886 0.118114 0.133345 0.895013
