0 0.599581 0.230631 0.206925 0.244592 0.978528
0 0.60092 0.212917 0.207782 0.230786 0.994539
0 0.604125 0.187083 0.183833 0.191646 0.80324
0 0.60394 0.213987 0.251212 0.295619 0.727738
0 0.615688 0.209503 0.207297 0.238523 0.717947
0 0.601952 0.218144 0.204342 0.245315 0.708482
0 0.614391 0.215342 0.204292 0.251741 0.772086
0 0.606384 0.225569 0.202739 0.246182 0.840727
0 0.606071 0.21542 0.213228 0.246632 0.806854
0 0.608565 0.220239 0.202452 0.240609 0.76113
0 0.606871 0.221111 0.195102 0.237889 0.820299
0 0.608723 0.219706 0.200903 0.241472 0.838744
0 0.601703 0.218887 0.209417 0.246712 0.778374
0 0.604627 0.220792 0.199912 0.241421 0.789078
0 0.599625 0.21941 0.208006 0.238761 0.758211
0 0.606315 0.220295 0.199231 0.236402 0.752704
0 0.605304 0.21901 0.206784 0.243937 0.799692
0 0.603283 0.217913 0.196797 0.226123 0.860796
0 0.603938 0.218644 0.197641 0.227782 0.789088
0 0.60729 0.220726 0.196181 0.227 0.860362
0 0.59941 0.226812 0.205396 0.243206 0.785609
0 0.601928 0.219655 0.20367 0.246665 0.756489
0 0.60559 0.217939 0.205398 0.239727 0.783414
0 0.606312 0.220399 0.190404 0.222749 0.845497
0 0.603264 0.223176 0.208054 0.246 0.813549
0 0.601264 0.215511 0.189935 0.222055 0.838472
0 0.607344 0.217785 0.193851 0.230405 0.88568
0 0.601095 0.218611 0.206475 0.24085 0.846814
0 0.604223 0.221366 0.195231 0.232109 0.832611
0 0.602306 0.216946 0.203083 0.240412 0.740039
0 0.604816 0.218328 0.191084 0.22354 0.765656
0 0.601903 0.217611 0.203054 0.236694 0.798589
0 0.600157 0.219673 0.210552 0.247227 0.840677
0 0.600482 0.220936 0.207682 0.243826 0.811992
0 0.601515 0.218729 0.203396 0.239713 0.845317
0 0.597037 0.219898 0.211068 0.250003 0.844585
0 0.604624 0.217106 0.205533 0.239918 0.785012
0 0.605547 0.214739 0.203537 0.24027 0.730216
0 0.602866 0.217062 0.196633 0.23189 0.847035
0 0.604626 0.216551 0.198258 0.231055 0.852507
0 0.599646 0.215922 0.19944 0.230858 0.841207
0 0.60195 0.217156 0.207005 0.240428 0.806446
0 0.601422 0.215762 0.200142 0.235371 0.893207
0 0.598189 0.217039 0.203972 0.237509 0.83106
0 0.600799 0.218356 0.199937 0.23506 0.867741
0 0.601613 0.219667 0.195565 0.233799 0.867182
0 0.602426 0.214058 0.195336 0.229918 0.82676
0 0.602258 0.217067 0.198647 0.231918 0.854324
0 0.604066 0.223884 0.197554 0.232226 0.83624
0 0.603573 0.224213 0.201868 0.230128 0.826465
0 0.600944 0.22274 0.200545 0.235646 0.840153
0 0.601687 0.220472 0.204298 0.237494 0.808907
0 0.60149 0.218232 0.200626 0.236972 0.835232
0 0.602846 0.218978 0.198208 0.227776 0.890634
0 0.60421 0.217144 0.198487 0.233594 0.877796
0 0.602791 0.220054 0.199228 0.233411 0.843906
0 0.602486 0.218606 0.204372 0.234595 0.871224
0 0.604559 0.214385 0.202142 0.239151 0.835204
0 0.600353 0.217659 0.198627 0.234974 0.857169
0 0.602705 0.218814 0.201575 0.237743 0.867255
0 0.602137 0.2158 0.201548 0.236032 0.827216
0 0.600017 0.213868 0.20697 0.238371 0.887853
0 0.601271 0.219277 0.201606 0.237858 0.8588
0 0.603465 0.217517 0.203462 0.237891 0.880088
0 0.600021 0.215507 0.201607 0.234421 0.857824
0 0.599908 0.21909 0.202477 0.236824 0.886273
0 0.600207 0.217289 0.202952 0.236816 0.881863
0 0.6017 0.219506 0.199737 0.235103 0.880764
0 0.60258 0.217437 0.197248 0.231905 0.867296
0 0.603232 0.218425 0.196554 0.235307 0.831989
0 0.604222 0.219512 0.200918 0.237413 0.875274
0 0.602484 0.22027 0.204332 0.239444 0.858366
0 0.601936 0.21575 0.202927 0.236702 0.905529
0 0.601508 0.21949 0.201204 0.231798 0.871786
0 0.60058 0.218366 0.199868 0.235233 0.872808
0 0.599938 0.216177 0.199264 0.233683 0.870763
0 0.603352 0.216045 0.198627 0.232559 0.908392
0 0.602229 0.216994 0.198343 0.232768 0.897506
0 0.598263 0.215106 0.204823 0.235848 0.880152
0 0.602828 0.216208 0.19673 0.2322 0.866119
0 0.599881 0.216933 0.205151 0.238584 0.87521
0 0.600777 0.217342 0.198548 0.231749 0.872535
0 0.601236 0.218961 0.205246 0.237635 0.887824
0 0.601526 0.218314 0.202634 0.238069 0.875005
0 0.601579 0.219519 0.202709 0.236233 0.883287
0 0.60227 0.217677 0.200732 0.235887 0.880177
0 0.601795 0.217045 0.197214 0.231265 0.90768
0 0.601607 0.21795 0.198298 0.232168 0.904747
0 0.600713 0.217577 0.204159 0.237926 0.90267
0 0.601705 0.219004 0.200855 0.235098 0.884331
0 0.60123 0.218968 0.204047 0.239167 0.912961
0 0.601693 0.220543 0.200012 0.234409 0.908624
0 0.601383 0.219021 0.200168 0.234428 0.914021
0 0.600912 0.218385 0.203218 0.237075 0.914549
0 0.602274 0.218171 0.201214 0.235043 0.896362
0 0.601396 0.219292 0.202661 0.236263 0.912269
0 0.601145 0.219249 0.201774 0.236033 0.900955
0 0.601281 0.21971 0.202535 0.236574 0.91197
0 0.601626 0.219982 0.200473 0.234162 0.905077
0 0.601684 0.219434 0.201664 0.235848 0.907896
0 0.601297 0.219691 0.202506 0.236558 0.911783
