0 0.344945 0.274761 0.123597 0.117684 0.665815
0 0.357481 0.287185 0.133734 0.158471 0.629705
0 0.349234 0.277231 0.0947181 0.103622 0.601694
0 0.351231 0.28309 0.0885433 0.103865 0.873473
0 0.347598 0.279454 0.0797842 0.0938341 0.710192
0 0.355169 0.27991 0.0890461 0.106966 0.782242
0 0.354559 0.27896 0.0892315 0.103238 0.734412
0 0.350457 0.280011 0.0873553 0.10539 0.763128
0 0.348734 0.280147 0.0824394 0.0990966 0.70734
0 0.353391 0.278146 0.0917741 0.110639 0.639966
0 0.34834 0.278566 0.0968722 0.104378 0.704544
0 0.347805 0.28231 0.0795378 0.0934049 0.781075
0 0.353054 0.278259 0.0894804 0.107259 0.637922
0 0.354863 0.280164 0.0911941 0.104833 0.601409
0 0.356726 0.280879 0.0872195 0.102221 0.677048
0 0.35185 0.27788 0.0916377 0.106278 0.682425
0 0.357285 0.277142 0.100657 0.115007 0.681791
0 0.353415 0.279447 0.0924651 0.108119 0.645447
0 0.354128 0.281378 0.0958581 0.108023 0.757112
0 0.352246 0.279659 0.0885192 0.103187 0.656026
0 0.355286 0.28033 0.0887914 0.101559 0.682954
0 0.353961 0.280036 0.0869551 0.100706 0.682477
0 0.353564 0.277363 0.0858743 0.104864 0.734892
0 0.355358 0.282333 0.0914792 0.107153 0.737783
0 0.35213 0.282137 0.0885966 0.0998526 0.73912
0 0.354213 0.279332 0.0916544 0.104335 0.658865
0 0.355379 0.278318 0.0925006 0.106431 0.661517
0 0.356252 0.278134 0.0953691 0.107772 0.692241
0 0.355862 0.278095 0.0905694 0.105825 0.783529
0 0.356941 0.280416 0.0939651 0.108441 0.800757
0 0.355498 0.280916 0.0931446 0.105964 0.775989
0 0.356424 0.27967 0.0885794 0.105167 0.725035
0 0.35538 0.279085 0.0893108 0.107354 0.667249
0 0.35363 0.280301 0.0893786 0.102372 0.754548
0 0.357067 0.278898 0.0904725 0.104979 0.786973
0 0.356357 0.281337 0.0909467 0.107371 0.643369
0 0.357485 0.278544 0.0907995 0.107121 0.778793
0 0.357939 0.27808 0.0908262 0.10664 0.708171
0 0.355761 0.278235 0.0926888 0.108153 0.75856
0 0.35563 0.280859 0.0902275 0.103706 0.698528
0 0.357539 0.279529 0.0902683 0.107262 0.790699
0 0.356902 0.278181 0.0900259 0.105985 0.812564
0 0.357084 0.278394 0.0892286 0.103903 0.808991
0 0.356077 0.278846 0.091039 0.107318 0.774009
0 0.356769 0.278329 0.0934042 0.10793 0.804733
0 0.357638 0.279339 0.0901226 0.106482 0.762408
0 0.357157 0.278969 0.091608 0.106836 0.721888
0 0.35454 0.280663 0.0924311 0.103517 0.769101
0 0.355551 0.278794 0.0934037 0.108295 0.78498
0 0.355139 0.27901 0.0931891 0.104919 0.774722
0 0.356525 0.278897 0.0917217 0.106983 0.850499
0 0.355393 0.278376 0.0944101 0.106473 0.786867
0 0.354877 0.278837 0.0951693 0.10735 0.759912
0 0.357138 0.278334 0.0919704 0.108127 0.780888
0 0.356728 0.278696 0.0941272 0.110529 0.779966
0 0.356178 0.278218 0.0916131 0.107117 0.740941
0 0.356838 0.277961 0.0927779 0.107895 0.781076
0 0.357143 0.279094 0.0903319 0.105578 0.80785
0 0.357256 0.278387 0.0922457 0.106009 0.788683
0 0.35706 0.279089 0.0903681 0.104411 0.693177
0 0.358148 0.277598 0.0919397 0.106946 0.832637
0 0.356631 0.27933 0.0892696 0.103659 0.831714
0 0.356794 0.279507 0.0891736 0.10443 0.803122
0 0.35782 0.278745 0.0928332 0.108191 0.830752
0 0.357532 0.27829 0.0893521 0.105886 0.845674
0 0.356568 0.278106 0.0914184 0.107672 0.837098
0 0.69766 0.18146 0.117474 0.133987 0.661557
0 0.357 0.278171 0.0915046 0.10842 0.84028
0 0.356884 0.279639 0.0895811 0.103526 0.864554
0 0.696738 0.182607 0.115317 0.133807 0.634003
0 0.358182 0.278287 0.0932864 0.109123 0.764903
0 0.358025 0.278431 0.0905347 0.106132 0.804804
0 0.356119 0.277942 0.0916326 0.106346 0.803961
0 0.35707 0.2782 0.092964 0.109142 0.849578
0 0.357489 0.278555 0.0905057 0.106318 0.832495
0 0.357646 0.278017 0.0917743 0.106138 0.832947
0 0.357512 0.278678 0.0906988 0.106201 0.777906
0 0.357695 0.278377 0.09066 0.105964 0.835402
0 0.695726 0.181579 0.114529 0.130603 0.608206
0 0.357271 0.278215 0.0919307 0.10824 0.785222
0 0.357544 0.27864 0.0913254 0.107522 0.835381
0 0.356818 0.278428 0.0914274 0.107111 0.793955
0 0.356763 0.278194 0.0920159 0.107812 0.819895
0 0.357048 0.278339 0.0903672 0.105603 0.80138
0 0.357365 0.278446 0.0907485 0.106741 0.855858
0 0.357429 0.278452 0.0903068 0.106195 0.853421
0 0.356837 0.278583 0.0908305 0.10602 0.840518
0 0.357404 0.278348 0.0902338 0.106242 0.82781
0 0.358306 0.278512 0.0893354 0.105339 0.809021
0 0.35755 0.278203 0.0900103 0.10584 0.810114
0 0.357652 0.278067 0.0916496 0.107979 0.840519
0 0.356583 0.278139 0.0908116 0.105816 0.843537
0 0.356605 0.277761 0.0910012 0.106054 0.820948
0 0.35671 0.278243 0.0900003 0.10465 0.852339
0 0.356608 0.278076 0.0903151 0.105753 0.839129
0 0.356743 0.278251 0.0901068 0.10497 0.851196
0 0.356555 0.277956 0.0903248 0.105505 0.830024
0 0.356814 0.278072 0.0905574 0.105724 0.845005
0 0.35674 0.278255 0.090104 0.104965 0.850796
