0 0.539102 0.2633 0.18527 0.214434 0.75004
0 0.532733 0.615238 0.239857 0.274578 0.666761
0 0.556854 0.28926 0.192407 0.241187 0.673234
0 0.551166 0.281871 0.177476 0.213524 0.68844
0 0.550179 0.279008 0.193969 0.236006 0.720843
0 0.558565 0.276213 0.189246 0.221726 0.727467
0 0.558041 0.283517 0.1902 0.217376 0.607333
0 0.558084 0.276038 0.193223 0.227221 0.740336
0 0.559174 0.282871 0.189869 0.224724 0.694067
0 0.55555 0.278979 0.192186 0.22551 0.733561
0 0.555135 0.281717 0.189581 0.228688 0.775893
0 0.559723 0.277167 0.192336 0.226724 0.656761
0 0.557761 0.277607 0.196784 0.227908 0.802235
0 0.551527 0.285872 0.186715 0.225497 0.722872
0 0.553707 0.277797 0.194509 0.230697 0.719525
0 0.561966 0.278337 0.196535 0.231605 0.724561
0 0.558047 0.283452 0.188483 0.22082 0.795175
0 0.563226 0.278729 0.20849 0.247212 0.786336
0 0.556327 0.279686 0.187591 0.223167 0.771615
0 0.559755 0.282171 0.190581 0.229295 0.811143
0 0.554162 0.28069 0.193573 0.223874 0.807245
0 0.556605 0.283538 0.202473 0.232055 0.830561
0 0.557872 0.280957 0.204197 0.246867 0.788264
0 0.555542 0.283724 0.176852 0.210113 0.727024
0 0.56174 0.278816 0.19885 0.229124 0.762285
0 0.556788 0.278338 0.205752 0.249979 0.804784
0 0.556959 0.28091 0.206127 0.243274 0.808102
0 0.555179 0.279803 0.196316 0.230387 0.813434
0 0.556303 0.280986 0.205053 0.241177 0.80489
0 0.554767 0.277968 0.197066 0.230045 0.765746
0 0.55865 0.277303 0.191359 0.221867 0.716017
0 0.555318 0.276872 0.190151 0.222029 0.832301
0 0.555761 0.278703 0.181622 0.213152 0.805402
0 0.553829 0.280998 0.194754 0.219853 0.756764
0 0.552386 0.280181 0.19176 0.222155 0.741253
0 0.554864 0.279223 0.189187 0.221433 0.831466
0 0.559109 0.277045 0.198419 0.228749 0.767341
0 0.560923 0.280106 0.201195 0.230548 0.802749
0 0.555279 0.27481 0.195228 0.237162 0.804562
0 0.554514 0.275067 0.189127 0.220251 0.754459
0 0.555187 0.277557 0.203314 0.235292 0.790601
0 0.557498 0.283594 0.197471 0.230474 0.786725
0 0.555129 0.279393 0.201837 0.235529 0.818725
0 0.552913 0.283067 0.198099 0.232651 0.775594
0 0.554738 0.280239 0.19795 0.228747 0.764438
0 0.550817 0.277523 0.187284 0.219677 0.797131
0 0.548913 0.276525 0.192615 0.223518 0.827347
0 0.554579 0.276295 0.198297 0.233259 0.817642
0 0.55111 0.278766 0.18973 0.223373 0.813386
0 0.552489 0.277278 0.19196 0.225441 0.840885
0 0.554676 0.274846 0.196875 0.230719 0.768029
0 0.55025 0.278772 0.188614 0.220742 0.802729
0 0.549065 0.280651 0.188923 0.222304 0.836783
0 0.554358 0.273955 0.192473 0.223828 0.758213
0 0.549134 0.273784 0.192926 0.222266 0.801155
0 0.548011 0.281403 0.19161 0.222534 0.809928
0 0.55548 0.279663 0.191735 0.222163 0.794039
0 0.553154 0.278537 0.190534 0.221087 0.782543
0 0.555819 0.27914 0.190739 0.222445 0.834703
0 0.549605 0.277405 0.189941 0.222652 0.835699
0 0.550765 0.27947 0.186197 0.215256 0.826648
0 0.555481 0.278989 0.184523 0.215152 0.82644
0 0.551239 0.278927 0.190237 0.222443 0.812085
0 0.553619 0.279674 0.192444 0.224961 0.855516
0 0.55142 0.278812 0.192951 0.224759 0.814624
0 0.551922 0.277641 0.19741 0.22968 0.868174
0 0.548917 0.28019 0.191625 0.225118 0.825189
0 0.549417 0.278419 0.188543 0.218656 0.826311
0 0.551291 0.279372 0.192004 0.2246 0.824413
0 0.553567 0.277758 0.187935 0.217332 0.872915
0 0.550996 0.276978 0.187891 0.218662 0.85902
0 0.548592 0.275674 0.189841 0.219001 0.842235
0 0.550438 0.277528 0.188446 0.218637 0.832717
0 0.551656 0.277256 0.196021 0.228035 0.830897
0 0.549431 0.279172 0.194118 0.225323 0.811296
0 0.549824 0.276602 0.192495 0.224707 0.82929
0 0.551791 0.278345 0.190929 0.22148 0.826373
0 0.552968 0.277309 0.192003 0.221147 0.820601
0 0.551885 0.277527 0.190933 0.220513 0.813794
0 0.551166 0.276444 0.193553 0.22484 0.847276
0 0.550497 0.276976 0.188986 0.218231 0.843707
0 0.552117 0.276289 0.193855 0.22363 0.846232
0 0.55257 0.277868 0.194528 0.226399 0.808985
0 0.552437 0.27682 0.195432 0.228668 0.829954
0 0.551878 0.280245 0.195876 0.227768 0.829782
0 0.553149 0.275548 0.18834 0.218294 0.835704
0 0.553345 0.275641 0.1881 0.217424 0.843894
0 0.555564 0.274749 0.188783 0.217822 0.80852
0 0.553142 0.278056 0.195687 0.226973 0.838106
0 0.554255 0.276179 0.189093 0.217819 0.836396
0 0.554083 0.276501 0.190633 0.219553 0.849331
0 0.553262 0.278372 0.194783 0.225651 0.835339
0 0.553211 0.278081 0.195453 0.226745 0.838951
0 0.554085 0.276491 0.190607 0.21954 0.849004
