0 0.367325 0.355173 0.205845 0.249738 0.67065
0 0.802903 0.605711 0.194079 0.216364 0.890079
0 0.64125 0.515421 0.236519 0.285965 0.800444
0 0.609996 0.365552 0.402855 0.437012 0.756508
0 0.388681 0.308393 0.182671 0.193028 0.727987
0 0.381322 0.307019 0.198082 0.224508 0.653968
0 0.380331 0.31442 0.206873 0.233751 0.684609
0 0.648154 0.519306 0.226132 0.286925 0.637035
0 0.789046 0.611289 0.231502 0.270528 0.630064
0 0.391629 0.309442 0.203024 0.23613 0.702042
0 0.655502 0.513741 0.226203 0.283858 0.662776
0 0.387647 0.306796 0.191047 0.220257 0.698365
0 0.648276 0.512415 0.22317 0.266923 0.640127
0 0.645 0.506563 0.227228 0.276654 0.779172
0 0.386988 0.308975 0.182895 0.216544 0.754373
0 0.219123 0.243411 0.213791 0.241708 0.645429
0 0.780196 0.596169 0.195288 0.231208 0.634706
0 0.383048 0.307487 0.201393 0.227627 0.853362
0 0.650936 0.502721 0.230987 0.277437 0.679938
0 0.647303 0.502829 0.245648 0.291766 0.731829
0 0.386285 0.311076 0.188871 0.22227 0.663573
0 0.664879 0.272447 0.153552 0.176014 0.612163
0 0.379872 0.310851 0.206269 0.227374 0.721096
0 0.643786 0.503271 0.249364 0.290723 0.603379
0 0.388621 0.308009 0.192487 0.222167 0.662726
0 0.651007 0.502579 0.237978 0.280876 0.760615
0 0.384158 0.308685 0.206242 0.230202 0.723516
0 0.789339 0.597611 0.216322 0.249622 0.637878
0 0.647996 0.505532 0.235068 0.279283 0.817821
0 0.381648 0.310388 0.20545 0.231036 0.800291
0 0.228432 0.248173 0.211444 0.261071 0.748502
0 0.783973 0.584074 0.220511 0.249753 0.612732
0 0.643671 0.506819 0.233512 0.283612 0.819323
0 0.384832 0.309983 0.199032 0.223629 0.714212
0 0.203758 0.513972 0.272697 0.328141 0.626778
0 0.652767 0.50362 0.236681 0.285503 0.830192
0 0.388053 0.311993 0.199301 0.228179 0.787772
0 0.653503 0.282014 0.190842 0.219771 0.672713
0 0.203376 0.510191 0.306531 0.356727 0.643962
0 0.789463 0.585209 0.224636 0.245664 0.629233
0 0.388791 0.31206 0.194682 0.228996 0.728485
0 0.649179 0.505177 0.233007 0.288478 0.687549
0 0.784957 0.600165 0.188838 0.224559 0.679055
0 0.382587 0.308878 0.207078 0.241434 0.652022
0 0.639162 0.504408 0.246754 0.294057 0.63024
0 0.648785 0.50252 0.235576 0.280973 0.796882
0 0.379378 0.302039 0.207122 0.239147 0.716695
0 0.206014 0.510788 0.308258 0.352542 0.672641
0 0.220819 0.237109 0.206486 0.255295 0.603712
0 0.384875 0.307176 0.182453 0.209041 0.801192
0 0.648488 0.508815 0.235787 0.277034 0.729918
0 0.202262 0.512419 0.275984 0.332415 0.670128
0 0.643535 0.509112 0.229852 0.285352 0.805851
0 0.381052 0.315211 0.204374 0.23156 0.78271
0 0.201159 0.5151 0.279639 0.33692 0.709938
0 0.223297 0.250963 0.228608 0.284185 0.700765
0 0.381852 0.308758 0.204 0.230429 0.784932
0 0.640569 0.501934 0.248024 0.289366 0.770164
0 0.205774 0.505943 0.307246 0.342775 0.645886
0 0.782444 0.593207 0.203437 0.235123 0.638986
0 0.383794 0.309117 0.191313 0.222093 0.888517
0 0.64062 0.499809 0.240082 0.283018 0.871398
0 0.230369 0.231247 0.207762 0.245866 0.785377
0 0.787889 0.589527 0.219434 0.245475 0.728593
0 0.662348 0.268992 0.168296 0.194662 0.684997
0 0.202028 0.503962 0.270863 0.329573 0.630466
0 0.638799 0.500807 0.256227 0.299716 0.824956
0 0.379554 0.311992 0.206011 0.23037 0.824846
0 0.218741 0.24659 0.23515 0.275755 0.794055
0 0.206139 0.513177 0.300649 0.351427 0.747347
0 0.787603 0.597416 0.224573 0.249986 0.675799
0 0.65055 0.283067 0.196619 0.224658 0.674506
0 0.382643 0.313921 0.204922 0.227794 0.815275
0 0.637288 0.505415 0.260197 0.306252 0.756745
0 0.196251 0.513653 0.290338 0.352849 0.71319
0 0.22944 0.228782 0.20987 0.230764 0.691099
0 0.785891 0.606018 0.20399 0.22986 0.614523
0 0.381597 0.313324 0.198596 0.2288 0.76376
0 0.638429 0.503702 0.244315 0.295509 0.685304
0 0.200235 0.513523 0.293295 0.3435 0.667356
0 0.220897 0.247303 0.229923 0.279332 0.656338
0 0.38354 0.312764 0.19661 0.230137 0.750893
0 0.646607 0.499433 0.237352 0.284994 0.644436
0 0.641247 0.497586 0.247195 0.289739 0.79439
0 0.376807 0.307723 0.208218 0.233767 0.765735
0 0.220349 0.237171 0.228296 0.267316 0.613062
0 0.379374 0.30845 0.209187 0.239986 0.83336
0 0.646237 0.496896 0.252818 0.30048 0.807449
0 0.205219 0.513867 0.297058 0.351625 0.804238
0 0.229893 0.231732 0.207719 0.251892 0.681663
0 0.791736 0.592937 0.227088 0.250347 0.669126
0 0.38224 0.306921 0.206476 0.242775 0.80109
0 0.647749 0.502773 0.257276 0.298735 0.747472
0 0.203812 0.516948 0.281917 0.328111 0.718774
0 0.78806 0.593011 0.213901 0.249019 0.643784
0 0.38321 0.308366 0.192995 0.231371 0.801181
0 0.640403 0.503385 0.247933 0.292347 0.753651
0 0.200264 0.515936 0.293161 0.34027 0.75071
0 0.223442 0.236587 0.199957 0.246275 0.715382
0 0.793148 0.596573 0.214991 0.248913 0.645327
0 0.378946 0.309447 0.192231 0.217258 0.804218
0 0.218529 0.241222 0.228623 0.264687 0.628412
0 0.385489 0.306406 0.199792 0.229032 0.770282
0 0.649615 0.500849 0.25204 0.300494 0.726545
0 0.215876 0.516454 0.285271 0.334684 0.698691
0 0.381891 0.304625 0.194193 0.225307 0.761611
0 0.639572 0.497152 0.261191 0.306603 0.673486
0 0.2136 0.51039 0.297802 0.344715 0.625209
0 0.383952 0.310662 0.189961 0.224268 0.81196
0 0.640173 0.502864 0.241527 0.278751 0.793338
0 0.210404 0.514352 0.291431 0.337131 0.72091
0 0.788457 0.595653 0.200139 0.228446 0.682757
0 0.385876 0.311351 0.193676 0.224398 0.855189
0 0.645782 0.502754 0.242903 0.290297 0.795279
0 0.209874 0.514799 0.282426 0.334171 0.75959
0 0.223184 0.235726 0.207465 0.251267 0.740275
0 0.797732 0.601139 0.194987 0.227858 0.677647
0 0.382197 0.308973 0.198825 0.228344 0.794087
0 0.643593 0.500952 0.244753 0.292095 0.75741
0 0.214925 0.226081 0.204418 0.23696 0.695916
0 0.794046 0.59426 0.218766 0.243426 0.664
0 0.20911 0.509513 0.291637 0.341942 0.660402
0 0.379727 0.312187 0.195341 0.225925 0.769413
0 0.645662 0.503572 0.24596 0.290295 0.720297
0 0.226434 0.239087 0.228916 0.268292 0.709608
0 0.207826 0.512663 0.293519 0.343613 0.707647
0 0.790783 0.598156 0.211241 0.242395 0.659335
0 0.380026 0.30783 0.18947 0.220533 0.844211
0 0.215225 0.243117 0.239206 0.281773 0.813883
0 0.63904 0.49751 0.246588 0.298071 0.805876
0 0.203307 0.500034 0.281823 0.341577 0.751847
0 0.788634 0.590326 0.215026 0.245664 0.65873
0 0.207107 0.510847 0.286586 0.33655 0.81031
0 0.378748 0.309791 0.200685 0.234337 0.804566
0 0.637832 0.500152 0.258226 0.3035 0.801995
0 0.219343 0.236438 0.211128 0.254962 0.643828
0 0.379246 0.310088 0.197399 0.22901 0.808512
0 0.202996 0.515851 0.293663 0.332979 0.757425
0 0.638878 0.503201 0.249489 0.29427 0.719078
0 0.22329 0.234819 0.223192 0.26493 0.684223
0 0.387547 0.310545 0.185852 0.219412 0.834325
0 0.647572 0.503588 0.248387 0.291465 0.72959
0 0.208036 0.510817 0.295874 0.339819 0.719455
0 0.2228 0.237965 0.21215 0.247991 0.714362
0 0.794897 0.599544 0.194737 0.221721 0.698687
0 0.383121 0.302736 0.183195 0.213674 0.793235
0 0.645277 0.498328 0.243342 0.283189 0.71028
0 0.207455 0.507378 0.287053 0.332751 0.685641
0 0.792589 0.596377 0.197029 0.224164 0.684896
0 0.221682 0.233412 0.205267 0.239902 0.624929
0 0.381619 0.306601 0.18874 0.219918 0.823457
0 0.644577 0.501908 0.237675 0.275926 0.772699
0 0.207479 0.512679 0.279549 0.325323 0.747415
0 0.226917 0.23302 0.201713 0.247129 0.611745
0 0.382024 0.309145 0.186949 0.220122 0.842894
0 0.642338 0.499981 0.236717 0.287807 0.738598
0 0.792031 0.601864 0.189618 0.220861 0.713238
0 0.206834 0.505291 0.294625 0.345938 0.677667
0 0.221798 0.23962 0.19778 0.238724 0.669913
0 0.381859 0.313547 0.197462 0.227446 0.827638
0 0.643207 0.505679 0.246663 0.288629 0.758474
0 0.796839 0.598354 0.209648 0.24183 0.693741
0 0.379586 0.315415 0.194044 0.226667 0.79336
0 0.641979 0.505168 0.239484 0.280222 0.754131
0 0.79462 0.600383 0.202667 0.229804 0.716437
0 0.216108 0.51767 0.284173 0.334194 0.709598
0 0.220786 0.235534 0.215109 0.251149 0.662618
0 0.379808 0.3077 0.204035 0.231898 0.792636
0 0.796906 0.601285 0.20652 0.232036 0.744216
0 0.646279 0.501887 0.245638 0.29021 0.740944
0 0.215286 0.508823 0.299688 0.349961 0.679318
0 0.226375 0.236705 0.21338 0.260092 0.613074
0 0.376797 0.30884 0.200546 0.234453 0.830163
0 0.639846 0.501557 0.236416 0.28577 0.774501
0 0.205164 0.51416 0.292703 0.339769 0.72918
0 0.804907 0.595398 0.215469 0.247802 0.707373
0 0.226251 0.239296 0.224401 0.264469 0.706078
0 0.378909 0.307042 0.202599 0.23356 0.832284
0 0.641869 0.499096 0.245728 0.28944 0.79337
0 0.804017 0.587865 0.214573 0.245529 0.698602
0 0.224669 0.239106 0.224325 0.260011 0.658615
0 0.642859 0.504236 0.233987 0.272727 0.836519
0 0.377586 0.308969 0.19895 0.230828 0.83483
0 0.218654 0.237125 0.210874 0.246469 0.724369
0 0.801833 0.596853 0.206432 0.232392 0.712354
0 0.207353 0.515946 0.287186 0.329136 0.703094
0 0.38202 0.310043 0.190291 0.224665 0.822725
0 0.642109 0.505424 0.234818 0.279833 0.798249
0 0.795999 0.598448 0.211091 0.24104 0.724247
0 0.203826 0.511193 0.290343 0.338641 0.681513
0 0.222523 0.239237 0.194793 0.233245 0.667469
0 0.384731 0.312634 0.192149 0.224444 0.810869
0 0.642517 0.501252 0.235667 0.274398 0.766823
0 0.797804 0.598072 0.204886 0.236165 0.678454
0 0.226863 0.230983 0.198412 0.237473 0.674922
0 0.660372 0.277606 0.178452 0.210119 0.621552
0 0.382137 0.310678 0.197068 0.231652 0.765689
0 0.641661 0.498354 0.24713 0.286968 0.754454
0 0.205445 0.513204 0.292397 0.338435 0.709686
0 0.79669 0.590804 0.222028 0.257608 0.643041
0 0.228675 0.23466 0.200817 0.247468 0.629485
0 0.379687 0.31194 0.197273 0.231057 0.81095
0 0.644656 0.497763 0.229605 0.277079 0.764296
0 0.224283 0.236731 0.189274 0.237195 0.704904
0 0.793187 0.596608 0.212679 0.245501 0.70073
0 0.216398 0.509714 0.285168 0.337606 0.695598
0 0.37894 0.307957 0.197605 0.230612 0.822799
0 0.643774 0.501612 0.238872 0.281024 0.803779
0 0.798358 0.602697 0.206871 0.235554 0.733384
0 0.210042 0.516999 0.278851 0.32745 0.732717
0 0.224875 0.239141 0.216096 0.258351 0.698841
0 0.378142 0.309011 0.198976 0.233634 0.813561
0 0.643323 0.497203 0.237197 0.283741 0.742484
0 0.80206 0.59967 0.207549 0.235586 0.739547
0 0.206427 0.509182 0.290551 0.340371 0.698781
0 0.225227 0.237326 0.202928 0.245565 0.678371
0 0.37583 0.308822 0.201057 0.232568 0.804753
0 0.635862 0.494216 0.250004 0.296284 0.776999
0 0.222848 0.229764 0.216623 0.255343 0.761066
0 0.796867 0.593766 0.208712 0.238314 0.738583
0 0.209199 0.504721 0.3083 0.355073 0.684605
0 0.37883 0.310526 0.20512 0.240676 0.803844
0 0.643503 0.504432 0.243727 0.288198 0.754996
0 0.796818 0.60727 0.199499 0.227355 0.739895
0 0.220772 0.23873 0.214879 0.259154 0.73825
0 0.380692 0.311855 0.196164 0.229029 0.838314
0 0.642183 0.50368 0.23826 0.275366 0.795583
0 0.207514 0.513821 0.287727 0.333822 0.753094
0 0.224284 0.236718 0.196991 0.238492 0.727627
0 0.798682 0.598695 0.207648 0.242348 0.723824
0 0.661202 0.277985 0.181459 0.21423 0.602076
0 0.379176 0.309635 0.199171 0.234473 0.776095
0 0.639684 0.495155 0.253105 0.297086 0.728605
0 0.799276 0.596018 0.219519 0.24927 0.69705
0 0.216368 0.235251 0.209157 0.252933 0.668931
0 0.217133 0.515216 0.298306 0.345084 0.668434
0 0.377177 0.308922 0.197554 0.229065 0.833458
0 0.641124 0.502703 0.241773 0.281053 0.80053
0 0.798744 0.595405 0.205678 0.239912 0.711171
0 0.379699 0.309846 0.192619 0.22801 0.835595
0 0.641952 0.503986 0.233418 0.270201 0.80917
0 0.21843 0.237972 0.222234 0.262 0.76738
0 0.797241 0.601798 0.213025 0.241515 0.724725
0 0.216275 0.513979 0.287661 0.333683 0.712389
0 0.663389 0.279315 0.181897 0.214717 0.630177
0 0.382577 0.309343 0.191586 0.22504 0.840907
0 0.646631 0.504283 0.237793 0.278732 0.799006
0 0.792265 0.599062 0.213611 0.247458 0.776547
0 0.222384 0.237281 0.208116 0.247714 0.764863
0 0.216568 0.516523 0.288149 0.338311 0.659602
0 0.381228 0.312356 0.189999 0.224571 0.848506
0 0.645932 0.501267 0.239789 0.278885 0.781468
0 0.799926 0.598955 0.208883 0.245007 0.75098
0 0.221561 0.237625 0.203892 0.246697 0.731827
0 0.381131 0.312842 0.192563 0.228794 0.827535
0 0.641096 0.504763 0.237545 0.276399 0.792378
0 0.795115 0.596588 0.20693 0.243075 0.729171
0 0.201423 0.521713 0.29913 0.351224 0.675072
0 0.224128 0.237108 0.197838 0.246163 0.674063
0 0.378072 0.310698 0.198891 0.233679 0.848592
0 0.643556 0.504286 0.235352 0.273868 0.816202
0 0.799662 0.600746 0.2111 0.242476 0.776249
0 0.22411 0.239601 0.207375 0.254669 0.755296
0 0.20776 0.520548 0.289829 0.340289 0.71991
0 0.655549 0.289409 0.208454 0.245212 0.604908
0 0.641232 0.503953 0.236958 0.279005 0.818774
0 0.375306 0.311675 0.203557 0.236988 0.812389
0 0.198509 0.518964 0.290032 0.344651 0.757885
0 0.217555 0.238581 0.204847 0.249522 0.728947
0 0.797356 0.596335 0.21375 0.24909 0.696993
0 0.380722 0.308409 0.199832 0.234609 0.879474
0 0.642923 0.500259 0.242009 0.281237 0.844304
0 0.799787 0.593412 0.212636 0.246812 0.787865
0 0.223778 0.230249 0.197915 0.248733 0.761986
0 0.206967 0.509255 0.29966 0.345048 0.676011
0 0.378884 0.310474 0.199754 0.234855 0.821374
0 0.642727 0.504286 0.237822 0.275768 0.821062
0 0.796406 0.59889 0.220636 0.249434 0.752135
0 0.220457 0.236642 0.197414 0.244901 0.743579
0 0.20885 0.519467 0.30314 0.347621 0.667518
0 0.377552 0.311153 0.200193 0.234962 0.808671
0 0.641749 0.506085 0.236202 0.273778 0.777573
0 0.221036 0.237358 0.203556 0.24646 0.732477
0 0.794111 0.595963 0.215361 0.246637 0.722998
0 0.210784 0.516804 0.306738 0.346492 0.653518
0 0.378455 0.311602 0.196513 0.229958 0.845451
0 0.639276 0.502603 0.241889 0.276762 0.794704
0 0.224625 0.234931 0.200923 0.238224 0.756525
0 0.7958 0.593795 0.214269 0.24392 0.719993
0 0.212527 0.513391 0.297413 0.337479 0.638676
0 0.381163 0.307884 0.197408 0.232534 0.877087
0 0.641608 0.50297 0.235077 0.272506 0.839312
0 0.221997 0.233452 0.202371 0.241973 0.804831
0 0.795442 0.598003 0.203679 0.232906 0.786022
0 0.214914 0.513945 0.302756 0.345712 0.69292
0 0.662979 0.26413 0.173259 0.199888 0.689257
0 0.379118 0.309798 0.202665 0.239928 0.854221
0 0.640394 0.505039 0.233476 0.270654 0.832619
0 0.2257 0.235041 0.196699 0.248356 0.763179
0 0.794003 0.594775 0.210221 0.238635 0.761697
0 0.211316 0.513856 0.298877 0.348942 0.621747
0 0.375989 0.308924 0.201625 0.234372 0.849856
0 0.63817 0.50047 0.241572 0.277466 0.799358
0 0.793729 0.597448 0.204469 0.231426 0.779228
0 0.222944 0.233912 0.203206 0.243655 0.734874
0 0.380225 0.307588 0.200993 0.235512 0.837638
0 0.640649 0.500444 0.237345 0.272945 0.806473
0 0.796796 0.596301 0.215761 0.24552 0.745241
0 0.22652 0.230465 0.190739 0.245354 0.656633
0 0.213872 0.508833 0.302183 0.351711 0.600352
0 0.37899 0.309482 0.200231 0.233083 0.870682
0 0.641248 0.503405 0.235676 0.271843 0.833712
0 0.796377 0.59251 0.226399 0.256055 0.787943
0 0.222649 0.233463 0.197224 0.23578 0.767868
0 0.205073 0.513433 0.297749 0.343118 0.643561
0 0.664158 0.268025 0.179734 0.205178 0.613911
0 0.378985 0.311173 0.195568 0.227757 0.832733
0 0.641897 0.504175 0.233565 0.2685 0.789717
0 0.79386 0.596706 0.221124 0.24936 0.738456
0 0.22207 0.235336 0.201044 0.235489 0.736932
0 0.205457 0.515212 0.299841 0.342709 0.630704
0 0.379077 0.311531 0.202664 0.237878 0.852911
0 0.639811 0.505186 0.237149 0.273287 0.818055
0 0.793827 0.594206 0.224433 0.256496 0.781305
0 0.224722 0.233691 0.181982 0.227275 0.73245
0 0.378625 0.313477 0.19853 0.233357 0.848372
0 0.640976 0.50422 0.234058 0.273196 0.823014
0 0.792881 0.597126 0.215381 0.250429 0.780269
0 0.224635 0.236821 0.197467 0.240928 0.760446
0 0.204972 0.504647 0.289978 0.344696 0.662966
0 0.658606 0.28783 0.197932 0.233227 0.615519
0 0.378909 0.310104 0.196848 0.227642 0.839924
0 0.640254 0.504272 0.232735 0.269716 0.808277
0 0.793822 0.596921 0.211456 0.243064 0.770796
0 0.223948 0.236267 0.200048 0.243175 0.716832
0 0.210888 0.514751 0.301542 0.349485 0.652511
0 0.662346 0.267657 0.170719 0.197796 0.630482
0 0.376473 0.307048 0.198492 0.228707 0.826945
0 0.638984 0.50174 0.239816 0.275502 0.794086
0 0.792584 0.593072 0.21314 0.244232 0.773695
0 0.221432 0.234759 0.201447 0.24615 0.752945
0 0.378118 0.310002 0.196386 0.228559 0.86537
0 0.639238 0.503837 0.232578 0.268938 0.852034
0 0.792647 0.593445 0.211714 0.242961 0.80857
0 0.219982 0.234269 0.206752 0.250705 0.773704
0 0.206614 0.511033 0.301043 0.350505 0.613668
0 0.376887 0.311986 0.197424 0.229832 0.862817
0 0.640025 0.504529 0.231397 0.267853 0.83698
0 0.794213 0.598044 0.216087 0.247527 0.800555
0 0.220456 0.23659 0.205628 0.247741 0.773658
0 0.209133 0.511719 0.302829 0.347839 0.734647
0 0.66224 0.269804 0.171843 0.199813 0.613269
0 0.377408 0.311303 0.201774 0.235911 0.863407
0 0.639844 0.503112 0.241722 0.277091 0.83742
0 0.795535 0.595697 0.218802 0.249907 0.793208
0 0.219446 0.236176 0.210786 0.250244 0.779074
0 0.206876 0.510527 0.302635 0.350558 0.688346
0 0.376812 0.311822 0.198583 0.231924 0.826907
0 0.64128 0.504037 0.234207 0.271843 0.819189
0 0.799247 0.601824 0.21295 0.241161 0.775892
0 0.221069 0.237755 0.20272 0.247827 0.714062
0 0.377281 0.30937 0.200697 0.234772 0.868024
0 0.642646 0.501083 0.241744 0.283366 0.830796
0 0.796004 0.594145 0.219933 0.251476 0.803946
0 0.220637 0.235936 0.206894 0.248911 0.761935
0 0.211022 0.508583 0.306117 0.348652 0.7032
0 0.378335 0.310874 0.199879 0.232444 0.862707
0 0.646166 0.502459 0.238782 0.276039 0.820787
0 0.793121 0.596378 0.217124 0.248657 0.808443
0 0.212495 0.512176 0.302271 0.346773 0.736314
0 0.223091 0.233246 0.189431 0.230864 0.731771
0 0.377297 0.309502 0.199926 0.233016 0.856894
0 0.644812 0.501227 0.240609 0.278518 0.830312
0 0.796766 0.596415 0.216138 0.245917 0.794461
0 0.219567 0.234544 0.20467 0.246531 0.777136
0 0.211378 0.510733 0.305059 0.349106 0.721576
0 0.377862 0.307906 0.19859 0.231635 0.867738
0 0.645425 0.502398 0.240889 0.279174 0.83731
0 0.792658 0.595285 0.216861 0.247739 0.794361
0 0.21802 0.235812 0.211171 0.251175 0.785374
0 0.21111 0.512093 0.30486 0.349948 0.750569
0 0.378953 0.307693 0.197436 0.229107 0.84567
0 0.640384 0.499402 0.245645 0.289168 0.800323
0 0.794408 0.594312 0.218214 0.248171 0.774654
0 0.220067 0.233003 0.211675 0.253546 0.744079
0 0.215253 0.509969 0.305473 0.350468 0.722588
0 0.377826 0.309159 0.198278 0.22953 0.865081
0 0.645154 0.503263 0.239653 0.276256 0.831927
0 0.794282 0.596278 0.219097 0.249063 0.794783
0 0.2192 0.236614 0.210324 0.250953 0.780389
0 0.209608 0.513385 0.298363 0.343343 0.773905
0 0.378064 0.308774 0.199962 0.232552 0.854843
0 0.644827 0.502096 0.241677 0.278799 0.818693
0 0.793629 0.596532 0.21787 0.24858 0.784599
0 0.22122 0.233927 0.202315 0.246662 0.755239
0 0.212285 0.512137 0.304748 0.349931 0.736586
0 0.377709 0.310766 0.199841 0.231463 0.872276
0 0.645619 0.502551 0.239568 0.277361 0.84006
0 0.793433 0.596477 0.218344 0.24929 0.794868
0 0.211517 0.512767 0.298607 0.342941 0.781898
0 0.222355 0.234927 0.204137 0.246814 0.774003
0 0.378129 0.309045 0.198255 0.230194 0.86226
0 0.645618 0.50302 0.238424 0.276475 0.832311
0 0.212018 0.512363 0.294886 0.340399 0.788033
0 0.792871 0.5974 0.216195 0.247519 0.782259
0 0.222048 0.236052 0.205951 0.248046 0.764384
0 0.378848 0.308865 0.199154 0.231493 0.862877
0 0.645675 0.502791 0.239301 0.277091 0.833381
0 0.793153 0.596763 0.216408 0.247866 0.789631
0 0.211036 0.51225 0.296184 0.341387 0.775153
0 0.222904 0.235075 0.203773 0.246871 0.769453
0 0.377715 0.310752 0.199836 0.23147 0.872018
0 0.645608 0.502547 0.239547 0.277358 0.839833
0 0.793428 0.596467 0.21832 0.249284 0.794421
0 0.211495 0.512773 0.298598 0.342928 0.781734
0 0.222352 0.234895 0.204092 0.246781 0.773501
