0 0.494103 0.391869 0.192796 0.220283 0.620296
0 0.50287 0.383959 0.195104 0.235544 0.886844
0 0.499175 0.390831 0.1897 0.237712 0.796168
0 0.510814 0.377603 0.203736 0.236752 0.787661
0 0.50473 0.386948 0.202114 0.227019 0.773392
0 0.500948 0.38693 0.196737 0.230561 0.739913
0 0.502785 0.389551 0.190757 0.216531 0.805067
0 0.5001 0.382047 0.201794 0.231257 0.812972
0 0.509249 0.389975 0.173906 0.199519 0.683548
0 0.499779 0.383461 0.22106 0.237693 0.743898
0 0.509195 0.383157 0.19201 0.219562 0.7247
0 0.510495 0.380621 0.194286 0.228475 0.786753
0 0.508304 0.381833 0.196626 0.229608 0.800857
0 0.506955 0.374944 0.199853 0.240087 0.748293
0 0.510983 0.382632 0.195014 0.223314 0.794968
0 0.504803 0.382989 0.196016 0.22939 0.755727
0 0.507727 0.374331 0.197247 0.230679 0.741189
0 0.509238 0.373228 0.197981 0.235686 0.743186
0 0.508414 0.379167 0.197594 0.228046 0.807484
0 0.509475 0.382251 0.194755 0.222387 0.76273
0 0.505843 0.377072 0.190261 0.221101 0.755767
0 0.505222 0.378639 0.19884 0.232067 0.874273
0 0.507576 0.37106 0.224061 0.257508 0.788213
0 0.506955 0.379921 0.208368 0.227938 0.821697
0 0.503437 0.376306 0.205386 0.238491 0.734765
0 0.510688 0.380017 0.204385 0.225869 0.667535
0 0.507769 0.376469 0.20202 0.230472 0.739717
0 0.50709 0.3739 0.206885 0.235614 0.825861
0 0.512099 0.374513 0.204404 0.236957 0.759834
0 0.51071 0.378924 0.203554 0.236514 0.780076
0 0.506791 0.375502 0.209275 0.234894 0.828588
0 0.510059 0.377948 0.198664 0.229154 0.76107
0 0.51001 0.373653 0.200353 0.227351 0.692979
0 0.510061 0.372928 0.207927 0.238311 0.779833
0 0.50921 0.370635 0.209857 0.243724 0.831418
0 0.50632 0.374423 0.19977 0.229979 0.777932
0 0.509776 0.367974 0.213635 0.250339 0.760111
0 0.50387 0.37102 0.209194 0.244472 0.828186
0 0.509507 0.373015 0.207377 0.241288 0.776293
0 0.505887 0.376357 0.200834 0.231811 0.803979
0 0.507692 0.379087 0.195373 0.229126 0.787228
0 0.507659 0.37289 0.203862 0.234447 0.77971
0 0.506051 0.377586 0.198239 0.231859 0.767997
0 0.506974 0.379807 0.198838 0.2276 0.792324
0 0.508294 0.375049 0.205972 0.234558 0.781793
0 0.50902 0.376514 0.197675 0.232123 0.787944
0 0.508568 0.376621 0.20198 0.231934 0.739281
0 0.507706 0.376329 0.195891 0.231203 0.811101
0 0.508447 0.375211 0.199465 0.230717 0.832322
0 0.506232 0.37051 0.198812 0.2335 0.820633
0 0.504354 0.377112 0.196462 0.22867 0.778777
0 0.50739 0.374634 0.194928 0.227063 0.78458
0 0.507415 0.372449 0.205516 0.238692 0.766109
0 0.507838 0.378504 0.19256 0.22532 0.770029
0 0.506875 0.373434 0.208702 0.238811 0.820395
0 0.507554 0.373289 0.204707 0.237005 0.7744
0 0.508538 0.369693 0.206781 0.241414 0.781473
0 0.505028 0.371962 0.204281 0.242886 0.773971
0 0.5084 0.37101 0.205635 0.239361 0.803871
0 0.507933 0.3707 0.202179 0.238839 0.76266
0 0.507742 0.370898 0.210588 0.242692 0.818138
0 0.504358 0.370251 0.207337 0.242433 0.807404
0 0.50996 0.373242 0.20025 0.231868 0.812991
0 0.511734 0.371477 0.203868 0.234635 0.82408
0 0.509825 0.370787 0.203465 0.241909 0.788448
0 0.511726 0.368974 0.209611 0.241889 0.822299
0 0.508136 0.373986 0.203162 0.23577 0.807402
0 0.508204 0.368854 0.208405 0.241582 0.852663
0 0.50681 0.372865 0.203791 0.235519 0.824091
0 0.50738 0.372553 0.202484 0.235297 0.798446
0 0.507736 0.369233 0.208679 0.23825 0.791407
0 0.506576 0.371442 0.203283 0.23735 0.836693
0 0.50773 0.372329 0.197591 0.236907 0.839263
0 0.507287 0.372284 0.201593 0.234191 0.819556
0 0.510171 0.370932 0.19746 0.235109 0.799947
0 0.508179 0.372934 0.205196 0.235776 0.819848
0 0.506178 0.370522 0.207688 0.238955 0.790176
0 0.506442 0.372264 0.203927 0.238414 0.809733
0 0.509345 0.372444 0.200096 0.233632 0.799311
0 0.507951 0.373159 0.200658 0.232213 0.792535
0 0.50904 0.371814 0.203832 0.235366 0.784922
0 0.505858 0.370517 0.202597 0.235797 0.835634
0 0.507054 0.370026 0.203125 0.235325 0.81862
0 0.508591 0.370157 0.206094 0.237064 0.829583
0 0.508397 0.371918 0.200078 0.233239 0.801744
0 0.508205 0.371023 0.203752 0.236419 0.813787
0 0.508029 0.373295 0.201057 0.232755 0.811407
0 0.50857 0.371303 0.201988 0.233249 0.825321
0 0.508788 0.371816 0.2036 0.234992 0.838689
0 0.510069 0.370103 0.202746 0.235783 0.806488
0 0.507976 0.372804 0.202292 0.232665 0.83981
0 0.506948 0.372174 0.200361 0.232782 0.825378
0 0.50759 0.37176 0.202476 0.233397 0.840122
0 0.507261 0.371953 0.20252 0.234129 0.826528
0 0.507604 0.372119 0.202366 0.234135 0.830149
0 0.507603 0.371751 0.202465 0.233387 0.839719
