0 0.691337 0.833658 0.345946 0.332685 0.637812
0 0.172702 0.293554 0.112914 0.123444 0.631393
0 0.155807 0.289636 0.148836 0.168479 0.636648
0 0.58368 0.346773 0.0986496 0.121451 0.620042
0 0.159053 0.284435 0.137549 0.170686 0.704408
0 0.155014 0.291109 0.156666 0.18332 0.628616
0 0.582903 0.343374 0.102873 0.121869 0.638184
0 0.583757 0.342749 0.110668 0.127539 0.716739
0 0.160299 0.292657 0.149202 0.176814 0.640536
0 0.581972 0.344626 0.0846052 0.104998 0.785649
0 0.160746 0.293001 0.143452 0.178479 0.614463
0 0.58555 0.343073 0.104695 0.118635 0.755687
0 0.156476 0.292243 0.14875 0.179729 0.614658
0 0.585693 0.3448 0.0988473 0.115186 0.663266
0 0.588287 0.347115 0.0983759 0.117712 0.797911
0 0.156497 0.295248 0.140808 0.16317 0.656891
0 0.58212 0.342419 0.0981538 0.120091 0.657428
0 0.159175 0.290588 0.136832 0.165799 0.613173
0 0.155504 0.292876 0.156096 0.18954 0.615665
0 0.586011 0.344758 0.100213 0.119386 0.854074
0 0.24046 0.334901 0.114018 0.130619 0.671978
0 0.160223 0.294956 0.139105 0.166916 0.651698
0 0.58607 0.345299 0.0978723 0.116608 0.665923
0 0.582572 0.345179 0.0957823 0.115822 0.699274
0 0.157672 0.292715 0.142419 0.177634 0.621401
0 0.240793 0.334341 0.109669 0.127608 0.613627
0 0.585382 0.343891 0.0999919 0.118742 0.705814
0 0.157988 0.286462 0.144558 0.17759 0.626669
0 0.239387 0.33292 0.1152 0.132219 0.615051
0 0.58247 0.344774 0.101548 0.118957 0.661729
0 0.236748 0.331858 0.11198 0.126455 0.623882
0 0.159216 0.295856 0.143527 0.171814 0.659178
0 0.584359 0.347429 0.0954146 0.111643 0.617895
0 0.583896 0.346972 0.101252 0.114109 0.698599
0 0.24153 0.335087 0.110685 0.128189 0.684057
0 0.584825 0.344085 0.0974015 0.113397 0.6931
0 0.584222 0.345499 0.102093 0.122912 0.658529
0 0.157095 0.297123 0.150568 0.183824 0.64257
0 0.236954 0.334723 0.116911 0.131247 0.604342
0 0.158074 0.294842 0.132911 0.166783 0.71915
0 0.583259 0.341808 0.100033 0.117814 0.711865
0 0.238632 0.334517 0.10915 0.130443 0.681757
0 0.237293 0.337378 0.116548 0.130774 0.715363
0 0.158514 0.29778 0.14267 0.171781 0.701735
0 0.583997 0.345534 0.103633 0.120382 0.680001
0 0.584616 0.347905 0.105492 0.122406 0.708307
0 0.237822 0.336578 0.111638 0.128666 0.681839
0 0.156112 0.294004 0.142559 0.178082 0.678278
0 0.585891 0.343415 0.0997982 0.116619 0.655936
0 0.237951 0.334243 0.109453 0.124775 0.629729
0 0.582998 0.346925 0.0994872 0.114228 0.607363
0 0.583483 0.34795 0.0986257 0.118294 0.62932
0 0.58442 0.346859 0.101644 0.114322 0.683307
0 0.236686 0.335476 0.11299 0.130445 0.682702
0 0.158742 0.296475 0.149942 0.184544 0.647317
0 0.747084 0.280505 0.159155 0.173257 0.642421
0 0.584265 0.345898 0.102048 0.118035 0.614459
0 0.585062 0.34484 0.10457 0.122702 0.618169
0 0.582364 0.3462 0.104992 0.120284 0.68608
0 0.155271 0.297341 0.140799 0.164804 0.612056
0 0.156152 0.297621 0.13376 0.156296 0.697319
0 0.586154 0.345939 0.0958787 0.115063 0.674817
0 0.584975 0.345943 0.0990075 0.11534 0.735797
0 0.159561 0.293196 0.134622 0.163843 0.679333
0 0.237789 0.333577 0.111992 0.131837 0.637697
0 0.581274 0.345759 0.102188 0.120802 0.670294
0 0.156729 0.296626 0.137924 0.16598 0.637947
0 0.234985 0.335269 0.112763 0.128336 0.617979
0 0.238048 0.335367 0.11102 0.129025 0.708475
0 0.160064 0.296237 0.129395 0.161299 0.705904
0 0.583384 0.348209 0.0990749 0.115654 0.699864
0 0.584155 0.345269 0.103196 0.120416 0.726074
0 0.236662 0.334721 0.109945 0.128245 0.680414
0 0.15731 0.295424 0.137678 0.169666 0.65901
0 0.736743 0.281597 0.139564 0.157701 0.601254
0 0.584721 0.348519 0.102678 0.120773 0.615314
0 0.584815 0.346999 0.106775 0.123775 0.675607
0 0.584789 0.346909 0.102457 0.117587 0.663485
0 0.235973 0.333983 0.112026 0.128548 0.612146
0 0.584023 0.343809 0.103391 0.119512 0.678224
0 0.156857 0.293972 0.132356 0.157722 0.620108
0 0.583185 0.34607 0.10219 0.116759 0.673529
0 0.583628 0.346379 0.10019 0.11751 0.754892
0 0.237053 0.332761 0.110429 0.128931 0.726665
0 0.155481 0.294757 0.139431 0.170346 0.636232
0 0.740024 0.27937 0.137224 0.152433 0.601344
0 0.583948 0.345526 0.103534 0.120689 0.658986
0 0.238479 0.332007 0.1082 0.125471 0.61846
0 0.585822 0.34554 0.0997042 0.115887 0.684552
0 0.236909 0.333735 0.112383 0.130932 0.680951
0 0.15461 0.29718 0.141856 0.176823 0.648658
0 0.744658 0.277496 0.146247 0.158974 0.60387
0 0.584359 0.345638 0.104753 0.12401 0.641909
0 0.237321 0.332701 0.11407 0.133902 0.611407
0 0.237653 0.331782 0.112499 0.131241 0.68848
0 0.58469 0.346617 0.102361 0.121756 0.671733
0 0.5844 0.344798 0.100059 0.117688 0.750512
0 0.238146 0.333969 0.110058 0.129203 0.695885
0 0.156267 0.296365 0.137861 0.166399 0.619742
0 0.23852 0.333014 0.111907 0.130652 0.702396
0 0.585717 0.344435 0.104497 0.120431 0.66563
0 0.156162 0.29671 0.137856 0.165513 0.662391
0 0.237833 0.335472 0.111023 0.125841 0.67673
0 0.582648 0.347038 0.104037 0.122638 0.630137
0 0.154905 0.297512 0.140314 0.167684 0.614329
0 0.743464 0.280147 0.147971 0.161749 0.611982
0 0.584295 0.344818 0.102355 0.118661 0.772221
0 0.239194 0.334806 0.109319 0.128772 0.761714
0 0.156298 0.296892 0.139466 0.167886 0.675477
0 0.585675 0.347826 0.102162 0.118002 0.729656
0 0.24035 0.335528 0.108252 0.126483 0.663089
0 0.239457 0.335586 0.10928 0.127593 0.743342
0 0.585102 0.346321 0.101057 0.117078 0.717483
0 0.155316 0.297777 0.136943 0.165995 0.653264
0 0.738986 0.278214 0.134176 0.151707 0.651924
0 0.239122 0.33602 0.111708 0.130225 0.714539
0 0.584102 0.348021 0.103287 0.119859 0.668635
0 0.154994 0.299005 0.139304 0.165947 0.622099
0 0.238742 0.334888 0.110385 0.128583 0.742201
0 0.584166 0.346831 0.101958 0.117031 0.70747
0 0.745238 0.277932 0.144039 0.155906 0.632227
0 0.156444 0.297885 0.142033 0.17062 0.611963
0 0.585606 0.347017 0.105003 0.121023 0.782
0 0.238731 0.333785 0.111537 0.131203 0.769983
0 0.74232 0.278489 0.144267 0.157384 0.711445
0 0.153543 0.300568 0.147316 0.179139 0.683674
0 0.584875 0.347171 0.104949 0.120773 0.765863
0 0.238145 0.333973 0.11146 0.12953 0.752366
0 0.15268 0.29903 0.147183 0.177247 0.651563
0 0.238455 0.334764 0.110605 0.128979 0.796706
0 0.586709 0.346013 0.104111 0.122 0.79473
0 0.154144 0.297788 0.149015 0.177565 0.734876
0 0.736036 0.279328 0.129111 0.14543 0.681885
0 0.238619 0.334708 0.111498 0.131122 0.671032
0 0.58522 0.347437 0.103623 0.12268 0.64656
0 0.585609 0.347249 0.105661 0.121872 0.731611
0 0.237806 0.33593 0.111675 0.12897 0.720229
0 0.152776 0.298765 0.146602 0.175467 0.657779
0 0.734711 0.279889 0.128869 0.145669 0.603272
0 0.586252 0.345602 0.103542 0.119998 0.725473
0 0.23705 0.334237 0.114498 0.132171 0.720454
0 0.156327 0.298616 0.141741 0.170356 0.602841
0 0.23856 0.335582 0.111932 0.130346 0.746554
0 0.58465 0.346215 0.102996 0.120257 0.735865
0 0.158107 0.29603 0.141191 0.170265 0.728785
0 0.237735 0.336246 0.111239 0.128786 0.772902
0 0.154681 0.296826 0.145189 0.176423 0.72747
0 0.584204 0.345584 0.102953 0.118722 0.706346
0 0.237624 0.334346 0.112792 0.131254 0.75054
0 0.585576 0.344936 0.101208 0.117705 0.732233
0 0.154421 0.29577 0.142602 0.173178 0.720713
0 0.238464 0.336854 0.110362 0.128146 0.706036
0 0.154415 0.297421 0.144027 0.172266 0.677247
0 0.583365 0.345848 0.102349 0.118816 0.676992
0 0.238881 0.337282 0.111617 0.128036 0.78993
0 0.155171 0.298524 0.147043 0.177236 0.712829
0 0.584891 0.345862 0.101064 0.117571 0.652609
0 0.740421 0.278413 0.141123 0.15415 0.605093
0 0.238124 0.336498 0.112083 0.128985 0.66697
0 0.153074 0.298565 0.146483 0.172466 0.62582
0 0.238795 0.337185 0.108756 0.126682 0.782848
0 0.585148 0.347093 0.10017 0.117304 0.724092
0 0.154846 0.299109 0.145831 0.173447 0.707199
0 0.238063 0.3346 0.113863 0.13299 0.723549
0 0.153241 0.299574 0.147994 0.177666 0.675074
0 0.585209 0.346198 0.10212 0.118938 0.662861
0 0.23821 0.336304 0.113726 0.13239 0.731599
0 0.153773 0.30033 0.146451 0.17457 0.685857
0 0.585425 0.346829 0.102627 0.120243 0.640556
0 0.239239 0.336697 0.110538 0.12817 0.725798
0 0.585414 0.346668 0.102023 0.119556 0.656879
0 0.154042 0.299376 0.147664 0.17726 0.63826
0 0.238922 0.336271 0.111228 0.129109 0.7889
0 0.153474 0.29834 0.14507 0.173547 0.723416
0 0.585884 0.34591 0.101715 0.118595 0.718249
0 0.734392 0.279001 0.126967 0.144956 0.686384
0 0.238784 0.337049 0.111796 0.128796 0.784229
0 0.153112 0.300334 0.145527 0.173234 0.726482
0 0.585727 0.346094 0.102512 0.120051 0.7156
0 0.735316 0.28016 0.128326 0.145701 0.682589
0 0.239039 0.336419 0.110428 0.128091 0.790204
0 0.153264 0.299672 0.147301 0.176196 0.720029
0 0.585135 0.345741 0.102441 0.119547 0.681365
0 0.735138 0.279499 0.128491 0.145571 0.677616
0 0.238916 0.336267 0.110439 0.128791 0.725352
0 0.154553 0.298887 0.145425 0.175015 0.669278
0 0.239612 0.33532 0.112558 0.13222 0.719507
0 0.736201 0.279953 0.130582 0.147981 0.654843
0 0.154448 0.299964 0.14513 0.17301 0.652489
0 0.238948 0.335422 0.112987 0.132667 0.732653
0 0.735668 0.280735 0.13138 0.15001 0.678279
0 0.153786 0.3003 0.148406 0.176776 0.664264
0 0.239627 0.334267 0.113448 0.13284 0.762774
0 0.735041 0.279677 0.131297 0.148749 0.701322
0 0.154736 0.298917 0.147289 0.176065 0.679073
0 0.585347 0.345812 0.102192 0.120017 0.643115
0 0.23972 0.334508 0.112762 0.132548 0.780799
0 0.154363 0.298708 0.146601 0.174894 0.69158
0 0.73484 0.280232 0.130606 0.148943 0.680989
0 0.585184 0.346221 0.102308 0.120726 0.667226
0 0.239656 0.334078 0.112049 0.132142 0.752946
0 0.155937 0.298304 0.144408 0.172373 0.644274
0 0.7353 0.279654 0.129788 0.147568 0.623181
0 0.238851 0.334734 0.112109 0.130797 0.769038
0 0.153856 0.29901 0.145665 0.17372 0.692834
0 0.734823 0.280428 0.129976 0.147714 0.668273
0 0.238961 0.334576 0.112446 0.13199 0.760137
0 0.155786 0.298894 0.144265 0.172877 0.695102
0 0.735395 0.279883 0.129989 0.148361 0.655571
0 0.23901 0.334357 0.112104 0.131379 0.783457
0 0.155572 0.2992 0.145116 0.172956 0.711805
0 0.735913 0.280121 0.129815 0.147841 0.674174
0 0.238745 0.334092 0.111626 0.130945 0.759053
0 0.155058 0.298817 0.143206 0.170971 0.67305
0 0.735378 0.279635 0.128226 0.145905 0.626096
0 0.239201 0.334629 0.111873 0.131332 0.771796
0 0.155638 0.298829 0.143474 0.171539 0.693476
0 0.735463 0.279852 0.128139 0.146028 0.63842
0 0.23901 0.334356 0.112105 0.13138 0.783049
0 0.155566 0.299189 0.145104 0.172962 0.711219
0 0.735919 0.28011 0.12982 0.147842 0.673736
