0 0.843262 0.439773 0.222292 0.260712 0.926965
0 0.468277 0.383212 0.206956 0.243096 0.90491
0 0.198171 0.401569 0.243467 0.282825 0.837333
0 0.226698 0.397392 0.216816 0.250504 0.989056
0 0.840304 0.429153 0.193762 0.218965 0.985154
0 0.371261 0.263717 0.186494 0.213257 0.977368
0 0.545899 0.22842 0.168509 0.184863 0.932157
0 0.231141 0.365149 0.191199 0.203397 0.930829
0 0.193313 0.383459 0.216048 0.231732 0.813721
0 0.473131 0.38318 0.202882 0.240743 0.811388
0 0.839592 0.465524 0.179554 0.221382 0.740465
0 0.629541 0.406553 0.173235 0.184887 0.715634
0 0.743128 0.302417 0.158404 0.173327 0.624806
0 0.840577 0.434694 0.219446 0.249926 0.69585
0 0.538311 0.230134 0.128701 0.16475 0.666255
0 0.728287 0.301992 0.121786 0.148011 0.619033
0 0.545196 0.229609 0.12117 0.144982 0.952914
0 0.84675 0.439611 0.164304 0.187039 0.935596
0 0.737993 0.309208 0.124146 0.143835 0.880659
0 0.480137 0.385074 0.190631 0.205714 0.853427
0 0.224862 0.394321 0.238231 0.277758 0.699136
0 0.731131 0.30467 0.131304 0.158489 0.806476
0 0.541684 0.231732 0.130579 0.160123 0.758694
0 0.835225 0.438843 0.19042 0.222742 0.752263
0 0.459502 0.388324 0.173251 0.205999 0.731938
0 0.734703 0.301171 0.135854 0.169405 0.889937
0 0.468795 0.382368 0.190099 0.220481 0.883738
0 0.546043 0.229521 0.143371 0.170458 0.849981
0 0.846758 0.435572 0.189097 0.225614 0.75538
0 0.466357 0.388738 0.182984 0.210979 0.909436
0 0.732579 0.308353 0.138537 0.168057 0.872945
0 0.548289 0.23402 0.140825 0.167194 0.871435
0 0.840679 0.444427 0.193105 0.230877 0.863269
0 0.357023 0.275015 0.188258 0.229433 0.665546
0 0.548566 0.232519 0.145524 0.171082 0.778
0 0.469893 0.378782 0.193848 0.223935 0.753975
0 0.736794 0.305639 0.146029 0.170279 0.752281
0 0.841418 0.435003 0.200581 0.235259 0.675959
0 0.735068 0.310389 0.150303 0.175448 0.805584
0 0.839414 0.438782 0.194312 0.231409 0.745659
0 0.547933 0.234889 0.150675 0.176308 0.728158
0 0.47231 0.386363 0.186989 0.220161 0.713509
0 0.223501 0.410877 0.262711 0.299954 0.600986
0 0.838795 0.439774 0.186448 0.2234 0.828516
0 0.469169 0.391968 0.196022 0.229475 0.822335
0 0.733995 0.307094 0.153941 0.181546 0.778244
0 0.547127 0.235307 0.152308 0.182121 0.773116
0 0.355859 0.2681 0.199571 0.238405 0.710155
0 0.21316 0.403436 0.233611 0.277902 0.655508
0 0.621144 0.418506 0.154181 0.190085 0.607286
0 0.465391 0.389187 0.183187 0.215799 0.845711
0 0.73246 0.307013 0.143409 0.165321 0.815667
0 0.838848 0.436942 0.189399 0.224624 0.805344
0 0.545194 0.235864 0.149283 0.172629 0.757972
0 0.357527 0.269864 0.195153 0.231954 0.750733
0 0.202552 0.411906 0.253691 0.295076 0.614284
0 0.461697 0.385749 0.190281 0.217693 0.890366
0 0.834057 0.438029 0.19661 0.227771 0.88306
0 0.731065 0.306736 0.152994 0.172419 0.860905
0 0.540959 0.234383 0.156586 0.181209 0.821947
0 0.216936 0.400009 0.256503 0.299829 0.816707
0 0.348488 0.267488 0.204366 0.239551 0.777729
0 0.841018 0.437119 0.183971 0.214896 0.803322
0 0.730859 0.308954 0.135303 0.157764 0.779356
0 0.468478 0.389819 0.171104 0.197141 0.760054
0 0.207297 0.401013 0.263816 0.30233 0.720968
0 0.540341 0.235393 0.14025 0.164051 0.706199
0 0.358272 0.269774 0.195811 0.234415 0.665605
0 0.838055 0.438009 0.199124 0.231405 0.804948
0 0.732987 0.312693 0.156372 0.183078 0.777527
0 0.469287 0.384103 0.193192 0.225203 0.765929
0 0.545247 0.23462 0.157977 0.182967 0.750793
0 0.353193 0.271137 0.203855 0.230392 0.647109
0 0.470083 0.388252 0.186935 0.215273 0.817492
0 0.841305 0.437889 0.187124 0.213755 0.80893
0 0.735989 0.310408 0.149677 0.175023 0.771677
0 0.546257 0.236272 0.154479 0.18266 0.759777
0 0.209879 0.406221 0.241407 0.283556 0.709712
0 0.731878 0.308696 0.158703 0.184538 0.859034
0 0.840645 0.438157 0.196439 0.228343 0.825565
0 0.470263 0.382432 0.186213 0.21824 0.814257
0 0.546858 0.235222 0.154563 0.181045 0.781323
0 0.359883 0.267881 0.203809 0.236411 0.716246
0 0.203925 0.413933 0.266006 0.303722 0.685403
0 0.471586 0.386166 0.182696 0.216048 0.849547
0 0.73072 0.311073 0.158971 0.181964 0.848726
0 0.840495 0.438067 0.188313 0.218247 0.81492
0 0.546058 0.237087 0.151978 0.181334 0.805902
0 0.210382 0.412647 0.251202 0.293651 0.799197
0 0.356199 0.265275 0.200653 0.231108 0.752977
0 0.839298 0.438946 0.185655 0.215832 0.790963
0 0.467547 0.386708 0.177502 0.206895 0.786823
0 0.733256 0.309268 0.150858 0.176713 0.75396
0 0.540962 0.236111 0.152667 0.179357 0.716416
0 0.21091 0.414863 0.247839 0.286399 0.673733
0 0.359176 0.273167 0.197211 0.227014 0.6487
0 0.841031 0.440863 0.195917 0.221582 0.888992
0 0.467236 0.39054 0.193647 0.22261 0.847765
0 0.544718 0.236598 0.15353 0.181515 0.84656
0 0.212615 0.410898 0.257867 0.290607 0.828341
0 0.737057 0.311258 0.154787 0.1777 0.816136
0 0.359272 0.274971 0.201089 0.227936 0.740566
0 0.621235 0.42154 0.178447 0.210136 0.733321
0 0.46358 0.388259 0.174415 0.207723 0.831358
0 0.840581 0.443663 0.191819 0.225064 0.80691
0 0.732067 0.310994 0.152382 0.179064 0.771609
0 0.544901 0.232939 0.156378 0.18177 0.724595
0 0.204666 0.409219 0.25751 0.301311 0.658543
0 0.358823 0.275261 0.186333 0.224622 0.647132
0 0.466029 0.38332 0.185193 0.21569 0.747077
0 0.839713 0.437513 0.194014 0.226799 0.732748
0 0.729909 0.308348 0.162148 0.184545 0.707804
0 0.537753 0.23462 0.159379 0.183881 0.690162
0 0.203794 0.408629 0.26854 0.312687 0.659342
0 0.355798 0.269129 0.198834 0.231307 0.632692
0 0.471218 0.384499 0.179418 0.209874 0.817996
0 0.209866 0.406132 0.259023 0.295749 0.78808
0 0.842251 0.438759 0.192441 0.221473 0.765568
0 0.542746 0.23328 0.156237 0.182563 0.757058
0 0.737924 0.310897 0.149207 0.174207 0.74808
0 0.355511 0.264738 0.210693 0.24237 0.670992
0 0.618609 0.422972 0.174016 0.207315 0.64869
0 0.840915 0.439079 0.191271 0.218608 0.861884
0 0.46905 0.387793 0.18308 0.2096 0.851744
0 0.737455 0.310089 0.144653 0.170923 0.847898
0 0.542675 0.238974 0.152188 0.179194 0.816468
0 0.211021 0.410448 0.234528 0.266962 0.794887
0 0.356339 0.272821 0.194148 0.225164 0.740808
0 0.733468 0.310125 0.149769 0.173748 0.855354
0 0.54182 0.236485 0.153466 0.17815 0.807449
0 0.468992 0.38715 0.184218 0.217178 0.795212
0 0.206413 0.417667 0.247364 0.291068 0.779107
0 0.84129 0.440786 0.193496 0.223275 0.762826
0 0.352715 0.269037 0.204896 0.238842 0.748027
0 0.611831 0.424636 0.176984 0.210296 0.620114
0 0.731961 0.310691 0.154622 0.179216 0.858147
0 0.835398 0.435267 0.195604 0.224711 0.854097
0 0.464276 0.385098 0.182644 0.211462 0.84949
0 0.537644 0.234742 0.152503 0.177732 0.80238
0 0.206325 0.40779 0.252725 0.282476 0.800544
0 0.354399 0.262971 0.202754 0.235018 0.761996
0 0.610056 0.422586 0.178913 0.209403 0.726619
0 0.202423 0.404178 0.253816 0.290392 0.899526
0 0.844672 0.435407 0.191262 0.224783 0.883836
0 0.470337 0.385399 0.184417 0.217855 0.874997
0 0.733384 0.309381 0.157341 0.183884 0.833079
0 0.545154 0.236905 0.156587 0.18079 0.817419
0 0.357895 0.265786 0.196296 0.232012 0.816477
0 0.620017 0.42004 0.18319 0.218565 0.661517
0 0.729774 0.311215 0.15971 0.184467 0.866597
0 0.838628 0.435402 0.200047 0.23281 0.86309
0 0.538785 0.237031 0.155718 0.17924 0.845309
0 0.466649 0.386801 0.183881 0.210229 0.840741
0 0.200072 0.410664 0.262219 0.294291 0.809132
0 0.351026 0.263437 0.203805 0.242707 0.797557
0 0.613686 0.425843 0.175996 0.203864 0.664384
0 0.839101 0.437172 0.19797 0.225872 0.906287
0 0.467262 0.388562 0.190034 0.216044 0.857026
0 0.544155 0.23736 0.155322 0.178865 0.851803
0 0.731855 0.313523 0.154719 0.175439 0.848746
0 0.200656 0.417954 0.259294 0.294872 0.82078
0 0.355213 0.269761 0.200479 0.237468 0.772492
0 0.616372 0.425364 0.173322 0.197727 0.611776
0 0.733301 0.31237 0.157582 0.177706 0.843175
0 0.466487 0.388694 0.179895 0.207937 0.814131
0 0.839181 0.437367 0.193506 0.226707 0.805821
0 0.541935 0.238529 0.155946 0.177309 0.773269
0 0.202327 0.406952 0.245804 0.287003 0.756326
0 0.356549 0.26477 0.198358 0.234195 0.628181
0 0.840585 0.438087 0.193429 0.223752 0.833985
0 0.467799 0.389401 0.184547 0.21619 0.789218
0 0.20592 0.409429 0.249413 0.278684 0.745798
0 0.732215 0.311905 0.147139 0.17213 0.725256
0 0.54472 0.236349 0.148793 0.177198 0.716123
0 0.356913 0.270273 0.195324 0.231825 0.667304
0 0.840696 0.433309 0.197697 0.228526 0.806686
0 0.469933 0.384296 0.184597 0.214892 0.798745
0 0.201437 0.40638 0.253163 0.29545 0.772605
0 0.733522 0.310542 0.152106 0.176521 0.760589
0 0.543994 0.233782 0.15654 0.181873 0.726326
0 0.354076 0.261944 0.202613 0.239904 0.720388
0 0.842321 0.436603 0.195635 0.223768 0.886286
0 0.731331 0.30834 0.15601 0.177435 0.840085
0 0.542665 0.234041 0.15231 0.176038 0.836712
0 0.465845 0.384681 0.192182 0.220707 0.835155
0 0.202271 0.408943 0.268321 0.304738 0.816519
0 0.356616 0.265724 0.203388 0.236487 0.784985
0 0.617327 0.421683 0.185319 0.216911 0.672168
0 0.84067 0.437144 0.20017 0.23357 0.866818
0 0.467115 0.389738 0.193232 0.222648 0.826528
0 0.731231 0.313497 0.15832 0.184219 0.825982
0 0.543401 0.238014 0.153496 0.180501 0.797601
0 0.354877 0.266735 0.199796 0.239618 0.783146
0 0.198652 0.406872 0.26886 0.30471 0.778248
0 0.61888 0.423187 0.173393 0.207354 0.627137
0 0.842223 0.437344 0.194876 0.224352 0.866217
0 0.468095 0.386986 0.183428 0.214019 0.86345
0 0.732428 0.313813 0.156378 0.179768 0.827529
0 0.201264 0.409656 0.251612 0.292173 0.818914
0 0.543925 0.236091 0.150779 0.180628 0.81664
0 0.355381 0.265832 0.20088 0.239807 0.768826
0 0.731116 0.311225 0.155362 0.179202 0.872231
0 0.46715 0.392717 0.175762 0.201726 0.863817
0 0.83506 0.437566 0.200119 0.231599 0.855447
0 0.546119 0.23985 0.1496 0.176795 0.846121
0 0.351055 0.267926 0.205159 0.242967 0.77421
0 0.197252 0.410014 0.259172 0.289628 0.690551
0 0.843216 0.436735 0.199308 0.226972 0.826264
0 0.472016 0.386225 0.190696 0.218335 0.801001
0 0.736025 0.307453 0.161803 0.187221 0.794123
0 0.546058 0.232665 0.156683 0.182806 0.774098
0 0.211873 0.40705 0.251695 0.292764 0.744493
0 0.355068 0.263032 0.195881 0.229551 0.681652
0 0.839887 0.432787 0.193539 0.22566 0.776226
0 0.470704 0.383782 0.185485 0.213259 0.762008
0 0.544814 0.234357 0.150202 0.17443 0.707432
0 0.733955 0.308344 0.155577 0.178653 0.70607
0 0.203094 0.402972 0.256989 0.293704 0.70151
0 0.354251 0.263895 0.201998 0.236184 0.676835
0 0.839633 0.438344 0.191723 0.220579 0.881067
0 0.46928 0.387837 0.182296 0.209918 0.855706
0 0.731271 0.311306 0.156769 0.17916 0.840823
0 0.54194 0.237711 0.150054 0.176005 0.816266
0 0.207331 0.406965 0.248049 0.282441 0.797638
0 0.353708 0.264999 0.19577 0.230014 0.76388
0 0.84102 0.434835 0.192251 0.22167 0.890769
0 0.732704 0.309322 0.156974 0.178406 0.880784
0 0.470195 0.383306 0.187358 0.217837 0.865625
0 0.544606 0.235294 0.150849 0.175702 0.859428
0 0.214036 0.410619 0.245239 0.284658 0.849939
0 0.35509 0.266331 0.193855 0.22923 0.777165
0 0.841402 0.436518 0.195434 0.223824 0.862228
0 0.468575 0.385434 0.184487 0.211195 0.813649
0 0.203935 0.409265 0.259966 0.293175 0.813558
0 0.731526 0.311976 0.152059 0.175399 0.781301
0 0.35181 0.264852 0.203323 0.236534 0.769935
0 0.543682 0.237796 0.149675 0.175827 0.749217
0 0.620103 0.417515 0.171002 0.199968 0.62633
0 0.841678 0.438615 0.19463 0.225108 0.854245
0 0.208006 0.41366 0.260166 0.29722 0.80794
0 0.732542 0.312702 0.15036 0.174143 0.799552
0 0.469578 0.38845 0.185223 0.214837 0.783955
0 0.545594 0.237283 0.152433 0.178229 0.760492
0 0.355395 0.269018 0.197609 0.23418 0.753429
0 0.840077 0.432726 0.190159 0.224137 0.896806
0 0.467414 0.385007 0.183371 0.210709 0.873597
0 0.202711 0.406217 0.247972 0.280229 0.851236
0 0.732868 0.308705 0.15488 0.17873 0.848561
0 0.544438 0.232873 0.153295 0.181614 0.83813
0 0.353036 0.264609 0.191065 0.230562 0.804675
0 0.615863 0.418294 0.17674 0.210099 0.64025
0 0.84197 0.434524 0.19231 0.22368 0.845075
0 0.200349 0.407808 0.253285 0.292796 0.839017
0 0.730366 0.309779 0.159912 0.185872 0.829863
0 0.467468 0.387159 0.185478 0.213688 0.829271
0 0.541006 0.235113 0.154055 0.178982 0.769016
0 0.348746 0.265862 0.200508 0.241075 0.734862
0 0.841271 0.438301 0.194111 0.223727 0.885058
0 0.468166 0.389394 0.184141 0.209998 0.861185
0 0.732636 0.310185 0.156826 0.183229 0.858555
0 0.544499 0.236585 0.150933 0.17644 0.831429
0 0.202731 0.410244 0.258602 0.292461 0.819043
0 0.349067 0.265287 0.203339 0.239412 0.753217
0 0.8463 0.434962 0.186631 0.220281 0.895037
0 0.471223 0.387159 0.181019 0.212178 0.871495
0 0.732704 0.310654 0.15062 0.175753 0.844616
0 0.544194 0.236864 0.146077 0.171378 0.838989
0 0.21082 0.415349 0.254031 0.292652 0.804717
0 0.354094 0.263589 0.192596 0.229915 0.779468
0 0.840303 0.431447 0.195074 0.224733 0.869145
0 0.468505 0.383919 0.179505 0.205032 0.841885
0 0.730528 0.309775 0.148631 0.171658 0.817494
0 0.545315 0.234482 0.149793 0.172458 0.816365
0 0.204706 0.409491 0.251964 0.285138 0.777404
0 0.355111 0.260598 0.193752 0.22691 0.724359
0 0.838125 0.433406 0.1933 0.223945 0.878811
0 0.205807 0.410158 0.241151 0.274439 0.857637
0 0.545143 0.235112 0.14904 0.173503 0.85089
0 0.468749 0.38667 0.185169 0.212624 0.846073
0 0.73279 0.310417 0.155659 0.177523 0.821942
0 0.353539 0.26554 0.196864 0.229355 0.714013
0 0.840463 0.438198 0.184957 0.216633 0.882514
0 0.732003 0.313554 0.151673 0.17712 0.845803
0 0.466488 0.38994 0.18471 0.212423 0.837961
0 0.203068 0.412283 0.248988 0.280798 0.83723
0 0.54517 0.238866 0.147589 0.173382 0.828773
0 0.354861 0.27119 0.187927 0.226916 0.746981
0 0.840634 0.441544 0.189712 0.214832 0.886651
0 0.731525 0.313039 0.1546 0.177624 0.867014
0 0.46695 0.389724 0.18714 0.213451 0.861238
0 0.54342 0.237511 0.151214 0.1749 0.855051
0 0.209037 0.41821 0.255899 0.290133 0.831217
0 0.357125 0.26961 0.195619 0.227598 0.751292
0 0.838663 0.439695 0.190163 0.217582 0.874258
0 0.466548 0.388605 0.185309 0.215814 0.869023
0 0.206908 0.41669 0.251195 0.287629 0.840969
0 0.729406 0.312232 0.152648 0.180573 0.828427
0 0.541448 0.23791 0.152082 0.17927 0.812953
0 0.354959 0.27076 0.195932 0.231673 0.730098
0 0.841559 0.439383 0.195563 0.223481 0.823857
0 0.467421 0.390959 0.184811 0.211007 0.819724
0 0.208241 0.4099 0.254999 0.288597 0.811637
0 0.731279 0.313585 0.155323 0.177039 0.792176
0 0.54429 0.238107 0.154817 0.179903 0.770456
0 0.352329 0.268437 0.203985 0.236355 0.726583
0 0.8422 0.4374 0.192197 0.222024 0.873595
0 0.468184 0.389415 0.186099 0.212274 0.869193
0 0.203291 0.413976 0.257236 0.290336 0.850901
0 0.729021 0.311873 0.153414 0.178109 0.841281
0 0.542291 0.235252 0.148679 0.174513 0.817967
0 0.352711 0.266799 0.196378 0.23161 0.768695
0 0.46783 0.387677 0.181977 0.209992 0.889522
0 0.54282 0.235153 0.149885 0.17358 0.887381
0 0.731328 0.310235 0.1559 0.181865 0.881786
0 0.84117 0.43515 0.191747 0.222443 0.872404
0 0.203038 0.414417 0.259245 0.294126 0.862174
0 0.35303 0.265703 0.197323 0.231122 0.798141
0 0.841168 0.434062 0.19072 0.220838 0.890083
0 0.468651 0.387403 0.18556 0.214325 0.883591
0 0.207783 0.409426 0.250341 0.286195 0.848346
0 0.731576 0.311046 0.157774 0.182437 0.842187
0 0.545162 0.236172 0.149336 0.17276 0.83788
0 0.355803 0.266325 0.19448 0.228632 0.795779
0 0.840976 0.438065 0.188349 0.218178 0.870814
0 0.468327 0.390618 0.185967 0.217846 0.862676
0 0.210468 0.415934 0.253965 0.29039 0.86183
0 0.731965 0.313318 0.152886 0.175974 0.844329
0 0.542845 0.237242 0.149156 0.174606 0.818505
0 0.354545 0.26976 0.191472 0.226932 0.776288
0 0.841768 0.436336 0.190773 0.220275 0.885463
0 0.469626 0.38816 0.186211 0.215019 0.874985
0 0.543839 0.237365 0.146222 0.171476 0.872984
0 0.732338 0.311211 0.15329 0.177629 0.859665
0 0.212059 0.411882 0.250737 0.287042 0.831151
0 0.354766 0.268669 0.194694 0.228761 0.773067
0 0.843335 0.433243 0.197218 0.229458 0.833171
0 0.469126 0.386685 0.189125 0.218105 0.827255
0 0.54311 0.235343 0.151942 0.179639 0.814644
0 0.20966 0.410106 0.250629 0.287839 0.801073
0 0.731727 0.311189 0.15794 0.182241 0.789208
0 0.355622 0.264539 0.2009 0.235148 0.690325
0 0.840085 0.437916 0.19112 0.220073 0.86417
0 0.466762 0.388803 0.182361 0.211931 0.856361
0 0.209477 0.412248 0.246725 0.283521 0.815408
0 0.543527 0.237249 0.147867 0.173034 0.814303
0 0.730224 0.313273 0.151572 0.177032 0.80936
0 0.351649 0.268401 0.197137 0.232724 0.764061
0 0.468663 0.388443 0.187311 0.215666 0.896739
0 0.841032 0.437107 0.196112 0.22688 0.896096
0 0.731557 0.31014 0.158864 0.185613 0.868841
0 0.542377 0.237863 0.153237 0.179607 0.863864
0 0.206821 0.413824 0.250835 0.288013 0.834082
0 0.352649 0.268517 0.20116 0.236366 0.815361
0 0.843425 0.433613 0.19991 0.228479 0.846584
0 0.468714 0.387874 0.186022 0.214903 0.827521
0 0.206793 0.413823 0.251789 0.291336 0.797841
0 0.731164 0.308936 0.158016 0.184083 0.797767
0 0.544074 0.236459 0.151218 0.175887 0.791017
0 0.352888 0.267424 0.198031 0.233024 0.774413
0 0.84137 0.432568 0.192716 0.224751 0.858611
0 0.469853 0.386647 0.184506 0.211243 0.857154
0 0.207369 0.411099 0.253297 0.2921 0.843372
0 0.541779 0.234202 0.152835 0.178102 0.833752
0 0.730125 0.307932 0.15993 0.187131 0.827196
0 0.3501 0.265576 0.20191 0.236181 0.79518
0 0.609948 0.41535 0.172357 0.203329 0.627537
0 0.840586 0.439424 0.191363 0.225282 0.864653
0 0.206743 0.4148 0.257842 0.299194 0.861929
0 0.468337 0.391734 0.189443 0.217601 0.846797
0 0.730901 0.311718 0.154766 0.180014 0.833969
0 0.544071 0.238906 0.151193 0.17918 0.827363
0 0.35243 0.269706 0.206424 0.24297 0.744071
0 0.845088 0.436221 0.190426 0.221289 0.892086
0 0.471724 0.390749 0.185148 0.214327 0.872572
0 0.206482 0.412879 0.250096 0.288536 0.861933
0 0.730961 0.31079 0.155561 0.177482 0.843559
0 0.544988 0.237095 0.149891 0.174838 0.814291
0 0.35476 0.267727 0.197536 0.231652 0.798185
0 0.845974 0.434728 0.187289 0.219936 0.849563
0 0.468803 0.388218 0.184928 0.215418 0.837696
0 0.205289 0.413321 0.253573 0.28764 0.825188
0 0.54234 0.235303 0.14831 0.173282 0.805265
0 0.729177 0.310977 0.149616 0.174295 0.793324
0 0.354088 0.265304 0.200793 0.2364 0.750007
0 0.843529 0.436455 0.192612 0.221558 0.896373
0 0.469093 0.387961 0.187718 0.217864 0.874425
0 0.203774 0.411636 0.25269 0.292473 0.85163
0 0.544127 0.236961 0.147844 0.175452 0.84699
0 0.731945 0.310126 0.156186 0.183305 0.838194
0 0.351761 0.268377 0.196731 0.231787 0.773982
0 0.843287 0.434578 0.191763 0.223593 0.891324
0 0.469963 0.38807 0.18597 0.21821 0.875222
0 0.208482 0.412476 0.250751 0.287808 0.839972
0 0.543854 0.236849 0.146863 0.17298 0.830589
0 0.73057 0.309892 0.155585 0.183384 0.828876
0 0.352436 0.265297 0.196682 0.230223 0.800099
0 0.840678 0.436812 0.191811 0.22344 0.886279
0 0.471123 0.389936 0.182387 0.212103 0.872197
0 0.212703 0.415139 0.247056 0.28605 0.846339
0 0.543292 0.238137 0.146982 0.175698 0.836899
0 0.730673 0.313385 0.154363 0.17748 0.827436
0 0.353277 0.26541 0.196176 0.232651 0.790464
0 0.843828 0.43622 0.190695 0.220202 0.886038
0 0.469081 0.389716 0.183688 0.209415 0.875399
0 0.544038 0.236831 0.147046 0.172951 0.849177
0 0.210122 0.41182 0.249612 0.287456 0.849068
0 0.73099 0.311544 0.154425 0.176538 0.834064
0 0.35201 0.267219 0.192576 0.227915 0.798594
0 0.841707 0.437059 0.190419 0.223436 0.877792
0 0.468328 0.389904 0.187253 0.214783 0.863198
0 0.543259 0.23789 0.14922 0.176422 0.862197
0 0.729402 0.311848 0.154248 0.177345 0.838687
0 0.207244 0.412082 0.25118 0.295776 0.821659
0 0.353298 0.266723 0.191847 0.228989 0.787752
0 0.843969 0.441189 0.193259 0.222711 0.907786
0 0.47241 0.389703 0.185961 0.219744 0.888836
0 0.206412 0.41263 0.251013 0.290592 0.86902
0 0.543539 0.238034 0.152114 0.17983 0.863613
0 0.729677 0.310479 0.155399 0.183112 0.860958
0 0.351884 0.268412 0.196637 0.23343 0.827619
0 0.84212 0.44062 0.191334 0.221108 0.876281
0 0.541912 0.238677 0.154396 0.178579 0.863183
0 0.730062 0.311544 0.159189 0.182402 0.862693
0 0.466456 0.390893 0.188524 0.216547 0.862499
0 0.203714 0.413698 0.25579 0.291913 0.858446
0 0.35092 0.269274 0.201341 0.235838 0.782881
0 0.543828 0.23512 0.153358 0.18018 0.909281
0 0.844696 0.433299 0.194184 0.225687 0.902149
0 0.470397 0.386967 0.186847 0.216433 0.898759
0 0.730784 0.309552 0.159375 0.182555 0.898519
0 0.209775 0.407832 0.253664 0.296484 0.86617
0 0.352252 0.263042 0.20032 0.233313 0.815072
0 0.841038 0.43708 0.19243 0.222208 0.896723
0 0.467556 0.391683 0.186894 0.21507 0.879716
0 0.542719 0.23815 0.150418 0.176415 0.850842
0 0.729895 0.310575 0.157056 0.181118 0.83612
0 0.203651 0.412919 0.257578 0.303836 0.824084
0 0.352051 0.26719 0.198334 0.234183 0.806754
0 0.841088 0.437161 0.189169 0.221253 0.87939
0 0.468102 0.389437 0.188586 0.216985 0.864855
0 0.543711 0.23724 0.149823 0.176268 0.837907
0 0.730016 0.310271 0.157266 0.182406 0.827184
0 0.204122 0.415772 0.251233 0.295674 0.818034
0 0.350771 0.267281 0.198738 0.233583 0.788689
0 0.842038 0.435269 0.191671 0.222715 0.883203
0 0.468137 0.388454 0.180868 0.210867 0.866439
0 0.543031 0.235762 0.146558 0.171281 0.852381
0 0.207536 0.412173 0.24908 0.290101 0.843161
0 0.73104 0.310712 0.154686 0.175847 0.813082
0 0.351229 0.266475 0.200485 0.235591 0.783539
0 0.843863 0.435788 0.19192 0.221618 0.913047
0 0.468656 0.387024 0.188056 0.216187 0.911951
0 0.208693 0.410618 0.257005 0.298399 0.891972
0 0.544362 0.235272 0.150306 0.174495 0.888832
0 0.731508 0.309208 0.158865 0.184313 0.880532
0 0.354543 0.264804 0.197749 0.23343 0.847065
0 0.842716 0.435049 0.189056 0.221439 0.897368
0 0.468488 0.386892 0.185606 0.216882 0.892039
0 0.54255 0.235758 0.149681 0.175412 0.886322
0 0.731431 0.308833 0.158144 0.185368 0.882377
0 0.208517 0.411828 0.256784 0.297961 0.862883
0 0.35224 0.264922 0.199954 0.234116 0.81354
0 0.467259 0.385793 0.18802 0.214855 0.884949
0 0.843366 0.433043 0.192836 0.224224 0.882328
0 0.730812 0.308514 0.157223 0.182809 0.857037
0 0.543234 0.23398 0.150759 0.175407 0.855811
0 0.20269 0.407654 0.256239 0.297273 0.829333
0 0.350808 0.264085 0.199287 0.231459 0.809001
0 0.469312 0.386987 0.18516 0.214875 0.883419
0 0.846095 0.432905 0.189353 0.222359 0.864435
0 0.206762 0.409833 0.260339 0.299883 0.842938
0 0.731169 0.308627 0.155013 0.180991 0.832358
0 0.543636 0.234841 0.148229 0.173671 0.815012
0 0.355074 0.265223 0.200962 0.236803 0.772689
0 0.843382 0.434338 0.193939 0.225445 0.900246
0 0.732275 0.310439 0.15936 0.183961 0.889454
0 0.468244 0.388902 0.18693 0.214116 0.888815
0 0.543614 0.237951 0.153003 0.178087 0.871102
0 0.208672 0.4098 0.253946 0.298989 0.854889
0 0.353515 0.265943 0.199082 0.233142 0.824864
0 0.841112 0.435301 0.192894 0.221924 0.860766
0 0.468332 0.387688 0.186898 0.214195 0.855488
0 0.207168 0.413439 0.252052 0.287975 0.836118
0 0.732522 0.310702 0.158919 0.181226 0.803651
0 0.543133 0.236458 0.150676 0.175968 0.794736
0 0.352626 0.268118 0.2015 0.234106 0.7935
0 0.841697 0.436299 0.192905 0.225729 0.88545
0 0.468201 0.39021 0.18762 0.218625 0.882485
0 0.731465 0.310072 0.15644 0.182741 0.868375
0 0.543634 0.237605 0.149044 0.175958 0.856255
0 0.205567 0.410179 0.256931 0.305671 0.849234
0 0.352564 0.268037 0.200392 0.235661 0.805819
0 0.467771 0.38925 0.188541 0.218338 0.883257
0 0.844693 0.436392 0.193526 0.224864 0.864217
0 0.205841 0.408628 0.254192 0.296237 0.850975
0 0.731498 0.308845 0.158247 0.18392 0.835766
0 0.542609 0.236876 0.150628 0.175443 0.819375
0 0.352282 0.267711 0.200029 0.236153 0.810147
0 0.845129 0.438619 0.18819 0.219307 0.873397
0 0.471319 0.388805 0.18462 0.214188 0.868725
0 0.206713 0.412534 0.256742 0.297886 0.853139
0 0.73124 0.310025 0.158136 0.18459 0.8427
0 0.543351 0.238047 0.14895 0.176062 0.823446
0 0.352891 0.267473 0.201289 0.23532 0.774574
0 0.46972 0.389368 0.189007 0.217536 0.877819
0 0.844253 0.436023 0.189859 0.223247 0.863034
0 0.731262 0.309586 0.159281 0.185622 0.862875
0 0.203548 0.40966 0.253856 0.291919 0.843741
0 0.542934 0.238159 0.151184 0.177432 0.842194
0 0.351192 0.265795 0.199725 0.234394 0.781932
0 0.468855 0.387998 0.187472 0.215887 0.893257
0 0.843117 0.435306 0.185269 0.220658 0.883546
0 0.204646 0.409871 0.252578 0.292548 0.86621
0 0.542575 0.237431 0.149168 0.174364 0.859754
0 0.731298 0.309546 0.157678 0.182446 0.859741
0 0.351992 0.266433 0.196615 0.230469 0.804721
0 0.469741 0.3885 0.185311 0.21503 0.888382
0 0.839449 0.435709 0.188127 0.221126 0.875416
0 0.206446 0.411988 0.252132 0.29187 0.861726
0 0.542742 0.2381 0.148061 0.173665 0.856593
0 0.731275 0.310867 0.157449 0.179137 0.849035
0 0.351464 0.267235 0.196485 0.231303 0.818548
0 0.467813 0.388242 0.190531 0.219036 0.899757
0 0.543096 0.238216 0.150394 0.176625 0.887875
0 0.838416 0.434257 0.18765 0.225552 0.879984
0 0.203554 0.411034 0.255048 0.293263 0.866802
0 0.730864 0.310308 0.158221 0.181485 0.866741
0 0.351447 0.267624 0.201977 0.236724 0.80556
0 0.469535 0.390344 0.187742 0.217409 0.886642
0 0.842747 0.436918 0.184998 0.222018 0.866127
0 0.205653 0.413852 0.256405 0.29795 0.847041
0 0.543218 0.237542 0.148648 0.174413 0.844997
0 0.730767 0.310508 0.15631 0.17953 0.841924
0 0.352386 0.269488 0.200753 0.237706 0.781543
0 0.843553 0.435335 0.194248 0.227342 0.902869
0 0.468979 0.389376 0.190475 0.221572 0.8998
0 0.207125 0.408537 0.254859 0.294619 0.882666
0 0.730576 0.310708 0.156945 0.180259 0.866794
0 0.542785 0.238094 0.149338 0.175307 0.860975
0 0.351507 0.267537 0.199779 0.234861 0.823277
0 0.8427 0.437896 0.191398 0.221234 0.903183
0 0.467909 0.3903 0.187414 0.218382 0.894256
0 0.206817 0.411236 0.256735 0.298847 0.873751
0 0.731552 0.311138 0.157049 0.182542 0.860682
0 0.543136 0.239602 0.149048 0.175627 0.852227
0 0.350951 0.26908 0.198702 0.232299 0.789937
0 0.843589 0.436361 0.19098 0.220513 0.894936
0 0.468314 0.387905 0.185926 0.215431 0.890099
0 0.206285 0.410094 0.255885 0.298332 0.861742
0 0.731719 0.309357 0.157039 0.182412 0.861258
0 0.543676 0.238106 0.147268 0.173866 0.850552
0 0.351354 0.267508 0.19848 0.231565 0.784728
0 0.842884 0.435047 0.191833 0.222656 0.898876
0 0.469422 0.386916 0.185356 0.215291 0.893092
0 0.205335 0.410978 0.255291 0.297188 0.873981
0 0.731619 0.308541 0.157625 0.184062 0.861519
0 0.543863 0.23696 0.147773 0.174902 0.860027
0 0.351313 0.266666 0.199298 0.232684 0.796004
0 0.843688 0.435701 0.19085 0.221905 0.877873
0 0.470895 0.387303 0.181668 0.211536 0.875664
0 0.205667 0.409642 0.252791 0.294228 0.857836
0 0.732818 0.309581 0.156437 0.181598 0.835515
0 0.54512 0.237543 0.147423 0.174179 0.833433
0 0.352407 0.266705 0.202131 0.235706 0.716773
0 0.842125 0.436441 0.191787 0.222224 0.904541
0 0.469251 0.387579 0.185733 0.214489 0.892425
0 0.207145 0.412214 0.252537 0.291305 0.87304
0 0.731184 0.309437 0.156996 0.181832 0.871349
0 0.543259 0.237438 0.147503 0.174155 0.861996
0 0.351773 0.267437 0.203423 0.236916 0.771046
0 0.841757 0.436367 0.191126 0.221675 0.896051
0 0.468274 0.388266 0.185732 0.21389 0.883439
0 0.731389 0.309833 0.157138 0.18244 0.862962
0 0.205481 0.411684 0.255249 0.296055 0.86041
0 0.543827 0.238083 0.147084 0.174162 0.852326
0 0.351566 0.267716 0.203678 0.237841 0.764056
0 0.841648 0.436781 0.192229 0.222331 0.908831
0 0.469286 0.388308 0.186265 0.215271 0.894798
0 0.731445 0.309724 0.158474 0.184086 0.877858
0 0.206054 0.412326 0.252568 0.293605 0.875637
0 0.543678 0.238292 0.147932 0.175313 0.868738
0 0.351522 0.267737 0.200289 0.233627 0.800885
0 0.841434 0.437043 0.191819 0.221951 0.899665
0 0.469404 0.388302 0.185467 0.214697 0.884479
0 0.206047 0.41212 0.251714 0.293097 0.868068
0 0.543697 0.237886 0.147127 0.174355 0.855074
0 0.731279 0.309598 0.157364 0.183562 0.849737
0 0.351154 0.268107 0.202791 0.236269 0.779018
0 0.842304 0.436461 0.191863 0.222619 0.900349
0 0.47003 0.388048 0.185812 0.215374 0.887917
0 0.206566 0.411683 0.253801 0.295324 0.869039
0 0.544231 0.237755 0.147471 0.174723 0.860722
0 0.731927 0.309535 0.157577 0.183684 0.858315
0 0.35151 0.267785 0.203669 0.237332 0.778223
0 0.841647 0.436776 0.192225 0.222322 0.908599
0 0.469301 0.3883 0.186246 0.215284 0.894524
0 0.731443 0.309708 0.158468 0.184095 0.877626
0 0.206048 0.412318 0.252561 0.293597 0.875482
0 0.54367 0.238287 0.14793 0.175319 0.868411
0 0.351534 0.267725 0.200256 0.23361 0.800627
