0 0.681199 0.43375 0.226437 0.25442 0.795831
0 0.667249 0.447674 0.270703 0.31445 0.688297
0 0.67335 0.438639 0.279999 0.323731 0.726338
0 0.329993 0.406555 0.193832 0.239026 0.679
0 0.663249 0.437184 0.236346 0.287325 0.801987
0 0.320054 0.407868 0.246292 0.294766 0.626688
0 0.673266 0.429033 0.220609 0.248284 0.708643
0 0.331915 0.408663 0.21737 0.246357 0.658956
0 0.444699 0.39885 0.224172 0.252474 0.601716
0 0.333387 0.406022 0.236519 0.274248 0.7523
0 0.665223 0.42671 0.217558 0.254053 0.73058
0 0.66491 0.428656 0.216635 0.256054 0.802378
0 0.30833 0.408813 0.22048 0.252817 0.675446
0 0.670962 0.426086 0.215208 0.243598 0.806689
0 0.323176 0.409613 0.215688 0.247284 0.75879
0 0.67165 0.425364 0.225762 0.2561 0.738565
0 0.318108 0.404217 0.249303 0.270298 0.624067
0 0.669587 0.420608 0.239713 0.258139 0.700373
0 0.673448 0.425387 0.215205 0.248667 0.722522
0 0.326509 0.404101 0.212099 0.247752 0.635497
0 0.314097 0.403315 0.220865 0.247922 0.733358
0 0.677442 0.417813 0.21339 0.246686 0.733042
0 0.313032 0.408599 0.22058 0.254526 0.812061
0 0.672448 0.428132 0.21725 0.248806 0.772812
0 0.66629 0.422011 0.210608 0.251694 0.789313
0 0.320164 0.400545 0.220456 0.25978 0.758163
0 0.680558 0.417001 0.222297 0.260673 0.823882
0 0.315681 0.398022 0.22911 0.268306 0.815519
0 0.670011 0.42668 0.201385 0.244795 0.792397
0 0.31631 0.408194 0.218087 0.258157 0.789614
0 0.670653 0.420788 0.209093 0.246923 0.760408
0 0.30368 0.402685 0.221708 0.257758 0.699709
0 0.316432 0.401324 0.229063 0.263242 0.785894
0 0.667732 0.421249 0.215835 0.25661 0.747005
0 0.67263 0.422465 0.216091 0.254894 0.824264
0 0.315179 0.406307 0.214072 0.252913 0.761559
0 0.314831 0.409548 0.216238 0.263509 0.776283
0 0.668797 0.424108 0.208723 0.253171 0.750656
0 0.667396 0.41931 0.220648 0.251852 0.785471
0 0.307175 0.398397 0.227268 0.256744 0.75272
0 0.665151 0.419267 0.211657 0.251337 0.862844
0 0.306591 0.400879 0.217948 0.257947 0.825726
0 0.455004 0.39284 0.224938 0.265694 0.693549
0 0.663072 0.422273 0.238989 0.273277 0.833064
0 0.30443 0.402483 0.238135 0.270173 0.814093
0 0.452985 0.395778 0.232411 0.265719 0.648138
0 0.667395 0.422116 0.22109 0.255987 0.817318
0 0.304804 0.409647 0.216511 0.250984 0.809815
0 0.453374 0.399897 0.217058 0.253829 0.680954
0 0.298593 0.410213 0.213906 0.256545 0.773808
0 0.668695 0.42095 0.225031 0.264647 0.768736
0 0.675389 0.422366 0.214748 0.250667 0.72904
0 0.307674 0.410213 0.206877 0.243373 0.720768
0 0.674591 0.412346 0.231037 0.261797 0.793131
0 0.305311 0.401931 0.226953 0.266073 0.750502
0 0.305119 0.401485 0.220614 0.258339 0.843812
0 0.67511 0.41554 0.226016 0.25669 0.838915
0 0.456079 0.392075 0.23198 0.269514 0.692431
0 0.670457 0.425879 0.228626 0.263329 0.785598
0 0.301888 0.406704 0.228546 0.265809 0.782911
0 0.669618 0.42333 0.231047 0.267497 0.818186
0 0.300258 0.404764 0.219915 0.259614 0.782332
0 0.66596 0.419096 0.228565 0.261014 0.811727
0 0.299952 0.407198 0.226203 0.265458 0.777331
0 0.452534 0.395494 0.246544 0.274843 0.67765
0 0.672962 0.420472 0.234648 0.262884 0.77455
0 0.305337 0.401726 0.227931 0.269181 0.767376
0 0.30276 0.399267 0.23263 0.268442 0.72135
0 0.674493 0.412671 0.232314 0.2626 0.718702
0 0.457931 0.387351 0.237304 0.277062 0.626812
0 0.307241 0.399838 0.220947 0.259411 0.839623
0 0.670567 0.414663 0.218137 0.258051 0.784488
0 0.451731 0.392201 0.223492 0.264568 0.712691
0 0.676424 0.415564 0.222296 0.255409 0.846782
0 0.303188 0.400436 0.216232 0.257501 0.827122
0 0.453625 0.390728 0.229476 0.261709 0.768468
0 0.305797 0.400333 0.222247 0.259501 0.809768
0 0.67071 0.416853 0.220274 0.248408 0.796355
0 0.456322 0.388125 0.232482 0.26568 0.756398
0 0.67557 0.420222 0.217496 0.250931 0.799907
0 0.306394 0.404452 0.228324 0.264799 0.788221
0 0.454282 0.394273 0.227251 0.263803 0.705749
0 0.303666 0.398325 0.225863 0.267059 0.838867
0 0.668291 0.417783 0.22126 0.261074 0.83029
0 0.454523 0.391074 0.236692 0.271023 0.776278
0 0.302432 0.404215 0.220244 0.2619 0.833166
0 0.670757 0.422644 0.226052 0.260377 0.830923
0 0.457558 0.390885 0.235525 0.269544 0.712019
0 0.668937 0.419909 0.219957 0.254938 0.829309
0 0.302536 0.401147 0.224316 0.258877 0.79261
0 0.450056 0.394852 0.226774 0.264463 0.652386
0 0.671124 0.424839 0.210935 0.247428 0.859916
0 0.307193 0.404206 0.206747 0.2476 0.80442
0 0.453683 0.393811 0.215344 0.253066 0.658616
0 0.667884 0.42101 0.213036 0.241069 0.859633
0 0.303967 0.402034 0.214937 0.246728 0.787372
0 0.448418 0.38924 0.226649 0.254434 0.69946
0 0.66601 0.424981 0.208103 0.244142 0.864724
0 0.304917 0.401933 0.216242 0.255163 0.812975
0 0.452806 0.394392 0.230872 0.262165 0.680557
0 0.666891 0.424232 0.215279 0.249536 0.865532
0 0.3083 0.403442 0.215924 0.256702 0.832805
0 0.450368 0.391402 0.228376 0.264351 0.670442
0 0.670432 0.422494 0.225076 0.254518 0.829449
0 0.299955 0.404215 0.221524 0.262359 0.792951
0 0.455734 0.396154 0.225196 0.256739 0.646926
0 0.670084 0.423334 0.212573 0.245376 0.853937
0 0.300597 0.405631 0.218782 0.253005 0.814604
0 0.456042 0.392938 0.2247 0.25651 0.732996
0 0.306254 0.403252 0.22153 0.260057 0.806849
0 0.669329 0.420592 0.216592 0.25194 0.805616
0 0.456357 0.395123 0.225153 0.263374 0.752466
0 0.667857 0.422217 0.215114 0.250973 0.857314
0 0.30081 0.401869 0.217449 0.261309 0.840582
0 0.464884 0.396705 0.238162 0.274668 0.74318
0 0.67125 0.419719 0.222103 0.250838 0.868653
0 0.303215 0.403236 0.222745 0.255185 0.861828
0 0.451854 0.392005 0.243295 0.271597 0.762118
0 0.671031 0.41993 0.217766 0.249721 0.88037
0 0.301035 0.402218 0.220993 0.253424 0.867401
0 0.454199 0.392121 0.22749 0.258406 0.774506
0 0.671129 0.422402 0.206792 0.243393 0.831791
0 0.300061 0.407914 0.209335 0.245907 0.785314
0 0.456456 0.394278 0.22443 0.258296 0.725566
0 0.669455 0.417554 0.21299 0.245056 0.807468
0 0.303643 0.402249 0.217287 0.250971 0.806323
0 0.45502 0.38853 0.226572 0.259956 0.720313
0 0.668594 0.420256 0.218602 0.254478 0.821789
0 0.304744 0.403282 0.222232 0.25929 0.803623
0 0.463875 0.394702 0.233361 0.272171 0.70997
0 0.670315 0.422374 0.210861 0.248604 0.826192
0 0.306466 0.407279 0.207208 0.243529 0.814692
0 0.457927 0.391573 0.22056 0.256955 0.656777
0 0.670146 0.422446 0.216079 0.251988 0.850563
0 0.306683 0.40644 0.214486 0.24917 0.845519
0 0.454917 0.399861 0.217698 0.250843 0.781567
0 0.672435 0.418419 0.215291 0.249522 0.825518
0 0.303842 0.404304 0.214563 0.251057 0.797311
0 0.456195 0.388378 0.22723 0.261212 0.672674
0 0.667154 0.417692 0.220281 0.254258 0.852884
0 0.296685 0.401301 0.226899 0.266151 0.798613
0 0.461297 0.387333 0.236471 0.271078 0.766061
0 0.668669 0.422533 0.210614 0.249165 0.830351
0 0.299335 0.40667 0.216576 0.257195 0.793582
0 0.456793 0.391996 0.230681 0.266006 0.71035
0 0.670271 0.420876 0.211785 0.248441 0.849573
0 0.304122 0.405034 0.216053 0.25365 0.825273
0 0.458236 0.391773 0.222441 0.258914 0.677509
0 0.668618 0.41707 0.216103 0.256371 0.804026
0 0.301895 0.397518 0.227873 0.268231 0.748336
0 0.457805 0.386064 0.232552 0.269469 0.676069
0 0.667407 0.420328 0.219647 0.260064 0.867744
0 0.300806 0.403927 0.229923 0.269361 0.80912
0 0.45797 0.391282 0.228962 0.268581 0.722903
0 0.664366 0.420982 0.216164 0.249711 0.850643
0 0.301437 0.401803 0.219235 0.256152 0.821295
0 0.456676 0.39122 0.227769 0.267363 0.767197
0 0.672216 0.423626 0.20748 0.240544 0.859291
0 0.307181 0.407327 0.214226 0.249231 0.83145
0 0.456829 0.391818 0.225733 0.262949 0.750091
0 0.672363 0.419482 0.212356 0.245156 0.873451
0 0.305213 0.401735 0.21925 0.252192 0.832944
0 0.465868 0.388699 0.233868 0.268612 0.768048
0 0.669584 0.420801 0.210212 0.247393 0.835374
0 0.303937 0.40549 0.216041 0.25546 0.794765
0 0.458308 0.391694 0.227237 0.265237 0.721605
0 0.672003 0.42011 0.214374 0.247885 0.884352
0 0.302204 0.402897 0.219722 0.255047 0.838621
0 0.461759 0.389117 0.224607 0.260924 0.799291
0 0.668563 0.422224 0.211881 0.245486 0.845098
0 0.301813 0.404908 0.223004 0.260466 0.82856
0 0.463238 0.391499 0.233015 0.270319 0.739478
0 0.66888 0.419713 0.214117 0.252369 0.871691
0 0.301051 0.404962 0.219434 0.257156 0.83873
0 0.457548 0.390098 0.226559 0.263636 0.777235
0 0.667673 0.422032 0.211592 0.250778 0.859008
0 0.303172 0.406842 0.215087 0.249819 0.822227
0 0.457715 0.392138 0.227736 0.266985 0.819575
0 0.66933 0.419531 0.213834 0.250289 0.833249
0 0.304837 0.406282 0.218341 0.254542 0.799165
0 0.457572 0.390836 0.227078 0.268646 0.745684
0 0.669665 0.420796 0.213166 0.248736 0.834862
0 0.304675 0.404781 0.218881 0.251891 0.785745
0 0.459285 0.389379 0.231068 0.266532 0.763661
0 0.66885 0.419851 0.21526 0.253132 0.872789
0 0.303288 0.400467 0.218504 0.255584 0.828608
0 0.45626 0.389051 0.226361 0.263954 0.774463
0 0.66914 0.418368 0.21399 0.248771 0.868262
0 0.305326 0.404906 0.215499 0.250758 0.834986
0 0.460274 0.388512 0.229421 0.267724 0.786978
0 0.666749 0.416099 0.217433 0.248106 0.855937
0 0.457028 0.389476 0.235633 0.267708 0.815644
0 0.299885 0.399787 0.224389 0.259299 0.810334
0 0.671875 0.417006 0.211929 0.245985 0.843858
0 0.303277 0.402524 0.218053 0.250559 0.797403
0 0.457378 0.386795 0.231192 0.264163 0.754312
0 0.667535 0.420054 0.213899 0.246833 0.869644
0 0.302367 0.406793 0.217317 0.249084 0.833846
0 0.456364 0.390263 0.23057 0.262733 0.814332
0 0.666958 0.42218 0.210981 0.246493 0.849829
0 0.29901 0.403535 0.217501 0.251496 0.791335
0 0.45382 0.391398 0.226658 0.259749 0.790359
0 0.666435 0.421531 0.213739 0.247512 0.861194
0 0.301825 0.407569 0.220077 0.251789 0.81058
0 0.454362 0.392717 0.228789 0.264182 0.795798
0 0.667313 0.419724 0.217124 0.25195 0.859633
0 0.299925 0.402575 0.218987 0.256893 0.820127
0 0.460635 0.390001 0.230629 0.268534 0.813032
0 0.668787 0.422775 0.211353 0.246514 0.856903
0 0.30149 0.403759 0.217747 0.253351 0.819892
0 0.455579 0.389183 0.228374 0.264158 0.766559
0 0.668956 0.419503 0.213921 0.247681 0.856037
0 0.300495 0.402665 0.218721 0.254546 0.810464
0 0.459661 0.391719 0.229234 0.262801 0.773772
0 0.667294 0.419032 0.211075 0.245445 0.880989
0 0.302093 0.406669 0.21572 0.248285 0.8425
0 0.457081 0.390756 0.225828 0.261046 0.820113
0 0.667334 0.420823 0.211361 0.244748 0.874568
0 0.300558 0.40663 0.211996 0.246574 0.830557
0 0.458633 0.391044 0.230164 0.2619 0.808518
0 0.66841 0.421403 0.213119 0.250294 0.877746
0 0.301398 0.40735 0.219763 0.251241 0.835497
0 0.459112 0.388575 0.236395 0.271642 0.804784
0 0.669007 0.420448 0.213223 0.247507 0.857374
0 0.300993 0.406829 0.216331 0.248517 0.808511
0 0.458489 0.389185 0.231692 0.266886 0.776549
0 0.670171 0.423033 0.212412 0.247621 0.881493
0 0.30025 0.404009 0.217342 0.252041 0.834706
0 0.459851 0.388372 0.234032 0.269044 0.820215
0 0.668542 0.42519 0.208062 0.242458 0.872015
0 0.301204 0.404586 0.214442 0.248571 0.823475
0 0.456141 0.38885 0.226738 0.262202 0.774028
0 0.668578 0.420771 0.212037 0.24511 0.87641
0 0.298683 0.402585 0.217678 0.252343 0.825396
0 0.459364 0.387515 0.229413 0.265223 0.802408
0 0.667899 0.421271 0.213134 0.246564 0.882557
0 0.299848 0.403096 0.218256 0.252472 0.835825
0 0.456888 0.390377 0.226377 0.263865 0.807589
0 0.669247 0.420779 0.212035 0.246406 0.859279
0 0.299687 0.401668 0.219929 0.255111 0.807884
0 0.457537 0.386758 0.230189 0.266733 0.762784
0 0.668352 0.422244 0.21184 0.244683 0.876996
0 0.299422 0.403856 0.217579 0.251088 0.826351
0 0.457433 0.390585 0.226443 0.262759 0.794319
0 0.667417 0.420617 0.212634 0.246348 0.864117
0 0.298894 0.402268 0.217475 0.252157 0.817198
0 0.458566 0.387565 0.230704 0.268211 0.797477
0 0.66723 0.420942 0.213226 0.246591 0.878432
0 0.30293 0.404582 0.218106 0.25367 0.831382
0 0.457864 0.38842 0.228596 0.265834 0.800963
0 0.667103 0.421614 0.212193 0.245601 0.867123
0 0.302223 0.404909 0.21818 0.253823 0.819106
0 0.458163 0.388628 0.227439 0.264635 0.785154
0 0.667791 0.421533 0.212973 0.246882 0.871304
0 0.303206 0.404641 0.218922 0.25461 0.819523
0 0.458443 0.388453 0.227957 0.265325 0.793538
0 0.667232 0.420938 0.213212 0.246576 0.878124
0 0.302925 0.404581 0.218084 0.253658 0.831078
0 0.457853 0.388418 0.228579 0.265817 0.800568
