0 0.179221 0.629056 0.0939216 0.117157 0.63966
0 0.134679 0.592197 0.247835 0.294088 0.648365
0 0.628887 0.668132 0.0943587 0.105643 0.661643
0 0.180392 0.62027 0.105548 0.122327 0.640455
0 0.374802 0.649383 0.111689 0.129004 0.618459
0 0.179656 0.620399 0.103395 0.121398 0.660378
0 0.625622 0.668163 0.0908135 0.104724 0.635316
0 0.373169 0.652204 0.109699 0.129633 0.623817
0 0.375416 0.650153 0.114176 0.132812 0.610157
0 0.627185 0.667462 0.0920307 0.107424 0.602394
0 0.376816 0.648815 0.117174 0.134865 0.610983
0 0.579118 0.35817 0.0882879 0.0948674 0.610574
0 0.374753 0.650079 0.120289 0.13802 0.636579
0 0.374512 0.650458 0.117436 0.134467 0.653951
0 0.624742 0.668911 0.0895448 0.106155 0.741101
0 0.372581 0.650313 0.117977 0.135946 0.69598
0 0.177639 0.62371 0.102002 0.119967 0.647329
0 0.625773 0.668587 0.0912076 0.106287 0.662768
0 0.374416 0.65087 0.120538 0.136753 0.631474
0 0.374277 0.650986 0.120698 0.137006 0.67307
0 0.625685 0.668238 0.0913875 0.106122 0.66216
0 0.626271 0.667923 0.0960151 0.110015 0.727688
0 0.375723 0.651542 0.117546 0.13157 0.717821
0 0.625762 0.668978 0.0915407 0.106423 0.753633
0 0.372627 0.652218 0.11502 0.131243 0.734255
0 0.626388 0.669135 0.0940809 0.108519 0.734373
0 0.373325 0.651628 0.116905 0.132431 0.732566
0 0.577342 0.352682 0.0922609 0.10504 0.615003
0 0.625359 0.669051 0.0913098 0.107088 0.699245
0 0.372569 0.651296 0.11937 0.136395 0.697807
0 0.626526 0.66946 0.0904617 0.104675 0.714651
0 0.374365 0.651853 0.120192 0.136633 0.700206
0 0.576223 0.35552 0.0868439 0.102171 0.608355
0 0.627506 0.669143 0.0946121 0.108744 0.656667
0 0.37502 0.6507 0.116177 0.132272 0.610783
0 0.374347 0.653568 0.118334 0.133427 0.662462
0 0.625495 0.669073 0.0934407 0.107941 0.630129
0 0.625991 0.669715 0.0923189 0.107036 0.699765
0 0.374597 0.65193 0.120277 0.13621 0.67582
0 0.374169 0.652927 0.117194 0.134652 0.654355
0 0.374575 0.654334 0.118073 0.13305 0.680322
0 0.627682 0.66993 0.0923372 0.104949 0.668723
0 0.374664 0.654768 0.120519 0.134396 0.698933
0 0.626855 0.670193 0.0909254 0.104704 0.630742
0 0.373912 0.653667 0.119787 0.135743 0.664156
0 0.373867 0.65571 0.114574 0.131287 0.719443
0 0.373661 0.650629 0.117902 0.137152 0.651983
0 0.62593 0.669007 0.0918356 0.106542 0.62489
0 0.374776 0.653647 0.117442 0.136346 0.640518
0 0.375632 0.652179 0.116207 0.135312 0.638183
0 0.374477 0.651779 0.116823 0.136011 0.712962
0 0.626697 0.669126 0.0907522 0.105287 0.702922
0 0.374105 0.652269 0.115481 0.133683 0.726419
0 0.626633 0.669042 0.0916563 0.105881 0.667404
0 0.374152 0.651583 0.12057 0.136995 0.730066
0 0.625877 0.669491 0.0903758 0.104432 0.701265
0 0.373597 0.651427 0.11829 0.134753 0.675406
0 0.375021 0.651169 0.118738 0.137433 0.693685
0 0.62727 0.669111 0.0913476 0.10545 0.611199
0 0.373896 0.652588 0.118681 0.135401 0.651613
0 0.374463 0.651449 0.117602 0.136051 0.705562
0 0.374179 0.65305 0.117394 0.133697 0.693227
0 0.374643 0.651931 0.1177 0.134197 0.632208
0 0.373724 0.651835 0.115707 0.133245 0.714634
0 0.373932 0.652229 0.116355 0.132874 0.652448
0 0.37439 0.651533 0.116092 0.134171 0.701654
0 0.373453 0.651347 0.116913 0.133627 0.63234
0 0.374111 0.65173 0.115658 0.133733 0.663963
0 0.374389 0.651531 0.116086 0.134168 0.700545
