0 0.632907 0.303538 0.340998 0.368518 0.941187
0 0.639726 0.288241 0.228457 0.289373 0.632672
0 0.662333 0.297005 0.338469 0.412692 0.670398
0 0.648979 0.327449 0.28311 0.349103 0.941393
0 0.633906 0.308079 0.29983 0.363157 0.863312
0 0.658366 0.319464 0.301601 0.370284 0.70652
0 0.651586 0.313071 0.317875 0.375048 0.842083
0 0.65291 0.29835 0.348285 0.390097 0.826421
0 0.645209 0.312225 0.310539 0.392265 0.947634
0 0.641744 0.318617 0.281589 0.354661 0.87367
0 0.637955 0.317884 0.309593 0.372542 0.8654
0 0.631013 0.310029 0.29742 0.365442 0.911389
0 0.653244 0.309063 0.316357 0.354255 0.825526
0 0.648796 0.309612 0.326669 0.393776 0.79873
0 0.649383 0.311954 0.315793 0.371857 0.827573
0 0.657195 0.306961 0.335056 0.38659 0.806099
0 0.645946 0.323479 0.324723 0.378497 0.798834
0 0.649725 0.318111 0.312831 0.349447 0.914044
0 0.6511 0.313262 0.306935 0.371379 0.83737
0 0.655397 0.314764 0.33724 0.38538 0.844793
0 0.645488 0.313379 0.329855 0.379504 0.831484
0 0.641484 0.315068 0.312819 0.367503 0.842384
0 0.639631 0.314192 0.304435 0.366828 0.827556
0 0.651743 0.314491 0.351876 0.412333 0.850048
0 0.639466 0.317742 0.327887 0.381808 0.861791
0 0.649522 0.312389 0.314504 0.378808 0.849987
0 0.656958 0.318282 0.34221 0.385061 0.935766
0 0.655274 0.315283 0.325975 0.368022 0.89787
0 0.652814 0.318086 0.319611 0.366975 0.847321
0 0.645092 0.314912 0.311757 0.365671 0.893156
0 0.660061 0.318169 0.32579 0.373345 0.819735
0 0.655883 0.308051 0.330307 0.382987 0.865964
0 0.656554 0.314416 0.328417 0.375228 0.84401
0 0.647236 0.318317 0.315768 0.366244 0.925474
0 0.649467 0.313808 0.326094 0.373726 0.819942
0 0.657599 0.313688 0.319285 0.380983 0.824819
0 0.655767 0.314708 0.324488 0.369641 0.878816
0 0.645184 0.310133 0.315223 0.358814 0.83061
0 0.652634 0.311938 0.299563 0.369819 0.848647
0 0.645525 0.315145 0.30906 0.354942 0.849768
0 0.657488 0.312742 0.328775 0.376754 0.874256
0 0.641472 0.311626 0.321626 0.385393 0.878025
0 0.649171 0.315051 0.313905 0.361024 0.919301
0 0.663355 0.313483 0.336123 0.378149 0.830399
0 0.649319 0.314216 0.32727 0.379959 0.893637
0 0.65447 0.312809 0.325392 0.371871 0.863523
0 0.643702 0.307738 0.307734 0.35479 0.848456
0 0.647048 0.315539 0.321842 0.372127 0.872535
0 0.653359 0.321288 0.309359 0.354893 0.877373
0 0.65824 0.316687 0.322003 0.365376 0.870169
0 0.655285 0.313423 0.322147 0.380989 0.848627
0 0.649852 0.316551 0.323875 0.368592 0.866544
0 0.650294 0.317434 0.324273 0.369039 0.848323
0 0.653784 0.313634 0.325011 0.365762 0.871088
0 0.657819 0.314781 0.310716 0.360628 0.88119
0 0.654121 0.313937 0.329503 0.375477 0.883138
0 0.65181 0.313385 0.326447 0.371992 0.891552
0 0.656057 0.316584 0.324716 0.37466 0.91158
0 0.651289 0.310918 0.324235 0.368086 0.842282
0 0.651944 0.314838 0.316783 0.358046 0.870316
0 0.64788 0.305572 0.31516 0.365122 0.870726
0 0.654881 0.314078 0.314149 0.360598 0.878616
0 0.65407 0.315503 0.319124 0.364536 0.870842
0 0.649712 0.308971 0.324668 0.367502 0.882964
0 0.654798 0.31143 0.323257 0.368784 0.892263
0 0.653394 0.314333 0.312288 0.368838 0.908216
0 0.656339 0.312359 0.308169 0.357318 0.892119
0 0.65354 0.314385 0.320181 0.37364 0.906113
0 0.653407 0.316426 0.321671 0.36999 0.87497
0 0.658559 0.316321 0.318907 0.359179 0.913256
0 0.653802 0.314733 0.315902 0.362391 0.91051
0 0.652656 0.312665 0.322653 0.370971 0.913749
0 0.651748 0.313235 0.318281 0.364974 0.877547
0 0.651316 0.314972 0.320104 0.364468 0.883286
0 0.64844 0.310108 0.316128 0.357825 0.893352
0 0.649185 0.313903 0.316681 0.355482 0.908912
0 0.652453 0.314423 0.321985 0.365946 0.901672
0 0.65045 0.311303 0.321229 0.375731 0.898688
0 0.654842 0.311361 0.315816 0.371638 0.890616
0 0.656036 0.314598 0.324724 0.367279 0.915965
0 0.653002 0.318419 0.324379 0.365059 0.922037
0 0.651581 0.3144 0.318272 0.368739 0.914783
0 0.654805 0.313835 0.317714 0.365262 0.917441
0 0.658149 0.31308 0.319735 0.365046 0.904345
0 0.651422 0.314201 0.312893 0.367287 0.912094
0 0.653473 0.3159 0.313568 0.367027 0.902887
0 0.649885 0.315213 0.3106 0.363602 0.905043
0 0.647283 0.313419 0.313092 0.367052 0.920798
0 0.649745 0.317171 0.314688 0.369839 0.92037
0 0.650427 0.311343 0.313694 0.365295 0.915919
0 0.649382 0.313988 0.311285 0.366316 0.922071
0 0.651413 0.312125 0.313166 0.369895 0.918242
0 0.649357 0.313167 0.309291 0.365048 0.917524
0 0.656209 0.313879 0.314932 0.36508 0.907716
0 0.651126 0.313581 0.313434 0.366818 0.923011
0 0.651014 0.313268 0.314039 0.370465 0.91786
0 0.648738 0.313618 0.313154 0.367588 0.922396
0 0.650944 0.313364 0.311056 0.365915 0.923852
0 0.649576 0.313537 0.311572 0.367181 0.920032
0 0.64872 0.313613 0.313165 0.367549 0.922575
