0 0.392273 0.291169 0.3721 0.394343 0.996417
0 0.448662 0.234241 0.277148 0.314325 0.833253
0 0.397666 0.271597 0.279315 0.322057 0.795057
0 0.389742 0.265217 0.239448 0.289747 0.744517
0 0.382988 0.271939 0.342375 0.368269 0.710877
0 0.403256 0.231862 0.205919 0.230184 0.61934
0 0.40993 0.288203 0.371151 0.449739 0.767804
0 0.400522 0.29156 0.326378 0.416236 0.948789
0 0.399663 0.282403 0.345625 0.407742 0.920768
0 0.426197 0.299425 0.357297 0.449162 0.601057
0 0.395156 0.314625 0.405227 0.534393 0.692096
0 0.387701 0.300852 0.390692 0.489821 0.74242
0 0.398894 0.295302 0.402487 0.492975 0.805895
0 0.403503 0.301461 0.361792 0.456231 0.883407
0 0.384052 0.305204 0.374124 0.457782 0.820602
0 0.381576 0.289986 0.355164 0.447259 0.884887
0 0.403797 0.2917 0.373369 0.454701 0.800216
0 0.398547 0.286457 0.386164 0.479185 0.735778
0 0.410203 0.288701 0.426884 0.485814 0.775607
0 0.389614 0.289001 0.384218 0.435084 0.74625
0 0.390568 0.301326 0.376937 0.45864 0.875042
0 0.400695 0.292007 0.351468 0.437168 0.870117
0 0.397212 0.286939 0.391053 0.461895 0.77372
0 0.396643 0.293561 0.395937 0.470859 0.792441
0 0.394453 0.294069 0.389843 0.454112 0.823954
0 0.384166 0.293381 0.385676 0.458958 0.796836
0 0.384451 0.29692 0.375803 0.451812 0.862552
0 0.364112 0.294199 0.448807 0.539973 0.783195
0 0.389997 0.296831 0.378969 0.435545 0.752159
0 0.384955 0.291502 0.35536 0.424444 0.78141
0 0.398756 0.289508 0.409204 0.485099 0.823668
0 0.405128 0.292364 0.365343 0.445396 0.839839
0 0.39255 0.294467 0.408114 0.483066 0.727726
0 0.400562 0.291095 0.368638 0.438076 0.821743
0 0.400362 0.285454 0.388382 0.473001 0.722293
0 0.39328 0.286302 0.403651 0.47383 0.801594
0 0.382783 0.290107 0.404014 0.463758 0.767317
0 0.387541 0.29173 0.40773 0.486117 0.871354
0 0.370766 0.293161 0.436296 0.500003 0.695698
0 0.402299 0.294425 0.379367 0.458417 0.783245
0 0.383568 0.288378 0.417305 0.475434 0.796344
0 0.385922 0.2904 0.378775 0.43399 0.795192
0 0.392007 0.298556 0.367857 0.43571 0.830799
0 0.390319 0.29479 0.377011 0.447718 0.8067
0 0.390746 0.287991 0.396969 0.463131 0.806946
0 0.384822 0.288091 0.38918 0.452426 0.82376
0 0.394487 0.29383 0.388407 0.457661 0.877263
0 0.399631 0.289224 0.408193 0.47735 0.749928
0 0.401286 0.292338 0.391123 0.457499 0.880294
0 0.401132 0.292051 0.37538 0.44928 0.848154
0 0.383773 0.292803 0.37225 0.458446 0.739775
0 0.401493 0.291912 0.381089 0.458746 0.82254
0 0.396938 0.295878 0.384134 0.462006 0.815924
0 0.396771 0.292384 0.386762 0.454915 0.820565
0 0.399837 0.293795 0.36542 0.429704 0.822823
0 0.391555 0.295111 0.37808 0.455429 0.8028
0 0.396607 0.296623 0.388251 0.444816 0.803327
0 0.392886 0.292313 0.387671 0.453562 0.840412
0 0.391625 0.298518 0.380919 0.454197 0.836815
0 0.40261 0.292697 0.387993 0.454481 0.839281
0 0.397483 0.29326 0.381784 0.455874 0.841935
0 0.392757 0.29167 0.384622 0.452055 0.859752
0 0.381834 0.292629 0.398032 0.454418 0.796827
0 0.396802 0.291737 0.379484 0.441175 0.83894
0 0.384247 0.285618 0.424156 0.471983 0.799943
0 0.388192 0.291964 0.390473 0.453215 0.815113
0 0.393007 0.292763 0.386322 0.449318 0.832286
0 0.381673 0.281828 0.394953 0.457568 0.852671
0 0.385395 0.289067 0.40214 0.46709 0.848035
0 0.394165 0.289763 0.38759 0.45597 0.871132
0 0.392983 0.281824 0.386833 0.453438 0.839843
0 0.398569 0.28323 0.39755 0.464198 0.848244
0 0.393762 0.297114 0.395883 0.461772 0.817027
0 0.388987 0.292779 0.38618 0.458548 0.834384
0 0.39198 0.290489 0.380769 0.456675 0.824863
0 0.395891 0.290174 0.3949 0.461965 0.857546
0 0.387399 0.292293 0.391404 0.466899 0.825878
0 0.39229 0.289406 0.396584 0.456666 0.824301
0 0.390143 0.280306 0.387417 0.455944 0.840947
0 0.391253 0.284601 0.3867 0.449076 0.839352
0 0.385955 0.285385 0.397773 0.458267 0.844226
0 0.387806 0.285098 0.389132 0.454835 0.849386
0 0.388809 0.286095 0.386428 0.447777 0.828078
0 0.387474 0.285874 0.395062 0.457966 0.849825
0 0.392658 0.293138 0.388376 0.449671 0.849323
0 0.388224 0.285965 0.394077 0.465605 0.843938
0 0.392597 0.287232 0.393797 0.460887 0.840254
0 0.389864 0.287485 0.402976 0.464123 0.830243
0 0.381559 0.285606 0.406429 0.467438 0.83876
0 0.378122 0.292965 0.400989 0.465936 0.842249
0 0.385152 0.287438 0.39224 0.460446 0.840964
0 0.386963 0.285855 0.398868 0.465116 0.854816
0 0.383178 0.292736 0.398609 0.461555 0.852653
0 0.389461 0.284296 0.399904 0.461924 0.848292
0 0.386705 0.286097 0.390685 0.45939 0.864356
0 0.386233 0.289081 0.392578 0.462669 0.860586
0 0.384746 0.288388 0.390142 0.461832 0.858445
0 0.388037 0.284747 0.39464 0.462481 0.846028
0 0.382634 0.285846 0.396969 0.464172 0.859945
0 0.387091 0.287131 0.392317 0.461428 0.855416
0 0.383901 0.288697 0.390525 0.459975 0.859178
0 0.386394 0.288516 0.392205 0.461998 0.864524
0 0.383223 0.287752 0.391988 0.461425 0.861251
0 0.383898 0.288685 0.390482 0.45993 0.859416
