0 0.489337 0.389348 0.474149 0.488279 0.605577
0 0.50157 0.395974 0.529225 0.604893 0.614802
0 0.493934 0.378392 0.53111 0.636425 0.681135
0 0.507713 0.39331 0.605116 0.617504 0.655493
0 0.548932 0.410621 0.643621 0.661581 0.699224
0 0.501417 0.416508 0.564953 0.639832 0.630937
0 0.518011 0.399816 0.555998 0.653003 0.6338
0 0.528419 0.386532 0.578739 0.66857 0.800331
0 0.513857 0.408237 0.600976 0.691021 0.794119
0 0.507386 0.383592 0.58039 0.662339 0.896779
0 0.496792 0.410308 0.649606 0.737692 0.723317
0 0.514733 0.391696 0.596542 0.69917 0.67549
0 0.514988 0.371256 0.503203 0.632874 0.807255
0 0.52148 0.382118 0.598542 0.649508 0.784369
0 0.529313 0.402861 0.572922 0.688881 0.795257
0 0.499636 0.384955 0.548654 0.645688 0.692296
0 0.525977 0.396324 0.5381 0.643687 0.768044
0 0.529949 0.390603 0.581731 0.632091 0.72883
0 0.491995 0.43004 0.584163 0.70877 0.759902
0 0.515922 0.399692 0.590526 0.694402 0.735651
0 0.515488 0.393894 0.580226 0.662041 0.843453
0 0.5412 0.377672 0.591443 0.701973 0.678084
0 0.527986 0.376901 0.566259 0.651564 0.746013
0 0.513218 0.419913 0.639453 0.737794 0.76067
0 0.51688 0.378359 0.555177 0.645084 0.763894
0 0.51922 0.395319 0.560631 0.659355 0.819008
0 0.521145 0.409164 0.593803 0.665891 0.746971
0 0.512685 0.385885 0.55259 0.649501 0.819501
0 0.505312 0.378165 0.59039 0.692271 0.764599
0 0.530328 0.389341 0.554088 0.643995 0.786277
0 0.519474 0.37851 0.574522 0.675264 0.627101
0 0.505905 0.379671 0.566526 0.667282 0.823739
0 0.530888 0.387334 0.550952 0.633903 0.767663
0 0.509017 0.398374 0.539553 0.635868 0.6592
0 0.508684 0.383636 0.580404 0.665698 0.770086
0 0.530561 0.382567 0.563762 0.674871 0.755467
0 0.512565 0.377563 0.574573 0.686449 0.809673
0 0.506684 0.383668 0.565228 0.691985 0.782134
0 0.516182 0.388577 0.579937 0.678663 0.773624
0 0.469005 0.384419 0.740895 0.765037 0.674178
0 0.511744 0.378921 0.592724 0.694347 0.741872
0 0.514319 0.380623 0.56034 0.650236 0.830142
0 0.550143 0.39758 0.821081 0.718509 0.628865
0 0.511384 0.391145 0.567476 0.651307 0.855456
0 0.528442 0.376288 0.57984 0.674739 0.79978
0 0.515255 0.384909 0.587319 0.689835 0.803194
0 0.523409 0.385231 0.578455 0.677306 0.808869
0 0.519126 0.384096 0.58708 0.675688 0.795788
0 0.530319 0.381792 0.588266 0.687504 0.787379
0 0.51145 0.380133 0.599859 0.685178 0.775657
0 0.516917 0.377946 0.573363 0.673388 0.761954
0 0.519341 0.375228 0.603296 0.682648 0.803632
0 0.508664 0.370362 0.56826 0.677276 0.812108
0 0.509542 0.373048 0.615237 0.702424 0.803345
0 0.527902 0.376309 0.584119 0.675555 0.798796
0 0.497878 0.36878 0.586966 0.682007 0.791817
0 0.53248 0.375674 0.602399 0.692698 0.7892
0 0.518399 0.389331 0.587561 0.679263 0.77117
0 0.518629 0.364845 0.600972 0.712111 0.778254
0 0.51396 0.376476 0.560221 0.664661 0.779757
0 0.524915 0.378508 0.59265 0.699687 0.804272
0 0.501594 0.375888 0.6024 0.706237 0.774438
0 0.525964 0.384622 0.586548 0.685226 0.754589
0 0.523279 0.374835 0.597199 0.712283 0.759757
0 0.527101 0.377507 0.571016 0.666797 0.76437
0 0.52705 0.38269 0.590676 0.68468 0.786077
0 0.514448 0.372742 0.611095 0.699745 0.800305
0 0.515774 0.386502 0.602455 0.692627 0.772074
0 0.51698 0.391047 0.617281 0.684883 0.777092
0 0.524188 0.39522 0.588326 0.668892 0.795233
0 0.522242 0.372537 0.594983 0.702513 0.785184
0 0.524648 0.373297 0.597949 0.696316 0.760718
0 0.517992 0.369512 0.612566 0.713184 0.774875
0 0.52495 0.37336 0.599898 0.713206 0.793084
0 0.513467 0.38782 0.601902 0.687061 0.789594
0 0.525635 0.373336 0.588083 0.694561 0.800715
0 0.522793 0.383019 0.600721 0.694903 0.81296
0 0.522365 0.379556 0.594187 0.694088 0.799733
0 0.515144 0.380005 0.599404 0.687829 0.79973
0 0.522918 0.377585 0.59717 0.703768 0.814004
0 0.522028 0.382894 0.607923 0.700228 0.818436
0 0.517016 0.388571 0.611012 0.700833 0.821173
0 0.523786 0.381702 0.624201 0.706072 0.807884
0 0.51821 0.380502 0.614351 0.703562 0.828563
0 0.520457 0.381181 0.612107 0.709758 0.816001
0 0.517329 0.378346 0.610143 0.703852 0.83219
0 0.520809 0.381819 0.617682 0.709307 0.834578
0 0.521353 0.379336 0.611265 0.70586 0.830243
0 0.517316 0.37834 0.610047 0.70382 0.832428
