0 0.543329 0.257829 0.232957 0.278554 0.823759
0 0.528553 0.253237 0.222084 0.256636 0.652254
0 0.520252 0.249937 0.19525 0.230992 0.692183
0 0.519836 0.246099 0.195635 0.22205 0.795024
0 0.542654 0.258293 0.205157 0.23924 0.604571
0 0.526466 0.249363 0.201027 0.226671 0.688569
0 0.520463 0.246925 0.190116 0.213706 0.647383
0 0.526381 0.251354 0.183649 0.217918 0.665183
0 0.52512 0.246465 0.183712 0.214662 0.758313
0 0.525788 0.249004 0.196979 0.228721 0.803048
0 0.525643 0.249768 0.190654 0.230689 0.678301
0 0.528714 0.254684 0.200594 0.251728 0.679733
0 0.532191 0.247336 0.199578 0.237257 0.680195
0 0.526151 0.249962 0.186112 0.218974 0.856024
0 0.524755 0.248278 0.202004 0.230856 0.727497
0 0.519785 0.237996 0.202878 0.234376 0.738364
0 0.529519 0.249362 0.187228 0.223835 0.843329
0 0.534186 0.250089 0.215573 0.251953 0.729105
0 0.550881 0.267684 0.289825 0.322555 0.704476
0 0.519336 0.248627 0.193602 0.222723 0.846639
0 0.516294 0.24322 0.201378 0.231976 0.75789
0 0.52311 0.246285 0.194682 0.223109 0.754941
0 0.522618 0.243617 0.201606 0.232628 0.80243
0 0.527514 0.245608 0.201444 0.232716 0.807442
0 0.526113 0.244182 0.200501 0.234635 0.821547
0 0.521524 0.24747 0.195802 0.233029 0.810706
0 0.523249 0.246962 0.203177 0.238355 0.839401
0 0.522383 0.245751 0.205803 0.235356 0.732109
0 0.528948 0.241748 0.194827 0.225603 0.74827
0 0.531751 0.246429 0.195333 0.22787 0.789579
0 0.530389 0.246255 0.200103 0.232579 0.809898
0 0.524014 0.243335 0.194459 0.220709 0.764906
0 0.526952 0.246021 0.192773 0.228239 0.800863
0 0.52211 0.243578 0.191343 0.221708 0.845846
0 0.527792 0.243081 0.197278 0.23006 0.773593
0 0.522907 0.247242 0.198144 0.229851 0.83437
0 0.519584 0.244271 0.187231 0.216548 0.814624
0 0.521239 0.239572 0.197554 0.222415 0.807932
0 0.526013 0.242697 0.198719 0.229677 0.823856
0 0.524678 0.243871 0.194568 0.224863 0.839543
0 0.525433 0.244965 0.196213 0.226319 0.824648
0 0.523618 0.242403 0.19539 0.226065 0.817874
0 0.529151 0.247305 0.198043 0.230062 0.816266
0 0.529433 0.244034 0.202449 0.238101 0.852785
0 0.529374 0.240524 0.206353 0.235931 0.85894
0 0.524976 0.23954 0.204854 0.235375 0.846865
0 0.520968 0.24526 0.194113 0.224491 0.821969
0 0.524026 0.241303 0.199177 0.226511 0.795356
0 0.531041 0.245582 0.197764 0.234698 0.776348
0 0.532483 0.244781 0.200113 0.232671 0.77273
0 0.529145 0.24614 0.202275 0.234509 0.839342
0 0.531924 0.239234 0.202307 0.235548 0.780326
0 0.532588 0.240413 0.208219 0.241374 0.813986
0 0.526504 0.244955 0.202722 0.234925 0.819572
0 0.522502 0.240104 0.201701 0.233596 0.835936
0 0.529936 0.236925 0.205617 0.240462 0.755085
0 0.52392 0.237425 0.20498 0.238672 0.835593
0 0.523517 0.241844 0.199433 0.230467 0.844513
0 0.531337 0.23997 0.199533 0.232464 0.843412
0 0.534089 0.241047 0.19851 0.225351 0.860637
0 0.526197 0.242947 0.19279 0.22594 0.816454
0 0.532002 0.240861 0.202956 0.235963 0.871395
0 0.532718 0.243976 0.196778 0.228117 0.84067
0 0.528378 0.238644 0.206892 0.235886 0.878809
0 0.532383 0.242335 0.201785 0.23305 0.858814
0 0.526586 0.240739 0.202965 0.236422 0.843513
0 0.530423 0.239894 0.201403 0.230709 0.849152
0 0.528504 0.23869 0.20389 0.231342 0.871898
0 0.529963 0.238032 0.20499 0.234327 0.866911
0 0.527799 0.237173 0.206243 0.23462 0.867254
0 0.532375 0.234949 0.207261 0.23709 0.846998
0 0.527959 0.238403 0.20804 0.237568 0.877252
0 0.526529 0.238913 0.201969 0.231277 0.82828
0 0.527148 0.240343 0.197991 0.231546 0.852299
0 0.528826 0.238588 0.208734 0.241418 0.842725
0 0.525055 0.239325 0.20366 0.234612 0.852133
0 0.529609 0.240625 0.203249 0.233102 0.835545
0 0.524038 0.237467 0.202978 0.232955 0.860808
0 0.526414 0.240375 0.206594 0.233338 0.847301
0 0.525609 0.236584 0.211616 0.241055 0.85639
0 0.526235 0.238781 0.206703 0.237778 0.840106
0 0.526597 0.238558 0.208746 0.239873 0.871837
0 0.527901 0.24103 0.207533 0.237648 0.860516
0 0.530473 0.239433 0.204716 0.23557 0.870004
0 0.53009 0.238181 0.20883 0.240233 0.877547
0 0.530426 0.236818 0.209214 0.241028 0.849667
0 0.530992 0.240615 0.205212 0.237095 0.862298
0 0.528805 0.238596 0.204282 0.235918 0.855678
0 0.527569 0.239831 0.207173 0.237542 0.862657
0 0.528986 0.238919 0.207303 0.239723 0.853629
0 0.527856 0.238727 0.209074 0.240418 0.855153
0 0.527567 0.239817 0.20717 0.237538 0.862348
