0 0.149256 0.578875 0.221201 0.260241 0.659057
0 0.150766 0.585901 0.18156 0.223397 0.961821
0 0.753816 0.707842 0.18674 0.200947 0.921918
0 0.702197 0.281217 0.13568 0.154167 0.915277
0 0.592696 0.565202 0.15495 0.175783 0.885523
0 0.305094 0.411864 0.126519 0.149608 0.801679
0 0.72838 0.731864 0.22707 0.255511 0.659165
0 0.174193 0.604178 0.160696 0.193661 0.6225
0 0.568075 0.345863 0.189211 0.201746 0.601725
0 0.36867 0.329336 0.116352 0.142125 0.92696
0 0.688679 0.279407 0.10549 0.117134 0.846866
0 0.563842 0.299989 0.126199 0.151801 0.761529
0 0.583745 0.580422 0.15544 0.173619 0.719442
0 0.287599 0.410422 0.0934856 0.107013 0.619912
0 0.364076 0.32709 0.126863 0.15444 0.867974
0 0.687963 0.276161 0.109219 0.130584 0.853852
0 0.56096 0.301026 0.124643 0.154185 0.785651
0 0.576315 0.576476 0.145148 0.172581 0.759915
0 0.289214 0.41219 0.103401 0.126603 0.692949
0 0.400205 0.498998 0.152033 0.197445 0.636356
0 0.687719 0.277288 0.119412 0.144109 0.908369
0 0.36496 0.322991 0.137625 0.170892 0.901741
0 0.562404 0.298201 0.129881 0.157985 0.801486
0 0.580657 0.573279 0.173297 0.204879 0.775285
0 0.405683 0.491239 0.146983 0.188669 0.748622
0 0.286291 0.411962 0.12251 0.147408 0.711229
0 0.367211 0.328434 0.132668 0.166743 0.933606
0 0.686677 0.28029 0.114323 0.13766 0.921251
0 0.577243 0.578116 0.147953 0.17152 0.876789
0 0.559809 0.30276 0.130684 0.160824 0.84535
0 0.404981 0.505094 0.149537 0.19437 0.814958
0 0.285387 0.414363 0.117174 0.136267 0.805951
0 0.619022 0.386085 0.116003 0.142324 0.714107
0 0.718604 0.430194 0.135461 0.161163 0.68666
0 0.15447 0.586301 0.148427 0.180671 0.651954
0 0.688153 0.277292 0.10892 0.126342 0.820524
0 0.289997 0.408988 0.101924 0.125283 0.762302
0 0.567902 0.300564 0.134427 0.157441 0.761171
0 0.368079 0.332036 0.140688 0.16641 0.744313
0 0.582337 0.571517 0.165399 0.196027 0.721241
0 0.408563 0.495257 0.146622 0.186467 0.633888
0 0.68548 0.276556 0.115444 0.141697 0.860256
0 0.364324 0.327219 0.136619 0.167816 0.767835
0 0.288237 0.411365 0.118262 0.138485 0.766306
0 0.158293 0.584702 0.162081 0.191961 0.651307
0 0.572617 0.579932 0.171206 0.204313 0.646229
0 0.565847 0.300775 0.137814 0.161537 0.63721
0 0.687345 0.276806 0.117901 0.137919 0.780237
0 0.579185 0.574637 0.171677 0.212943 0.774499
0 0.36292 0.334085 0.14246 0.171324 0.748881
0 0.567019 0.29868 0.134219 0.164333 0.73432
0 0.409351 0.495741 0.160389 0.198957 0.714555
0 0.287102 0.408177 0.117051 0.137462 0.643684
0 0.621192 0.381365 0.122565 0.144084 0.627049
0 0.723383 0.421569 0.151614 0.182174 0.617586
0 0.763965 0.718728 0.178538 0.212751 0.606071
0 0.689444 0.276321 0.106656 0.124512 0.803813
0 0.564679 0.302224 0.12839 0.158168 0.790011
0 0.577033 0.573073 0.158394 0.19274 0.767264
0 0.364166 0.331772 0.125558 0.154956 0.756775
0 0.287413 0.409878 0.101885 0.123399 0.708538
0 0.155357 0.581117 0.147705 0.176285 0.657804
0 0.720581 0.423816 0.15182 0.184804 0.656293
0 0.404408 0.492938 0.155906 0.188062 0.650426
0 0.760615 0.715727 0.170547 0.204477 0.623244
0 0.686412 0.279489 0.116297 0.135117 0.851922
0 0.572195 0.575644 0.184502 0.207779 0.811205
0 0.362743 0.325247 0.147467 0.165887 0.791003
0 0.561985 0.300695 0.136168 0.158161 0.752611
0 0.407299 0.495213 0.18282 0.209834 0.701028
0 0.285187 0.414399 0.121588 0.13468 0.699824
0 0.725724 0.426691 0.160031 0.18452 0.692522
0 0.152165 0.582777 0.152101 0.176052 0.653727
0 0.620602 0.383811 0.126175 0.142211 0.637614
0 0.36372 0.328993 0.128608 0.151049 0.808593
0 0.55811 0.300922 0.1261 0.151169 0.76485
0 0.686445 0.28021 0.111152 0.126511 0.727938
0 0.577699 0.574973 0.152702 0.182035 0.704206
0 0.285024 0.412275 0.111836 0.126171 0.628771
0 0.575481 0.574668 0.174511 0.204276 0.792209
0 0.367033 0.326428 0.14331 0.167133 0.760456
0 0.688845 0.281166 0.121494 0.1479 0.756202
0 0.562673 0.299895 0.139384 0.164219 0.70437
0 0.410619 0.496886 0.186724 0.222108 0.697643
0 0.149503 0.58664 0.167112 0.197774 0.671708
0 0.285248 0.415255 0.122851 0.143981 0.6394
0 0.726297 0.427833 0.160268 0.181614 0.608635
0 0.366346 0.325967 0.141165 0.163375 0.846634
0 0.687715 0.27661 0.122932 0.14188 0.812189
0 0.581299 0.575645 0.159996 0.193773 0.767519
0 0.564135 0.299556 0.141877 0.165551 0.756352
0 0.286572 0.413092 0.12416 0.142762 0.69136
0 0.415639 0.495083 0.18353 0.218912 0.656083
0 0.726333 0.424375 0.158327 0.189492 0.63395
0 0.689204 0.280362 0.11506 0.134805 0.84124
0 0.285268 0.415539 0.119507 0.13959 0.791445
0 0.577543 0.570962 0.173063 0.201314 0.776311
0 0.364512 0.324478 0.140244 0.166776 0.747379
0 0.726993 0.42518 0.157431 0.184461 0.746304
0 0.567175 0.295412 0.13168 0.162045 0.730713
0 0.412471 0.499988 0.16429 0.200162 0.679847
0 0.154198 0.581794 0.152724 0.179474 0.661793
0 0.622399 0.379281 0.109459 0.134399 0.641182
0 0.690171 0.278008 0.115835 0.135738 0.878717
0 0.368337 0.325477 0.1377 0.160655 0.856408
0 0.561793 0.300217 0.135656 0.163187 0.80122
0 0.578837 0.570856 0.167065 0.197715 0.786691
0 0.405338 0.498708 0.173184 0.20324 0.752263
0 0.720253 0.427092 0.151318 0.177515 0.734808
0 0.28792 0.41242 0.116453 0.135264 0.719102
0 0.157257 0.585519 0.161068 0.197953 0.707174
0 0.622337 0.382275 0.117477 0.139094 0.673255
0 0.689614 0.278946 0.114914 0.136238 0.834458
0 0.561456 0.30042 0.138173 0.159833 0.789716
0 0.285709 0.414042 0.120586 0.13975 0.77939
0 0.365842 0.327812 0.138287 0.16287 0.775805
0 0.576007 0.573671 0.168502 0.19973 0.763177
0 0.724663 0.427582 0.146606 0.171747 0.630861
0 0.406706 0.501635 0.17085 0.20487 0.62956
0 0.367048 0.324924 0.144059 0.164758 0.854811
0 0.691757 0.280575 0.119009 0.134975 0.85173
0 0.565077 0.301363 0.138349 0.162495 0.823378
0 0.57855 0.573538 0.173314 0.202167 0.800076
0 0.287521 0.416041 0.123808 0.141611 0.797944
0 0.1575 0.588743 0.172618 0.201421 0.775293
0 0.409899 0.500887 0.166495 0.200921 0.761157
0 0.727717 0.431153 0.156446 0.182316 0.757068
0 0.76946 0.710114 0.193329 0.221999 0.73484
0 0.688934 0.277789 0.116804 0.142477 0.813783
0 0.573485 0.572329 0.169524 0.20593 0.788746
0 0.36496 0.324434 0.134486 0.161427 0.78392
0 0.28506 0.410823 0.121483 0.14655 0.761625
0 0.560979 0.297804 0.136581 0.160824 0.74778
0 0.40646 0.502448 0.165265 0.205282 0.679279
0 0.620432 0.378654 0.114671 0.141454 0.601442
0 0.575503 0.571355 0.173123 0.201758 0.726023
0 0.689394 0.280139 0.123476 0.141431 0.719824
0 0.364809 0.325223 0.142835 0.164804 0.674785
0 0.411073 0.491908 0.177709 0.218803 0.673226
0 0.562019 0.299993 0.138183 0.157584 0.664115
0 0.157967 0.585208 0.170893 0.198586 0.655324
0 0.285989 0.41425 0.123413 0.14057 0.644984
0 0.725053 0.424313 0.162781 0.18617 0.608365
0 0.562051 0.299834 0.142333 0.170111 0.748614
0 0.367763 0.326033 0.140866 0.161057 0.744776
0 0.579494 0.572439 0.171339 0.205078 0.729241
0 0.412798 0.490194 0.180068 0.216576 0.71851
0 0.689302 0.280003 0.121576 0.139082 0.715548
0 0.287064 0.413766 0.128025 0.149704 0.691584
0 0.724537 0.424519 0.158418 0.186416 0.641936
0 0.76503 0.709113 0.183672 0.219602 0.618861
0 0.165919 0.583923 0.161575 0.192601 0.607048
0 0.689046 0.280975 0.120084 0.142407 0.888541
0 0.562701 0.30175 0.134254 0.158308 0.875008
0 0.365986 0.326657 0.139232 0.161395 0.855187
0 0.285771 0.415746 0.123856 0.14352 0.840832
0 0.577602 0.575366 0.173903 0.20259 0.818576
0 0.723469 0.427595 0.149856 0.177975 0.783966
0 0.408046 0.501665 0.175702 0.211518 0.776556
0 0.161478 0.588591 0.164516 0.192387 0.730293
0 0.623484 0.38149 0.115867 0.139345 0.651495
0 0.762479 0.717612 0.182687 0.213977 0.65007
0 0.3668 0.327236 0.140768 0.159267 0.831026
0 0.579237 0.57476 0.173212 0.202882 0.808171
0 0.688459 0.279066 0.115642 0.133351 0.79614
0 0.559261 0.300764 0.136276 0.157394 0.772649
0 0.287273 0.414443 0.11712 0.134105 0.763677
0 0.157935 0.589459 0.175009 0.208957 0.71368
0 0.406841 0.496639 0.17222 0.200949 0.708601
0 0.724626 0.430041 0.149857 0.177014 0.677628
0 0.285541 0.415981 0.119414 0.138037 0.829401
0 0.687318 0.280729 0.111684 0.131364 0.81651
0 0.363837 0.32729 0.134959 0.154081 0.81528
0 0.721389 0.428236 0.148343 0.172302 0.794635
0 0.55851 0.302036 0.137939 0.16033 0.783815
0 0.152654 0.587256 0.164611 0.193565 0.759764
0 0.57536 0.570231 0.169135 0.199716 0.756884
0 0.409172 0.499844 0.174733 0.205142 0.748663
0 0.756347 0.712044 0.177197 0.212942 0.637409
0 0.621216 0.385469 0.120226 0.143814 0.619775
0 0.578966 0.570859 0.172391 0.200715 0.825983
0 0.36621 0.327003 0.142158 0.165309 0.819559
0 0.564314 0.299498 0.140612 0.164964 0.796818
0 0.287133 0.412214 0.12289 0.141714 0.789014
0 0.409663 0.500472 0.173367 0.21073 0.78873
0 0.15683 0.5888 0.169971 0.200276 0.788357
0 0.726391 0.426622 0.156763 0.184736 0.787525
0 0.689217 0.280137 0.116808 0.137538 0.782533
0 0.763666 0.713641 0.178075 0.21082 0.692935
0 0.621947 0.381188 0.124184 0.148243 0.639424
0 0.685417 0.281017 0.121249 0.144689 0.858669
0 0.364299 0.327101 0.139229 0.164669 0.837418
0 0.57637 0.572172 0.168355 0.197259 0.827618
0 0.556597 0.300551 0.140852 0.164778 0.802362
0 0.407929 0.500964 0.174023 0.202705 0.774331
0 0.151865 0.590018 0.172691 0.197894 0.764973
0 0.72646 0.430287 0.173835 0.195842 0.752685
0 0.284496 0.415441 0.127654 0.147819 0.746629
0 0.755114 0.713338 0.191351 0.22199 0.684804
0 0.620374 0.385151 0.130048 0.149977 0.616243
0 0.578044 0.572334 0.173071 0.198686 0.843834
0 0.560181 0.300059 0.143838 0.166356 0.822717
0 0.284678 0.414382 0.118713 0.13758 0.778277
0 0.36519 0.328694 0.138448 0.15632 0.775073
0 0.686335 0.284534 0.110741 0.12833 0.770509
0 0.72375 0.433876 0.155206 0.178556 0.759087
0 0.403999 0.499643 0.174332 0.200968 0.742653
0 0.151999 0.588728 0.166257 0.192848 0.74167
0 0.759828 0.718915 0.180277 0.208084 0.662151
0 0.689731 0.283189 0.113158 0.130112 0.836691
0 0.286952 0.416545 0.120678 0.138023 0.800677
0 0.56311 0.302077 0.139088 0.16016 0.796308
0 0.367695 0.330221 0.134296 0.152713 0.795814
0 0.151243 0.587568 0.162123 0.184566 0.774904
0 0.579062 0.573791 0.170455 0.19453 0.770375
0 0.724244 0.428309 0.1555 0.176799 0.722645
0 0.407599 0.502351 0.165913 0.19413 0.720776
0 0.688388 0.281222 0.109441 0.130866 0.742032
0 0.365879 0.326695 0.130375 0.15389 0.731591
0 0.284929 0.41088 0.118997 0.136563 0.718646
0 0.560738 0.300321 0.137829 0.161651 0.702951
0 0.578771 0.573296 0.17009 0.194056 0.693545
0 0.725645 0.426977 0.155327 0.181747 0.67649
0 0.623102 0.380512 0.117895 0.13764 0.656584
0 0.760805 0.715721 0.178234 0.206 0.654414
0 0.404645 0.50145 0.161928 0.200061 0.627503
0 0.153057 0.585927 0.153499 0.181845 0.626409
0 0.692243 0.280385 0.117315 0.133868 0.736007
0 0.565351 0.298573 0.1384 0.160047 0.733696
0 0.367982 0.325483 0.139864 0.160837 0.724581
0 0.40741 0.493402 0.17366 0.211805 0.722757
0 0.577977 0.569478 0.171081 0.200353 0.717689
0 0.288549 0.413063 0.123644 0.142896 0.707184
0 0.160427 0.582284 0.164991 0.195062 0.672604
0 0.728524 0.424507 0.161161 0.187869 0.637847
0 0.689779 0.28121 0.1205 0.139368 0.839994
0 0.578177 0.569022 0.178102 0.205542 0.825379
0 0.284122 0.41413 0.130364 0.146975 0.796656
0 0.560192 0.301296 0.140805 0.161178 0.788296
0 0.404453 0.496836 0.177212 0.216372 0.779212
0 0.158275 0.585425 0.171944 0.202723 0.772518
0 0.366795 0.32396 0.143687 0.161483 0.753641
0 0.727759 0.429897 0.157913 0.182035 0.742973
0 0.765572 0.706507 0.180414 0.216838 0.660677
0 0.618512 0.381507 0.128436 0.143525 0.647023
0 0.687093 0.283057 0.112347 0.136818 0.888971
0 0.285446 0.413005 0.124124 0.143727 0.827765
0 0.725401 0.431995 0.153814 0.181628 0.813425
0 0.577365 0.570567 0.174363 0.201529 0.808752
0 0.562173 0.29799 0.141267 0.166283 0.778535
0 0.403914 0.499949 0.176249 0.210787 0.77391
0 0.36429 0.324214 0.14151 0.166289 0.754162
0 0.152583 0.589767 0.178321 0.209659 0.751941
0 0.620977 0.383646 0.123704 0.145792 0.695884
0 0.689771 0.283037 0.121298 0.141382 0.829075
0 0.561829 0.302194 0.140567 0.162428 0.825597
0 0.57929 0.570983 0.175297 0.206137 0.815329
0 0.28491 0.415558 0.125429 0.143114 0.809976
0 0.363718 0.32794 0.137952 0.160287 0.802581
0 0.722925 0.432986 0.15136 0.17767 0.801963
0 0.154327 0.590657 0.171911 0.200392 0.773073
0 0.4028 0.499771 0.166814 0.19755 0.759204
0 0.621286 0.383626 0.123134 0.141181 0.664123
0 0.565146 0.302341 0.137752 0.161464 0.833563
0 0.578358 0.576088 0.168207 0.190787 0.830022
0 0.688656 0.286877 0.116209 0.134596 0.824689
0 0.368001 0.330272 0.136415 0.158091 0.814777
0 0.288558 0.416896 0.120304 0.136592 0.802624
0 0.725943 0.430877 0.147278 0.171462 0.766881
0 0.159656 0.5852 0.161117 0.189253 0.735957
0 0.403216 0.501154 0.171956 0.198478 0.73123
0 0.622975 0.385073 0.11995 0.138434 0.656897
0 0.580685 0.570296 0.175339 0.202383 0.788487
0 0.288166 0.412931 0.11876 0.13564 0.784821
0 0.56344 0.298751 0.139381 0.162744 0.77724
0 0.688128 0.280429 0.115765 0.134552 0.766437
0 0.367317 0.323072 0.142662 0.16598 0.762654
0 0.727963 0.427482 0.168554 0.194823 0.738981
0 0.15675 0.581397 0.177646 0.206567 0.709513
0 0.40456 0.496873 0.173593 0.203932 0.691624
0 0.619165 0.380739 0.119568 0.139683 0.636012
0 0.285423 0.411597 0.12342 0.143152 0.708176
0 0.57839 0.567671 0.172703 0.202658 0.698312
0 0.365664 0.324447 0.141012 0.161843 0.675133
0 0.563474 0.30033 0.141326 0.165107 0.665773
0 0.687679 0.281625 0.113033 0.132191 0.662324
0 0.726167 0.426878 0.147531 0.17533 0.658975
0 0.405175 0.497045 0.170583 0.201499 0.652395
0 0.156308 0.5793 0.16907 0.193389 0.60965
0 0.685575 0.283607 0.122346 0.13694 0.790774
0 0.574122 0.573151 0.173534 0.200334 0.789
0 0.724782 0.426985 0.159612 0.1848 0.779001
0 0.284879 0.415744 0.125967 0.144208 0.768016
0 0.365796 0.328563 0.141011 0.162048 0.761416
0 0.564093 0.302218 0.134616 0.15669 0.745192
0 0.404357 0.501062 0.175984 0.207875 0.740488
0 0.156236 0.582501 0.174048 0.200319 0.733797
0 0.617876 0.383227 0.122342 0.141305 0.662005
0 0.58101 0.57087 0.174356 0.203828 0.83242
0 0.367276 0.326496 0.143555 0.165856 0.819343
0 0.405526 0.498176 0.179179 0.212988 0.811624
0 0.563126 0.300103 0.140323 0.163303 0.805008
0 0.687659 0.283773 0.119576 0.13327 0.79912
0 0.286754 0.414977 0.123647 0.139751 0.787162
0 0.727632 0.428154 0.161062 0.187935 0.782597
0 0.15971 0.582534 0.170764 0.202345 0.778362
0 0.760705 0.711818 0.18434 0.216136 0.704902
0 0.620593 0.383655 0.120949 0.139331 0.633453
0 0.579626 0.572283 0.169075 0.195306 0.751126
0 0.561475 0.299665 0.142647 0.167331 0.735447
0 0.409186 0.49812 0.17733 0.206218 0.732125
0 0.686725 0.288266 0.123864 0.143284 0.72681
0 0.365019 0.32713 0.141496 0.160636 0.718241
0 0.726979 0.426271 0.155951 0.18157 0.714808
0 0.156825 0.582938 0.171251 0.198226 0.704303
0 0.287477 0.415669 0.121229 0.141144 0.702773
0 0.763189 0.710243 0.18259 0.209979 0.683576
0 0.688087 0.285945 0.115104 0.133846 0.798108
0 0.578664 0.575073 0.171097 0.196997 0.780482
0 0.563366 0.300738 0.132996 0.155726 0.759129
0 0.365577 0.327909 0.139435 0.161552 0.751435
0 0.286555 0.412682 0.119344 0.134798 0.72476
0 0.726623 0.430239 0.159606 0.186103 0.716664
0 0.158868 0.585367 0.168991 0.197506 0.708046
0 0.4049 0.501863 0.16887 0.20159 0.666428
0 0.576207 0.569834 0.172756 0.202077 0.823338
0 0.366431 0.325671 0.13844 0.162319 0.802314
0 0.689188 0.283493 0.114216 0.132006 0.792988
0 0.407543 0.495388 0.175323 0.209706 0.780327
0 0.562454 0.299249 0.140703 0.16597 0.774862
0 0.726784 0.42454 0.159284 0.186572 0.750416
0 0.286774 0.411613 0.119083 0.135521 0.730764
0 0.158317 0.580797 0.171696 0.200871 0.727624
0 0.759309 0.707744 0.179998 0.212694 0.63969
0 0.578287 0.570572 0.171706 0.200011 0.790898
0 0.692673 0.284197 0.114855 0.13505 0.777229
0 0.158088 0.583012 0.18188 0.210106 0.762312
0 0.364929 0.325982 0.140769 0.1636 0.759549
0 0.287661 0.413255 0.123279 0.142996 0.759402
0 0.561063 0.301317 0.141264 0.163649 0.742021
0 0.407356 0.499801 0.183568 0.220626 0.737708
0 0.725741 0.428529 0.156705 0.182762 0.733095
0 0.620552 0.384575 0.123352 0.146796 0.605896
0 0.579402 0.573897 0.17134 0.199305 0.826521
0 0.365094 0.325982 0.135896 0.155701 0.816989
0 0.688336 0.283893 0.119103 0.139624 0.807807
0 0.287766 0.413251 0.121473 0.137918 0.797097
0 0.563204 0.300105 0.139225 0.163692 0.775014
0 0.727827 0.428975 0.160014 0.188632 0.755333
0 0.158547 0.581429 0.173982 0.199508 0.750804
0 0.405494 0.501018 0.166323 0.195236 0.722094
0 0.621426 0.382752 0.12385 0.143215 0.623915
0 0.766096 0.714574 0.171915 0.202331 0.61678
0 0.578415 0.573027 0.164229 0.195095 0.84334
0 0.366594 0.326827 0.13434 0.158067 0.811911
0 0.691323 0.282074 0.112177 0.13899 0.798041
0 0.564889 0.302163 0.135349 0.156574 0.790317
0 0.726589 0.42892 0.150835 0.18184 0.761935
0 0.288762 0.412421 0.11661 0.136207 0.761349
0 0.158179 0.585044 0.172437 0.19904 0.754446
0 0.405545 0.502166 0.171539 0.212613 0.752452
0 0.764707 0.713301 0.176444 0.211042 0.677128
0 0.690809 0.281639 0.11366 0.135224 0.843548
0 0.365848 0.32481 0.135807 0.15658 0.816121
0 0.577169 0.571841 0.169611 0.195463 0.786869
0 0.287278 0.413915 0.121443 0.13744 0.785303
0 0.563893 0.301248 0.135426 0.157922 0.779501
0 0.158389 0.578071 0.159346 0.183304 0.716417
0 0.726409 0.427664 0.148598 0.171999 0.709245
0 0.404733 0.498844 0.171523 0.204243 0.699756
0 0.621882 0.381982 0.118404 0.135449 0.619718
0 0.68873 0.280987 0.120251 0.13802 0.805688
0 0.364682 0.324874 0.141628 0.163945 0.795257
0 0.562885 0.299723 0.137507 0.159994 0.78272
0 0.284292 0.412554 0.124156 0.143766 0.777893
0 0.158897 0.5811 0.175891 0.202504 0.775273
0 0.577264 0.572268 0.173764 0.200599 0.772023
0 0.406791 0.499099 0.182285 0.217351 0.771491
0 0.726525 0.427336 0.158501 0.184851 0.755404
0 0.761853 0.711805 0.180753 0.213095 0.636141
0 0.619085 0.382208 0.121657 0.139923 0.63204
0 0.689461 0.28482 0.112647 0.131163 0.83448
0 0.366432 0.327596 0.137175 0.158956 0.822139
0 0.562061 0.301382 0.138618 0.160138 0.815555
0 0.285734 0.415529 0.120015 0.135041 0.814708
0 0.574747 0.575747 0.164318 0.196542 0.799711
0 0.158333 0.586261 0.165184 0.192329 0.750301
0 0.725555 0.428905 0.147145 0.172144 0.744005
0 0.406366 0.50226 0.160892 0.192591 0.716611
0 0.621351 0.385261 0.119142 0.138001 0.699178
0 0.760759 0.716174 0.175756 0.209255 0.69245
0 0.688326 0.284636 0.118219 0.13733 0.849609
0 0.286711 0.413611 0.122895 0.137065 0.818848
0 0.365155 0.326001 0.140097 0.164329 0.816397
0 0.5619 0.300795 0.142785 0.165997 0.797122
0 0.575332 0.575937 0.16859 0.193734 0.790081
0 0.726206 0.429736 0.160977 0.18602 0.782891
0 0.403939 0.499784 0.169372 0.201298 0.777916
0 0.154071 0.587297 0.177016 0.201542 0.748337
0 0.622679 0.384258 0.122985 0.145996 0.714172
0 0.687253 0.286921 0.118801 0.137444 0.808198
0 0.365827 0.327232 0.139028 0.163136 0.804617
0 0.575732 0.574115 0.172992 0.201609 0.78729
0 0.561626 0.30073 0.139428 0.164551 0.779298
0 0.286999 0.415471 0.122668 0.142145 0.769336
0 0.725033 0.428597 0.160009 0.189255 0.769244
0 0.152779 0.587311 0.170236 0.202454 0.758704
0 0.404011 0.500138 0.173891 0.212071 0.705811
0 0.760677 0.714431 0.177285 0.209052 0.642554
0 0.622123 0.387059 0.120322 0.145817 0.602383
0 0.688343 0.287029 0.122355 0.137553 0.787494
0 0.368591 0.328106 0.144272 0.166666 0.770243
0 0.159572 0.588284 0.174895 0.203573 0.760261
0 0.579846 0.574765 0.171841 0.196799 0.75094
0 0.287375 0.414072 0.127102 0.146095 0.741395
0 0.56397 0.300844 0.143091 0.165201 0.714007
0 0.728171 0.428828 0.155836 0.18379 0.707936
0 0.624394 0.38484 0.126596 0.148817 0.695715
0 0.406279 0.500747 0.175869 0.206927 0.689148
0 0.765318 0.710896 0.177402 0.209491 0.617628
0 0.367126 0.327327 0.137704 0.158029 0.80808
0 0.688325 0.287397 0.117502 0.134547 0.80225
0 0.581212 0.57658 0.166392 0.191199 0.798105
0 0.561437 0.299833 0.140963 0.163497 0.790592
0 0.287097 0.41502 0.120994 0.139037 0.78466
0 0.156242 0.584947 0.171099 0.198932 0.757933
0 0.726739 0.429633 0.158464 0.187341 0.751857
0 0.403774 0.500526 0.170614 0.202918 0.702729
0 0.620787 0.386631 0.12367 0.142224 0.62666
0 0.366485 0.32469 0.138505 0.160106 0.833271
0 0.688657 0.282551 0.11577 0.133129 0.822295
0 0.562457 0.298794 0.139318 0.162893 0.8191
0 0.577349 0.572344 0.166077 0.196049 0.804586
0 0.724853 0.425943 0.157816 0.184074 0.803231
0 0.28536 0.412774 0.122091 0.136708 0.796445
0 0.156224 0.580502 0.167644 0.192285 0.753338
0 0.403827 0.499186 0.1674 0.198839 0.742942
0 0.759661 0.712882 0.180025 0.209137 0.676788
0 0.618033 0.3825 0.120724 0.140497 0.661744
0 0.367822 0.325897 0.139209 0.161732 0.842817
0 0.690101 0.284531 0.114785 0.132236 0.829934
0 0.579944 0.573124 0.171278 0.19567 0.815495
0 0.562751 0.297305 0.141522 0.167023 0.813344
0 0.286701 0.41369 0.121653 0.137994 0.78907
0 0.156196 0.582076 0.172852 0.197982 0.757047
0 0.727911 0.427369 0.161016 0.189259 0.749912
0 0.406083 0.49905 0.172495 0.208639 0.711751
0 0.622079 0.38745 0.127503 0.152943 0.666026
0 0.689438 0.286507 0.117114 0.135516 0.846318
0 0.366734 0.327158 0.135683 0.156273 0.838448
0 0.579872 0.574882 0.168758 0.1985 0.797402
0 0.562375 0.301559 0.134865 0.157698 0.792704
0 0.286954 0.417029 0.122498 0.139483 0.784137
0 0.727264 0.429993 0.15809 0.185888 0.763287
0 0.155672 0.583542 0.165815 0.190926 0.748925
0 0.408867 0.502017 0.164977 0.197788 0.723682
0 0.618483 0.385527 0.126517 0.146956 0.691923
0 0.580139 0.57373 0.168896 0.196511 0.833672
0 0.688966 0.284746 0.117088 0.133116 0.82699
0 0.366935 0.327634 0.136842 0.155994 0.816885
0 0.725025 0.428275 0.155132 0.184185 0.79601
0 0.564743 0.299005 0.136465 0.159443 0.790945
0 0.289355 0.415659 0.119063 0.135803 0.78774
0 0.40805 0.499392 0.16526 0.194053 0.765098
0 0.155535 0.58151 0.163058 0.185585 0.745248
0 0.759675 0.71492 0.177052 0.202648 0.69201
0 0.62186 0.384351 0.124476 0.14247 0.675271
0 0.689987 0.283137 0.118553 0.135825 0.74783
0 0.726336 0.427375 0.157133 0.189764 0.746132
0 0.57721 0.57052 0.173188 0.201658 0.743999
0 0.36823 0.325744 0.138661 0.163506 0.740664
0 0.561485 0.298044 0.141546 0.168358 0.707965
0 0.405123 0.497893 0.174819 0.211822 0.694449
0 0.286356 0.414123 0.122421 0.140221 0.691593
0 0.158856 0.578235 0.167813 0.195176 0.671243
0 0.692378 0.285536 0.118988 0.139281 0.812864
0 0.368305 0.327683 0.135235 0.158613 0.80968
0 0.726035 0.429496 0.153608 0.182652 0.80114
0 0.577264 0.572448 0.167229 0.197635 0.783332
0 0.562361 0.30035 0.139284 0.162622 0.767806
0 0.28783 0.41488 0.121851 0.138967 0.766091
0 0.155786 0.584591 0.165397 0.193492 0.720443
0 0.406286 0.500474 0.168841 0.199801 0.684245
0 0.623912 0.384794 0.12473 0.147764 0.654922
0 0.76314 0.714481 0.172064 0.202417 0.615911
0 0.578507 0.572829 0.17214 0.197734 0.836886
0 0.368665 0.326027 0.142816 0.168668 0.804997
0 0.691592 0.284594 0.121132 0.142478 0.798231
0 0.562385 0.300769 0.145754 0.169606 0.769568
0 0.158224 0.583906 0.170085 0.198186 0.75887
0 0.409111 0.499712 0.180596 0.212134 0.758314
0 0.287592 0.414791 0.125064 0.14481 0.753119
0 0.726683 0.429319 0.152434 0.181836 0.740731
0 0.622153 0.387042 0.130571 0.151828 0.680022
0 0.76378 0.712849 0.18594 0.216759 0.672263
0 0.579369 0.571358 0.172019 0.200923 0.744624
0 0.691628 0.283792 0.12249 0.138327 0.741641
0 0.368192 0.32467 0.14353 0.166703 0.734844
0 0.72783 0.425183 0.153427 0.181619 0.717983
0 0.56381 0.299439 0.140929 0.163408 0.700476
0 0.156152 0.580084 0.165092 0.188834 0.682161
0 0.286898 0.415088 0.12747 0.147292 0.67664
0 0.408477 0.497196 0.176267 0.207624 0.616865
0 0.367097 0.323711 0.140608 0.162341 0.805345
0 0.69226 0.283621 0.119057 0.137494 0.803697
0 0.577461 0.571321 0.171616 0.199456 0.802122
0 0.562189 0.298571 0.141388 0.166107 0.77584
0 0.724689 0.4262 0.152893 0.180503 0.767267
0 0.28856 0.414497 0.123186 0.140205 0.738483
0 0.156398 0.579442 0.166427 0.193952 0.707689
0 0.406729 0.49818 0.171174 0.201004 0.700391
0 0.622598 0.384789 0.126788 0.145561 0.63816
0 0.764052 0.706684 0.186113 0.216199 0.62285
0 0.576906 0.575375 0.172315 0.201873 0.835468
0 0.690817 0.285219 0.119722 0.140113 0.828207
0 0.367691 0.325947 0.142203 0.168657 0.814982
0 0.562135 0.300993 0.140614 0.164992 0.796418
0 0.286562 0.414663 0.122091 0.141543 0.791215
0 0.155078 0.581845 0.160325 0.186095 0.748801
0 0.406043 0.502883 0.176693 0.210761 0.746387
0 0.621548 0.38572 0.132804 0.157314 0.687109
0 0.72475 0.430615 0.153144 0.180075 0.678559
0 0.368623 0.324292 0.141622 0.164728 0.793068
0 0.582412 0.576278 0.167323 0.193892 0.783481
0 0.691719 0.286278 0.121564 0.137423 0.774316
0 0.563699 0.298888 0.138633 0.16156 0.762941
0 0.727441 0.430076 0.155675 0.18537 0.760357
0 0.157736 0.581656 0.165653 0.190669 0.746556
0 0.287964 0.414176 0.121488 0.141102 0.734028
0 0.408055 0.49924 0.176763 0.208639 0.705066
0 0.763681 0.713908 0.178883 0.206176 0.654714
0 0.366585 0.323029 0.139023 0.161523 0.77898
0 0.688169 0.288419 0.119861 0.139406 0.771575
0 0.578638 0.574293 0.164999 0.191727 0.760149
0 0.727679 0.428347 0.156183 0.185415 0.757674
0 0.562908 0.297941 0.137621 0.160503 0.744802
0 0.287337 0.416347 0.123397 0.140287 0.72371
0 0.404045 0.497481 0.1735 0.206597 0.711279
0 0.155564 0.579032 0.160915 0.185858 0.704395
0 0.622114 0.387356 0.123074 0.150143 0.644232
0 0.762782 0.710626 0.180361 0.210488 0.629013
0 0.689632 0.287677 0.118236 0.137656 0.849826
0 0.368079 0.323214 0.139505 0.164351 0.843146
0 0.577979 0.576449 0.169389 0.197539 0.830351
0 0.72749 0.428661 0.156772 0.186172 0.816843
0 0.565411 0.299432 0.135526 0.160614 0.811421
0 0.287098 0.415025 0.12298 0.140843 0.808894
0 0.623575 0.385903 0.126086 0.149623 0.758956
0 0.159314 0.583679 0.162484 0.189765 0.746848
0 0.408041 0.500184 0.172223 0.203125 0.72603
0 0.765899 0.71402 0.17664 0.20538 0.696467
0 0.579085 0.57524 0.170183 0.198083 0.845606
0 0.689886 0.288797 0.119902 0.136703 0.811791
0 0.368108 0.326592 0.135398 0.158394 0.765851
0 0.725259 0.428932 0.160154 0.187732 0.756894
0 0.287364 0.415275 0.123132 0.140341 0.75201
0 0.565225 0.298735 0.136525 0.161239 0.749758
0 0.406517 0.500084 0.168577 0.19964 0.73967
0 0.156194 0.580737 0.161685 0.187803 0.711602
0 0.762684 0.711492 0.176506 0.207364 0.682141
0 0.624144 0.387077 0.123311 0.148143 0.651702
0 0.5786 0.576952 0.170584 0.198544 0.855481
0 0.687837 0.288481 0.119562 0.137941 0.812713
0 0.366436 0.326143 0.13775 0.15833 0.79646
0 0.564654 0.298908 0.135035 0.160398 0.775159
0 0.28671 0.414358 0.120896 0.138842 0.774487
0 0.407793 0.49987 0.163329 0.194036 0.760737
0 0.155298 0.582624 0.161578 0.187957 0.753908
0 0.726857 0.429664 0.151933 0.178038 0.720121
0 0.763967 0.710667 0.177987 0.207527 0.706938
0 0.623243 0.386699 0.122222 0.145518 0.687335
0 0.57993 0.574812 0.16514 0.190351 0.836265
0 0.689484 0.28836 0.119329 0.135919 0.783262
0 0.3666 0.324832 0.136714 0.157465 0.782312
0 0.286594 0.415705 0.122186 0.139322 0.728048
0 0.156953 0.581298 0.160545 0.184176 0.716776
0 0.56342 0.298373 0.138384 0.160281 0.715003
0 0.72657 0.427965 0.152384 0.181318 0.710125
0 0.410131 0.50029 0.165959 0.19621 0.683039
0 0.765648 0.711338 0.178826 0.207028 0.631286
0 0.623139 0.385734 0.124131 0.146761 0.624411
0 0.57985 0.576113 0.168731 0.194655 0.829796
0 0.688497 0.286981 0.116156 0.134045 0.818589
0 0.366122 0.324907 0.140369 0.164278 0.787981
0 0.726122 0.429012 0.159054 0.18901 0.7596
0 0.28727 0.413418 0.12059 0.135075 0.758688
0 0.564547 0.298949 0.137517 0.163421 0.756864
0 0.406899 0.49922 0.170842 0.203293 0.676298
0 0.621376 0.385071 0.126551 0.149616 0.662278
0 0.761373 0.71437 0.174 0.205249 0.652374
0 0.153512 0.582101 0.159407 0.185508 0.649526
0 0.690292 0.28812 0.122385 0.138552 0.866859
0 0.581063 0.576384 0.171836 0.201231 0.855605
0 0.367244 0.326109 0.140909 0.16637 0.853766
0 0.287549 0.416449 0.123181 0.140669 0.826398
0 0.726605 0.430427 0.154339 0.186408 0.803659
0 0.563306 0.297742 0.142944 0.166692 0.802934
0 0.156896 0.582089 0.168034 0.194764 0.77866
0 0.41181 0.500365 0.174819 0.207974 0.77638
0 0.621911 0.385991 0.127739 0.151495 0.701838
0 0.767938 0.714491 0.173788 0.204168 0.653925
0 0.576579 0.577788 0.171545 0.198755 0.831006
0 0.689842 0.287477 0.122594 0.138481 0.828007
0 0.367901 0.326871 0.141384 0.16408 0.806021
0 0.287229 0.415585 0.1244 0.141604 0.793966
0 0.563284 0.298936 0.138538 0.161904 0.762819
0 0.153102 0.58371 0.165317 0.191643 0.745966
0 0.726513 0.431615 0.156463 0.18419 0.733286
0 0.408791 0.500641 0.172392 0.202197 0.716589
0 0.622953 0.385568 0.125891 0.148455 0.697717
0 0.765567 0.712262 0.17749 0.206344 0.612823
0 0.367008 0.323522 0.143175 0.166408 0.874415
0 0.580364 0.572026 0.174238 0.197089 0.868724
0 0.690252 0.286558 0.120592 0.135489 0.859128
0 0.287445 0.415008 0.12297 0.140233 0.828371
0 0.564272 0.296843 0.139186 0.165019 0.825846
0 0.153968 0.579963 0.166197 0.190211 0.815904
0 0.408644 0.497235 0.17303 0.202731 0.796714
0 0.727805 0.426564 0.160305 0.186813 0.794443
0 0.624431 0.384152 0.124719 0.145127 0.756447
0 0.764124 0.708394 0.182577 0.213988 0.683789
0 0.689494 0.287406 0.119365 0.136777 0.81437
0 0.576979 0.575471 0.167339 0.193837 0.792398
0 0.407179 0.501275 0.168562 0.19772 0.786013
0 0.366766 0.325662 0.138796 0.161687 0.778491
0 0.725344 0.429872 0.156312 0.182753 0.742061
0 0.763547 0.714361 0.17763 0.206821 0.730338
0 0.153873 0.580664 0.16494 0.18954 0.727311
0 0.288248 0.416186 0.122391 0.13993 0.715807
0 0.562002 0.301176 0.138441 0.160407 0.711382
0 0.622694 0.386386 0.125717 0.144742 0.624817
0 0.57768 0.576328 0.170446 0.199161 0.824738
0 0.690835 0.286754 0.119104 0.138031 0.814261
0 0.366521 0.324455 0.140662 0.163267 0.788073
0 0.286878 0.416107 0.122869 0.139314 0.756489
0 0.563316 0.299298 0.137833 0.161769 0.752428
0 0.725446 0.42783 0.153873 0.182234 0.732023
0 0.404964 0.498921 0.16969 0.197754 0.729424
0 0.155557 0.582084 0.162295 0.186848 0.693504
0 0.765146 0.712668 0.17777 0.206389 0.660155
0 0.620218 0.386036 0.130419 0.151438 0.648323
0 0.578297 0.574483 0.170417 0.198821 0.848347
0 0.691161 0.28505 0.119294 0.137981 0.820295
0 0.367044 0.323399 0.137728 0.159035 0.81943
0 0.286549 0.414921 0.12544 0.141951 0.773004
0 0.562043 0.298684 0.138642 0.161835 0.772836
0 0.405592 0.497203 0.170617 0.195761 0.735129
0 0.727494 0.428745 0.159048 0.183701 0.700746
0 0.622104 0.385384 0.125733 0.144507 0.67829
0 0.767976 0.711779 0.171953 0.201899 0.616344
0 0.154377 0.577719 0.159471 0.183118 0.609363
0 0.580383 0.573749 0.166275 0.194368 0.863106
0 0.690325 0.287404 0.121317 0.137527 0.861054
0 0.369045 0.323879 0.136837 0.158484 0.828013
0 0.726942 0.42544 0.158063 0.183708 0.778111
0 0.287005 0.414263 0.123335 0.138398 0.766803
0 0.564105 0.297951 0.137559 0.161171 0.756464
0 0.406531 0.49861 0.163847 0.193008 0.755151
0 0.15594 0.580211 0.160942 0.183986 0.715443
0 0.621843 0.385211 0.126721 0.146005 0.700114
0 0.769759 0.713006 0.174475 0.202817 0.625489
0 0.579505 0.573424 0.169716 0.196207 0.841895
0 0.688564 0.287653 0.117715 0.135569 0.832152
0 0.36647 0.32376 0.137519 0.157339 0.790029
0 0.563385 0.298803 0.138867 0.162018 0.762531
0 0.286094 0.415209 0.1224 0.13838 0.755292
0 0.406188 0.496824 0.163426 0.19429 0.735373
0 0.726069 0.42539 0.15536 0.182464 0.72679
0 0.620769 0.385596 0.12228 0.140942 0.684083
0 0.155354 0.579169 0.157841 0.183808 0.666816
0 0.763227 0.711456 0.176165 0.205015 0.641865
0 0.690153 0.287446 0.118441 0.135268 0.843591
0 0.577239 0.572822 0.172797 0.197385 0.820126
0 0.367799 0.323674 0.138201 0.160963 0.815282
0 0.563636 0.296177 0.139477 0.164689 0.806016
0 0.287503 0.414323 0.12288 0.139582 0.792652
0 0.72598 0.425721 0.157618 0.183615 0.779617
0 0.408201 0.496984 0.1732 0.202519 0.763243
0 0.153656 0.579046 0.159963 0.184096 0.741296
0 0.622917 0.384721 0.124473 0.143345 0.726653
0 0.762822 0.708927 0.182766 0.211305 0.686874
0 0.579653 0.572512 0.166513 0.197279 0.798827
0 0.688631 0.286492 0.115598 0.135959 0.786257
0 0.36708 0.323254 0.137244 0.159571 0.76875
0 0.405421 0.496451 0.16402 0.194688 0.722113
0 0.286383 0.413825 0.121543 0.137734 0.710701
0 0.725851 0.425081 0.15611 0.182727 0.705833
0 0.156371 0.578678 0.160398 0.18579 0.678433
0 0.563208 0.295936 0.138522 0.164062 0.671785
0 0.620946 0.383981 0.126385 0.14752 0.635416
0 0.579995 0.574183 0.173534 0.19781 0.835948
0 0.689437 0.288808 0.121942 0.139551 0.827957
0 0.286906 0.416894 0.125326 0.142013 0.791384
0 0.726583 0.42684 0.161351 0.186853 0.787616
0 0.367438 0.32349 0.141812 0.164379 0.786883
0 0.155142 0.581011 0.165156 0.188086 0.772832
0 0.5638 0.298311 0.139787 0.164567 0.761495
0 0.405511 0.498165 0.168 0.19718 0.757633
0 0.62196 0.386243 0.129086 0.147364 0.679545
0 0.764362 0.710667 0.179939 0.210158 0.600738
0 0.57971 0.573335 0.174443 0.199871 0.798059
0 0.366901 0.323448 0.140273 0.161853 0.736326
0 0.688365 0.285709 0.120412 0.137089 0.727786
0 0.405005 0.496995 0.165973 0.195394 0.709816
0 0.155278 0.57852 0.166246 0.190108 0.681953
0 0.286669 0.413992 0.121514 0.138206 0.675013
0 0.724587 0.427283 0.153118 0.181302 0.674081
0 0.761836 0.711086 0.183841 0.21435 0.664712
0 0.562238 0.296641 0.141594 0.164779 0.644893
0 0.691034 0.285471 0.114731 0.134497 0.840783
0 0.578348 0.576338 0.17 0.198958 0.838388
0 0.366239 0.325178 0.135875 0.159137 0.809089
0 0.286974 0.416781 0.12315 0.140919 0.804097
0 0.563325 0.298472 0.139054 0.162211 0.78175
0 0.155746 0.578195 0.164748 0.190009 0.769323
0 0.407305 0.498232 0.16443 0.195576 0.76605
0 0.724134 0.42801 0.154296 0.180509 0.753091
0 0.762875 0.711269 0.179251 0.211015 0.693072
0 0.620832 0.387143 0.123408 0.143871 0.688589
0 0.577784 0.575387 0.171468 0.201817 0.830478
0 0.690218 0.284937 0.118509 0.13803 0.808368
0 0.365801 0.324102 0.136723 0.159883 0.778465
0 0.155249 0.580097 0.165099 0.189692 0.769533
0 0.286292 0.41545 0.125554 0.143514 0.761889
0 0.561838 0.296781 0.140871 0.164135 0.755521
0 0.405659 0.498496 0.16948 0.20117 0.738302
0 0.72595 0.428335 0.154215 0.1838 0.725824
0 0.762197 0.712119 0.180204 0.210844 0.717513
0 0.620857 0.385621 0.131025 0.150986 0.643088
0 0.579321 0.575449 0.170678 0.198088 0.801012
0 0.690726 0.285774 0.116579 0.1355 0.777179
0 0.367757 0.323043 0.139448 0.161304 0.724078
0 0.156367 0.580024 0.16434 0.187799 0.722872
0 0.564706 0.297713 0.137365 0.161159 0.70591
0 0.28626 0.415994 0.123559 0.141055 0.704651
0 0.726029 0.428799 0.159227 0.185495 0.68736
0 0.409304 0.49858 0.17016 0.200119 0.677069
0 0.62184 0.386962 0.128996 0.14969 0.607496
0 0.578802 0.575524 0.1725 0.201071 0.811128
0 0.691581 0.285835 0.119048 0.138516 0.808333
0 0.367306 0.324384 0.139532 0.162863 0.778033
0 0.286873 0.416457 0.12467 0.142922 0.75499
0 0.155804 0.578939 0.16449 0.189925 0.744728
0 0.564394 0.298883 0.138925 0.164049 0.741611
0 0.410079 0.498966 0.169626 0.200427 0.72008
0 0.726651 0.427489 0.161356 0.188718 0.719969
0 0.622751 0.387055 0.132366 0.153295 0.687415
0 0.765166 0.711018 0.183438 0.213499 0.632753
0 0.691031 0.284551 0.117571 0.136711 0.847067
0 0.579554 0.573473 0.170608 0.19821 0.832085
0 0.367901 0.323566 0.138501 0.159634 0.822584
0 0.285801 0.414042 0.122007 0.139453 0.800447
0 0.15378 0.578318 0.163316 0.186988 0.78736
0 0.563749 0.297962 0.138042 0.161525 0.770755
0 0.724445 0.424935 0.155487 0.18116 0.751095
0 0.405446 0.497356 0.167464 0.196509 0.748808
0 0.621293 0.386166 0.128208 0.148227 0.686184
0 0.762621 0.710634 0.178874 0.209211 0.68025
0 0.578145 0.574608 0.168455 0.19521 0.841361
0 0.690514 0.28626 0.117181 0.137575 0.834152
0 0.367619 0.324599 0.136722 0.157962 0.816834
0 0.286854 0.415071 0.121972 0.138612 0.792027
0 0.153449 0.579268 0.16221 0.185127 0.78313
0 0.406857 0.497384 0.17202 0.19896 0.770505
0 0.762675 0.711798 0.180683 0.209292 0.766573
0 0.72378 0.426588 0.157351 0.182992 0.760544
0 0.563733 0.298756 0.138025 0.160729 0.760152
0 0.619931 0.385923 0.13184 0.153738 0.687072
0 0.578152 0.57497 0.173146 0.201385 0.84521
0 0.691124 0.286233 0.118736 0.137941 0.840366
0 0.365626 0.324615 0.137041 0.160092 0.815812
0 0.28672 0.415807 0.123737 0.140945 0.799923
0 0.154004 0.579043 0.164092 0.187519 0.788952
0 0.408063 0.496913 0.176096 0.207443 0.786079
0 0.563074 0.296718 0.140099 0.164246 0.785573
0 0.76338 0.710835 0.185526 0.215096 0.767017
0 0.725515 0.4272 0.162052 0.188506 0.762631
0 0.620856 0.386493 0.132004 0.154637 0.720502
0 0.578048 0.575927 0.171607 0.201681 0.823466
0 0.691519 0.286446 0.117529 0.137459 0.787586
0 0.367809 0.323892 0.136455 0.158877 0.747916
0 0.286197 0.413447 0.121966 0.138614 0.736201
0 0.155136 0.578987 0.161173 0.185898 0.73484
0 0.407414 0.49795 0.167397 0.19994 0.698531
0 0.726973 0.428851 0.160339 0.187191 0.694305
0 0.765634 0.712512 0.182529 0.211499 0.691488
0 0.564842 0.29716 0.136493 0.161648 0.680563
0 0.62154 0.386158 0.128697 0.152098 0.662325
0 0.578236 0.57447 0.172008 0.199369 0.826684
0 0.691129 0.286322 0.11892 0.13486 0.781288
0 0.36797 0.32386 0.136488 0.158595 0.746951
0 0.153919 0.578496 0.163178 0.188186 0.730664
0 0.725133 0.42767 0.157842 0.183884 0.720812
0 0.286377 0.414033 0.121985 0.137034 0.713943
0 0.763446 0.711314 0.182493 0.211505 0.69925
0 0.407494 0.496525 0.174579 0.207833 0.68871
0 0.564797 0.297087 0.138459 0.163583 0.676453
0 0.621338 0.384511 0.128408 0.150437 0.619181
0 0.577619 0.576502 0.171213 0.197824 0.815431
0 0.690164 0.286591 0.121227 0.138099 0.803093
0 0.36726 0.325294 0.13721 0.1591 0.759856
0 0.155179 0.581114 0.164987 0.189063 0.743918
0 0.285957 0.415692 0.124378 0.142882 0.724384
0 0.408162 0.499818 0.167467 0.19733 0.705767
0 0.725825 0.430275 0.159712 0.185087 0.704168
0 0.563878 0.299274 0.139473 0.162737 0.693279
0 0.764074 0.713279 0.180407 0.211359 0.677544
0 0.577564 0.574328 0.169394 0.197536 0.823287
0 0.690673 0.284971 0.121643 0.138145 0.806547
0 0.367852 0.323444 0.136014 0.15636 0.777855
0 0.286312 0.414267 0.123891 0.141002 0.75059
0 0.15458 0.578459 0.164129 0.187448 0.718266
0 0.564475 0.296694 0.138233 0.161278 0.706129
0 0.407955 0.49778 0.166096 0.19666 0.70556
0 0.725771 0.426508 0.160421 0.184497 0.688383
0 0.763293 0.711738 0.180086 0.208261 0.659712
0 0.62146 0.384515 0.130522 0.152817 0.613559
0 0.578345 0.572991 0.171185 0.198214 0.830046
0 0.690144 0.284632 0.119767 0.136256 0.807003
0 0.367826 0.32368 0.137409 0.158193 0.782798
0 0.286369 0.414819 0.123905 0.141856 0.766489
0 0.563931 0.296276 0.138927 0.163121 0.754753
0 0.155212 0.578631 0.167219 0.192716 0.750808
0 0.407943 0.496317 0.172462 0.20143 0.736948
0 0.725112 0.42502 0.160033 0.185081 0.697048
0 0.763393 0.710216 0.182684 0.211959 0.692436
0 0.620664 0.384364 0.130903 0.15279 0.636073
0 0.579241 0.573576 0.168249 0.195113 0.80545
0 0.691153 0.284182 0.119956 0.137066 0.745813
0 0.286959 0.413988 0.123312 0.142154 0.715964
0 0.367404 0.323327 0.136159 0.158412 0.709211
0 0.157213 0.57862 0.163874 0.18846 0.697457
0 0.408603 0.497442 0.164249 0.194607 0.646729
0 0.566054 0.296997 0.136018 0.159017 0.636351
0 0.577893 0.574551 0.168439 0.19544 0.824032
0 0.367078 0.324582 0.137266 0.15763 0.807947
0 0.689329 0.284934 0.118797 0.135302 0.792781
0 0.286073 0.414405 0.122252 0.138244 0.749073
0 0.154266 0.578195 0.164287 0.188614 0.720967
0 0.563989 0.297185 0.137294 0.160107 0.707248
0 0.724864 0.426483 0.160222 0.18481 0.675495
0 0.404977 0.498025 0.165828 0.195588 0.674406
0 0.763782 0.711044 0.181406 0.210708 0.669779
0 0.619723 0.384793 0.130564 0.152221 0.616978
0 0.577595 0.574697 0.168734 0.196419 0.831081
0 0.367139 0.324499 0.137753 0.158931 0.810036
0 0.689481 0.284946 0.120248 0.137678 0.80015
0 0.286153 0.415082 0.123404 0.141234 0.784261
0 0.155182 0.578341 0.16519 0.189701 0.737878
0 0.564689 0.297878 0.137257 0.16093 0.727842
0 0.407645 0.497734 0.166012 0.196282 0.716676
0 0.725173 0.426908 0.160254 0.184953 0.684747
0 0.619947 0.385195 0.131943 0.154745 0.662706
0 0.764153 0.710873 0.181778 0.211113 0.646925
0 0.577947 0.575921 0.171591 0.198781 0.851214
0 0.367434 0.32568 0.137954 0.158671 0.838851
0 0.690177 0.285418 0.121139 0.138213 0.82884
0 0.286501 0.415766 0.12372 0.141511 0.819545
0 0.564596 0.298288 0.138722 0.16248 0.786529
0 0.154243 0.578185 0.16565 0.189618 0.776509
0 0.40908 0.497621 0.173311 0.200694 0.760677
0 0.725851 0.427575 0.161971 0.186885 0.728981
0 0.62021 0.386394 0.133209 0.156492 0.70463
0 0.764149 0.710733 0.182964 0.211834 0.703599
0 0.578084 0.575162 0.169925 0.196764 0.820202
0 0.367424 0.324836 0.136403 0.15704 0.790351
0 0.689478 0.284923 0.118355 0.135423 0.751406
0 0.28662 0.413965 0.121935 0.138953 0.720522
0 0.407282 0.498315 0.165923 0.196317 0.67293
0 0.154713 0.577874 0.163637 0.188542 0.672166
0 0.564878 0.297074 0.136908 0.160653 0.662811
0 0.725328 0.42698 0.159902 0.184572 0.640788
0 0.763837 0.71125 0.181145 0.21022 0.625845
0 0.578708 0.575114 0.170325 0.197613 0.827824
0 0.367744 0.324951 0.137059 0.157815 0.802251
0 0.690172 0.285083 0.119113 0.135997 0.776732
0 0.28687 0.414512 0.122812 0.140671 0.746714
0 0.407816 0.498164 0.166062 0.196435 0.696605
0 0.1554 0.578094 0.164877 0.189921 0.695018
0 0.565336 0.297541 0.137149 0.161016 0.682736
0 0.72589 0.426891 0.160418 0.185245 0.657389
0 0.620434 0.385317 0.131237 0.153556 0.632199
0 0.764392 0.710967 0.181489 0.211153 0.627915
0 0.577955 0.575917 0.171574 0.198774 0.851014
0 0.367433 0.325675 0.137965 0.158673 0.838646
0 0.690176 0.285411 0.121132 0.138225 0.828534
0 0.286498 0.415755 0.123709 0.141506 0.819106
0 0.564591 0.298285 0.138724 0.162492 0.786165
0 0.154227 0.578167 0.165636 0.189606 0.776
0 0.409077 0.497613 0.173307 0.200684 0.760389
0 0.72585 0.427557 0.16197 0.186869 0.728604
0 0.620213 0.386389 0.133194 0.15648 0.704448
0 0.764138 0.710724 0.182946 0.211808 0.703557
