0 0.497084 0.180341 0.196735 0.214295 0.659358
0 0.50449 0.178169 0.17958 0.195736 0.998465
0 0.762483 0.316246 0.172141 0.208723 0.992568
0 0.628097 0.574239 0.175659 0.188057 0.966535
0 0.754989 0.35094 0.197702 0.224905 0.711951
0 0.191939 0.803184 0.199471 0.215403 0.680104
0 0.501976 0.181021 0.163763 0.177446 0.778382
0 0.627781 0.576281 0.157547 0.173312 0.688371
0 0.504723 0.181898 0.127696 0.151372 0.935715
0 0.769814 0.311918 0.124323 0.141422 0.820085
0 0.634757 0.575536 0.147006 0.156956 0.762245
0 0.495919 0.178763 0.140771 0.172197 0.886764
0 0.757995 0.307997 0.135454 0.160782 0.828839
0 0.620107 0.573316 0.142044 0.166233 0.758902
0 0.500318 0.174767 0.142228 0.166552 0.930601
0 0.629117 0.568576 0.152119 0.173543 0.817633
0 0.758129 0.305041 0.130553 0.159698 0.798033
0 0.502339 0.178611 0.136543 0.157596 0.963676
0 0.764501 0.312934 0.130678 0.149403 0.932522
0 0.628669 0.577185 0.153608 0.176572 0.890086
0 0.500843 0.174888 0.134529 0.162279 0.951328
0 0.632251 0.571044 0.147037 0.172429 0.816335
0 0.76492 0.307338 0.129605 0.154246 0.754282
0 0.504476 0.178787 0.143912 0.163288 0.902524
0 0.765754 0.310592 0.143591 0.171332 0.878201
0 0.631518 0.576445 0.163393 0.189063 0.745299
0 0.270437 0.333228 0.172772 0.202751 0.661655
0 0.50124 0.175511 0.14057 0.168448 0.898319
0 0.631111 0.574853 0.153147 0.181986 0.814361
0 0.27083 0.335907 0.150356 0.181621 0.686053
0 0.764251 0.306317 0.129965 0.157966 0.658929
0 0.500959 0.175419 0.132602 0.153715 0.911646
0 0.630809 0.57274 0.145555 0.168748 0.822181
0 0.76423 0.30989 0.125557 0.147643 0.780063
0 0.274191 0.339339 0.141702 0.163707 0.621171
0 0.492032 0.17783 0.134999 0.156174 0.916337
0 0.62655 0.57408 0.14726 0.168054 0.860296
0 0.75985 0.31141 0.132656 0.14854 0.812171
0 0.493863 0.179567 0.126045 0.146526 0.872451
0 0.62645 0.573341 0.143128 0.162276 0.729946
0 0.761885 0.310579 0.123326 0.140056 0.690944
0 0.499833 0.17783 0.141411 0.162349 0.82339
0 0.629934 0.575258 0.152693 0.183383 0.804315
0 0.765788 0.310426 0.1492 0.172793 0.718403
0 0.272193 0.342402 0.148105 0.171383 0.615038
0 0.497765 0.178523 0.144241 0.161059 0.886416
0 0.632896 0.575923 0.147507 0.173327 0.809898
0 0.764104 0.310216 0.147493 0.164437 0.774523
0 0.497933 0.176473 0.135041 0.158001 0.898828
0 0.764769 0.312023 0.142485 0.168875 0.826907
0 0.630302 0.572607 0.150456 0.172072 0.812023
0 0.270563 0.336709 0.150429 0.177431 0.647394
0 0.627718 0.570273 0.145235 0.168294 0.829876
0 0.497055 0.175705 0.137189 0.160787 0.827575
0 0.761763 0.310998 0.134652 0.154937 0.764064
0 0.275141 0.339357 0.140765 0.166513 0.720353
0 0.499312 0.177095 0.130434 0.152117 0.859676
0 0.631422 0.574244 0.145808 0.16615 0.789166
0 0.760458 0.307747 0.140214 0.164931 0.709397
0 0.272194 0.334706 0.150289 0.180419 0.662227
0 0.498675 0.175208 0.135484 0.156675 0.935775
0 0.630898 0.572437 0.150105 0.17077 0.903966
0 0.765658 0.309896 0.141475 0.163546 0.84743
0 0.268913 0.334611 0.153099 0.180786 0.766613
0 0.495951 0.176338 0.134032 0.154317 0.873901
0 0.628608 0.575631 0.145847 0.171641 0.803629
0 0.761994 0.310241 0.140422 0.163252 0.754202
0 0.269754 0.341189 0.144955 0.169732 0.683019
0 0.494768 0.174554 0.141077 0.16779 0.819678
0 0.631181 0.571004 0.148663 0.179783 0.735155
0 0.761927 0.311679 0.14419 0.163019 0.612042
0 0.499396 0.177942 0.131951 0.15823 0.827808
0 0.633884 0.574783 0.148207 0.177131 0.782325
0 0.766101 0.313576 0.140946 0.159368 0.746151
0 0.272757 0.336454 0.15642 0.185891 0.707863
0 0.49767 0.17862 0.138249 0.160743 0.963938
0 0.630234 0.575014 0.146911 0.170964 0.919852
0 0.763442 0.311606 0.134237 0.161444 0.822955
0 0.273733 0.342415 0.141848 0.16486 0.805821
0 0.497926 0.176304 0.134924 0.158471 0.902096
0 0.633879 0.574356 0.14572 0.17154 0.781485
0 0.762822 0.311029 0.138189 0.158333 0.767739
0 0.270013 0.339063 0.152465 0.178324 0.714322
0 0.498144 0.176333 0.132919 0.160789 0.874776
0 0.629581 0.573613 0.140115 0.168583 0.841353
0 0.762324 0.312496 0.139447 0.160778 0.780747
0 0.273003 0.338516 0.145307 0.170079 0.661092
0 0.498218 0.177358 0.136411 0.158971 0.932688
0 0.631622 0.573832 0.14641 0.169265 0.849792
0 0.273718 0.338809 0.153809 0.17991 0.810562
0 0.764397 0.310455 0.142698 0.165826 0.803505
0 0.49632 0.174395 0.134772 0.153912 0.889045
0 0.626559 0.571417 0.151631 0.170516 0.809525
0 0.760137 0.308337 0.144239 0.16024 0.804236
0 0.271694 0.336852 0.155345 0.182346 0.716891
0 0.494666 0.178093 0.142587 0.162245 0.960155
0 0.625948 0.575855 0.149806 0.171083 0.894256
0 0.760809 0.314323 0.137522 0.155395 0.85037
0 0.272111 0.342672 0.152875 0.175595 0.754738
0 0.498337 0.176928 0.134321 0.158341 0.899442
0 0.630154 0.573288 0.145163 0.165717 0.790575
0 0.761663 0.311963 0.136394 0.153377 0.783465
0 0.271262 0.338927 0.148527 0.166452 0.674778
0 0.497852 0.175178 0.131004 0.153914 0.889398
0 0.629064 0.571836 0.140559 0.164571 0.799654
0 0.762854 0.310967 0.132777 0.154656 0.730886
0 0.272396 0.335851 0.150866 0.176245 0.669595
0 0.499951 0.17446 0.134781 0.157155 0.869334
0 0.6301 0.570225 0.143188 0.167147 0.728596
0 0.763862 0.309864 0.138243 0.161721 0.715371
0 0.499764 0.175246 0.137939 0.157857 0.926052
0 0.763487 0.311123 0.136298 0.154615 0.828183
0 0.631179 0.572018 0.144342 0.165389 0.810789
0 0.275646 0.335118 0.160551 0.186342 0.75064
0 0.49695 0.17663 0.136325 0.160401 0.913013
0 0.762954 0.312094 0.137771 0.161829 0.844084
0 0.628612 0.571698 0.144544 0.168801 0.824216
0 0.272448 0.337971 0.15486 0.182511 0.730245
0 0.497049 0.177444 0.136358 0.159866 0.932429
0 0.629731 0.574068 0.1434 0.168736 0.837133
0 0.76178 0.316388 0.137157 0.15746 0.823855
0 0.272854 0.341291 0.150463 0.174845 0.749398
0 0.499374 0.17984 0.129482 0.153408 0.95414
0 0.630914 0.577516 0.142618 0.169192 0.891807
0 0.76412 0.316866 0.134271 0.154642 0.873159
0 0.275424 0.342953 0.149539 0.175318 0.786507
0 0.498915 0.174815 0.139148 0.160886 0.933827
0 0.63241 0.570201 0.148482 0.174226 0.843359
0 0.763242 0.311236 0.139296 0.161783 0.794858
0 0.275109 0.336821 0.147782 0.172589 0.711823
0 0.497401 0.175908 0.134506 0.154868 0.876073
0 0.629667 0.572208 0.146229 0.167533 0.721064
0 0.763506 0.309559 0.138341 0.15821 0.720718
0 0.49709 0.177278 0.138455 0.15865 0.916548
0 0.629567 0.572961 0.147113 0.168175 0.852317
0 0.763876 0.31129 0.135225 0.156741 0.808559
0 0.270393 0.338067 0.137681 0.160394 0.642686
0 0.498577 0.175252 0.136733 0.156279 0.929618
0 0.629747 0.57308 0.147999 0.169122 0.874521
0 0.764317 0.311638 0.141435 0.160102 0.834085
0 0.273231 0.33511 0.157244 0.183945 0.749016
0 0.497553 0.177361 0.132062 0.156107 0.862146
0 0.630406 0.575101 0.143467 0.167387 0.798566
0 0.763339 0.315615 0.137484 0.156459 0.740994
0 0.498951 0.176131 0.131339 0.154248 0.893271
0 0.630931 0.572992 0.144027 0.167243 0.809385
0 0.762826 0.314231 0.134706 0.154135 0.799053
0 0.273256 0.338385 0.143004 0.167572 0.673958
0 0.499094 0.173487 0.135925 0.157903 0.910672
0 0.762007 0.310338 0.138453 0.15554 0.820232
0 0.630637 0.568615 0.142732 0.167896 0.814135
0 0.271808 0.333975 0.150259 0.175543 0.695857
0 0.49691 0.175371 0.138103 0.15949 0.875861
0 0.630252 0.570543 0.147837 0.171884 0.791061
0 0.7616 0.313124 0.138005 0.157005 0.765952
0 0.270482 0.335902 0.153828 0.182096 0.66912
0 0.496592 0.17588 0.1378 0.158703 0.899814
0 0.629379 0.570511 0.145584 0.167977 0.819036
0 0.760767 0.313248 0.139001 0.160835 0.816088
0 0.272305 0.338022 0.144191 0.169117 0.70575
0 0.4985 0.176547 0.133062 0.156392 0.945432
0 0.63103 0.572616 0.139782 0.163628 0.866697
0 0.763023 0.309816 0.135218 0.154805 0.83867
0 0.273648 0.340324 0.144792 0.168954 0.724524
0 0.498671 0.176112 0.134859 0.15706 0.924529
0 0.6309 0.571225 0.144411 0.166047 0.847443
0 0.761703 0.310647 0.136551 0.155441 0.818468
0 0.273136 0.335059 0.145278 0.172057 0.753471
0 0.499186 0.173653 0.1356 0.154453 0.926143
0 0.630425 0.570392 0.147297 0.16831 0.830272
0 0.761654 0.311193 0.13765 0.156578 0.804629
0 0.271976 0.337028 0.152146 0.178827 0.692209
0 0.498745 0.178142 0.130459 0.154608 0.912336
0 0.628962 0.573158 0.139938 0.16331 0.829606
0 0.762207 0.313538 0.130963 0.149486 0.798616
0 0.272588 0.338893 0.143314 0.165472 0.675329
0 0.497996 0.176291 0.132459 0.153478 0.923618
0 0.629386 0.572279 0.143199 0.163744 0.829447
0 0.761684 0.31286 0.134691 0.150641 0.814989
0 0.272518 0.341606 0.148839 0.170179 0.65564
0 0.497266 0.176736 0.134938 0.158238 0.872669
0 0.759853 0.313248 0.134437 0.155709 0.784897
0 0.628242 0.572861 0.144281 0.170136 0.780997
0 0.271654 0.338377 0.15196 0.179901 0.701598
0 0.498404 0.176175 0.139593 0.158315 0.872704
0 0.632984 0.574566 0.146415 0.171612 0.780525
0 0.762282 0.313719 0.138193 0.15825 0.765928
0 0.272907 0.339227 0.154027 0.181385 0.659988
0 0.495468 0.175617 0.135411 0.157051 0.889169
0 0.759407 0.311958 0.137836 0.157153 0.814761
0 0.627173 0.571766 0.143784 0.164942 0.804282
0 0.270474 0.336599 0.155367 0.182068 0.716531
0 0.497935 0.1759 0.136683 0.158759 0.926853
0 0.632003 0.571726 0.14261 0.165215 0.858878
0 0.761975 0.310678 0.135359 0.15256 0.8378
0 0.273677 0.333759 0.148611 0.175431 0.761797
0 0.49769 0.173831 0.135612 0.159319 0.87397
0 0.762075 0.31036 0.136563 0.15425 0.828429
0 0.630869 0.57039 0.145955 0.167305 0.811027
0 0.27329 0.332431 0.154109 0.179442 0.703704
0 0.497395 0.176827 0.131486 0.155499 0.901295
0 0.761676 0.311558 0.135454 0.152396 0.831831
0 0.629955 0.572182 0.142766 0.164008 0.798975
0 0.271565 0.336419 0.149508 0.174766 0.715971
0 0.498144 0.175126 0.130518 0.153689 0.886049
0 0.76136 0.311162 0.135816 0.151405 0.815701
0 0.629433 0.57167 0.140318 0.162546 0.808069
0 0.2732 0.339404 0.148639 0.17347 0.706673
0 0.498843 0.174314 0.134942 0.159472 0.823867
0 0.762742 0.311497 0.139211 0.158828 0.763942
0 0.630451 0.568842 0.147014 0.17083 0.755059
0 0.272449 0.335062 0.159288 0.186571 0.658482
0 0.497766 0.174656 0.132135 0.153967 0.866962
0 0.762348 0.313056 0.135299 0.153887 0.802402
0 0.630246 0.570992 0.141969 0.164187 0.796674
0 0.270753 0.337318 0.155514 0.181129 0.609716
0 0.497396 0.173878 0.13789 0.16065 0.843949
0 0.762058 0.309827 0.139098 0.159746 0.810225
0 0.631233 0.570552 0.147363 0.171851 0.802234
0 0.270728 0.336673 0.157354 0.185445 0.756581
0 0.497981 0.173895 0.137921 0.157461 0.780512
0 0.761976 0.308676 0.140509 0.159097 0.779341
0 0.629837 0.568207 0.149179 0.169487 0.767948
0 0.27165 0.334425 0.161621 0.186084 0.633023
0 0.497014 0.17365 0.139156 0.159794 0.850751
0 0.762067 0.308999 0.141822 0.160618 0.845702
0 0.632382 0.569919 0.148107 0.172252 0.781516
0 0.270628 0.334003 0.164979 0.191136 0.728946
0 0.497531 0.177203 0.135363 0.158947 0.884881
0 0.760946 0.313654 0.136507 0.157152 0.825558
0 0.629034 0.572472 0.14405 0.167425 0.807623
0 0.272246 0.338358 0.155506 0.183715 0.739741
0 0.498134 0.175657 0.133977 0.155957 0.841098
0 0.761685 0.312224 0.136549 0.155664 0.839265
0 0.630372 0.569688 0.145296 0.168975 0.798153
0 0.271123 0.338918 0.156662 0.179111 0.70094
0 0.496857 0.17372 0.13366 0.155037 0.788625
0 0.761364 0.310363 0.137392 0.156378 0.752583
0 0.632204 0.568255 0.144415 0.170488 0.737921
0 0.49802 0.17492 0.135265 0.158591 0.890091
0 0.6323 0.568304 0.144977 0.170247 0.848103
0 0.762325 0.312714 0.135417 0.155416 0.826158
0 0.271268 0.336808 0.15261 0.179601 0.680327
0 0.496847 0.175101 0.135217 0.158811 0.861697
0 0.761703 0.312553 0.135661 0.154895 0.804845
0 0.630153 0.567602 0.14617 0.170419 0.803206
0 0.2689 0.334365 0.161662 0.190093 0.659941
0 0.496689 0.175637 0.133341 0.156603 0.871201
0 0.631066 0.569677 0.142063 0.167435 0.823944
0 0.761742 0.312787 0.135237 0.154593 0.806653
0 0.273442 0.336218 0.155897 0.186216 0.734821
0 0.497185 0.174416 0.13377 0.156041 0.854227
0 0.76207 0.310983 0.136536 0.15398 0.808237
0 0.632504 0.568726 0.1421 0.165683 0.800438
0 0.270396 0.332853 0.15826 0.182761 0.650027
0 0.497612 0.175346 0.136633 0.15797 0.891572
0 0.632012 0.570512 0.141922 0.164332 0.834528
0 0.760468 0.3125 0.135286 0.152009 0.821469
0 0.272898 0.338275 0.154651 0.178527 0.738506
0 0.4955 0.174484 0.138614 0.15979 0.899408
0 0.760514 0.311294 0.138313 0.157426 0.864498
0 0.631005 0.570258 0.144524 0.168261 0.860467
0 0.27104 0.336858 0.15275 0.177958 0.778317
0 0.49693 0.175978 0.13624 0.156626 0.886347
0 0.630304 0.572569 0.14495 0.166621 0.847237
0 0.760762 0.313572 0.137818 0.15705 0.835547
0 0.270679 0.339024 0.156954 0.180915 0.731221
0 0.49738 0.173205 0.141706 0.162017 0.901227
0 0.760857 0.308679 0.139901 0.161029 0.878158
0 0.629882 0.566187 0.149616 0.173502 0.863618
0 0.269831 0.33486 0.159749 0.184529 0.698516
0 0.497098 0.174954 0.133356 0.154366 0.817114
0 0.629255 0.570486 0.144872 0.16668 0.816466
0 0.76078 0.311481 0.136651 0.153975 0.810407
0 0.269686 0.337512 0.159302 0.181633 0.638936
0 0.496884 0.175175 0.134985 0.158397 0.863094
0 0.629691 0.570085 0.146532 0.169783 0.838634
0 0.761451 0.31284 0.135598 0.154517 0.822579
0 0.270777 0.33815 0.154537 0.179224 0.733745
0 0.494796 0.174283 0.135589 0.156511 0.890261
0 0.630466 0.569575 0.143857 0.166553 0.839579
0 0.760773 0.310306 0.136961 0.15449 0.814228
0 0.269623 0.337667 0.156616 0.177815 0.679149
0 0.496621 0.17332 0.135787 0.156592 0.858717
0 0.761084 0.309519 0.139799 0.156804 0.819587
0 0.629425 0.568338 0.143462 0.166302 0.818257
0 0.495511 0.174158 0.135602 0.157065 0.881269
0 0.761257 0.311084 0.136579 0.154835 0.832551
0 0.628876 0.56886 0.142249 0.165992 0.829653
0 0.270174 0.335143 0.155616 0.183104 0.641765
0 0.497461 0.173738 0.133688 0.156548 0.905339
0 0.630902 0.569152 0.144501 0.166013 0.849769
0 0.76261 0.310518 0.13576 0.153814 0.842315
0 0.271896 0.333443 0.157804 0.181693 0.702288
0 0.496668 0.172482 0.134949 0.15614 0.839121
0 0.761635 0.310595 0.136542 0.155035 0.789115
0 0.629289 0.566615 0.143228 0.16808 0.784822
0 0.269372 0.333679 0.159176 0.18458 0.674437
0 0.497214 0.175124 0.136344 0.15898 0.898829
0 0.631557 0.570698 0.146478 0.168606 0.859227
0 0.762026 0.312711 0.138522 0.157831 0.84513
0 0.268907 0.336682 0.16184 0.183989 0.761924
0 0.49679 0.172758 0.140366 0.160447 0.852787
0 0.629485 0.567578 0.148141 0.171414 0.813215
0 0.761424 0.312222 0.139572 0.159155 0.799692
0 0.26861 0.335057 0.16302 0.187604 0.689991
0 0.498224 0.176007 0.132023 0.156965 0.890464
0 0.631365 0.571652 0.142231 0.166825 0.856057
0 0.763016 0.313375 0.132393 0.152109 0.84227
0 0.270802 0.337964 0.154828 0.180211 0.749893
0 0.496185 0.173148 0.137667 0.158217 0.838433
0 0.631473 0.569734 0.144676 0.167915 0.820278
0 0.759804 0.30955 0.138844 0.156992 0.810481
0 0.270832 0.337759 0.158732 0.184298 0.757907
0 0.496922 0.174715 0.136081 0.157429 0.857781
0 0.631975 0.570681 0.143819 0.168951 0.824191
0 0.761675 0.31272 0.135055 0.153845 0.821797
0 0.270441 0.339053 0.156628 0.183206 0.679991
0 0.496762 0.174267 0.137549 0.1592 0.856668
0 0.76186 0.312601 0.135533 0.154778 0.823295
0 0.63163 0.569592 0.144241 0.167607 0.817783
0 0.271665 0.338011 0.158779 0.183475 0.736904
0 0.496747 0.173278 0.138198 0.159008 0.882718
0 0.761063 0.311472 0.135987 0.154611 0.854457
0 0.630685 0.567995 0.144337 0.166463 0.840664
0 0.270703 0.337456 0.157221 0.18079 0.757954
0 0.495936 0.174658 0.136993 0.158453 0.876815
0 0.76179 0.31355 0.134877 0.154094 0.837315
0 0.630434 0.568929 0.144217 0.165986 0.830851
0 0.270277 0.338316 0.157779 0.182373 0.733808
0 0.496994 0.173375 0.139986 0.159337 0.885075
0 0.630775 0.567659 0.146141 0.169085 0.854372
0 0.761808 0.312819 0.136038 0.154345 0.844159
0 0.271317 0.336503 0.161347 0.185279 0.726231
0 0.49683 0.172187 0.138919 0.159692 0.839093
0 0.631095 0.566977 0.144728 0.169155 0.824586
0 0.761276 0.311037 0.137472 0.156833 0.820537
0 0.270337 0.337131 0.157944 0.181663 0.690754
0 0.497277 0.172292 0.139114 0.160123 0.856415
0 0.630338 0.567066 0.145603 0.169672 0.834672
0 0.761753 0.311918 0.135553 0.155043 0.829681
0 0.270799 0.337827 0.159223 0.183562 0.710917
0 0.496925 0.174279 0.138986 0.158432 0.845205
0 0.630103 0.569712 0.145534 0.166802 0.829556
0 0.761736 0.313496 0.135023 0.153924 0.824025
0 0.271221 0.340902 0.155004 0.178522 0.678673
0 0.495662 0.173039 0.138649 0.159081 0.847429
0 0.761709 0.311011 0.136866 0.155523 0.838994
0 0.630997 0.56827 0.14607 0.168654 0.827003
0 0.270932 0.338498 0.156788 0.180212 0.664104
0 0.496886 0.171758 0.140918 0.161349 0.85587
0 0.762064 0.310071 0.136625 0.157064 0.84721
0 0.630458 0.567137 0.148004 0.171991 0.836501
0 0.2707 0.337526 0.159345 0.183871 0.697764
0 0.498325 0.17301 0.138835 0.159475 0.813961
0 0.762817 0.310546 0.136058 0.15673 0.810013
0 0.631715 0.568236 0.146474 0.170379 0.801197
0 0.496452 0.172861 0.139355 0.15936 0.866777
0 0.629304 0.567617 0.146556 0.16938 0.849142
0 0.761484 0.310826 0.136976 0.156654 0.848748
0 0.270338 0.338191 0.157407 0.181804 0.702354
0 0.496969 0.173973 0.139018 0.160077 0.856964
0 0.761344 0.311037 0.136854 0.156196 0.842344
0 0.629407 0.5684 0.146376 0.168954 0.840504
0 0.270202 0.337901 0.157097 0.182276 0.659091
0 0.497321 0.173889 0.139534 0.159951 0.888045
0 0.762012 0.311203 0.137125 0.156711 0.866381
0 0.630898 0.568873 0.14698 0.169812 0.866364
0 0.271695 0.337695 0.156882 0.182382 0.742716
0 0.497032 0.172832 0.138312 0.159213 0.849665
0 0.761507 0.310426 0.136751 0.156237 0.844017
0 0.62918 0.567557 0.146158 0.1694 0.835692
0 0.270481 0.337741 0.157046 0.183314 0.680355
0 0.498011 0.173205 0.138076 0.15963 0.852036
0 0.76217 0.310707 0.136991 0.157072 0.847549
0 0.629762 0.567771 0.146314 0.169859 0.84306
0 0.271096 0.337867 0.157611 0.183995 0.681199
0 0.497315 0.173888 0.139546 0.159989 0.887808
0 0.630901 0.568866 0.146976 0.16984 0.866138
0 0.762007 0.311196 0.13713 0.15672 0.866073
0 0.271701 0.33768 0.156887 0.182416 0.742556
