0 0.401995 0.384394 0.177311 0.214952 0.899234
0 0.501133 0.383426 0.154745 0.174506 0.724563
0 0.50035 0.389743 0.154129 0.174649 0.747186
0 0.501173 0.389021 0.143764 0.170267 0.669822
0 0.502189 0.385299 0.15683 0.191247 0.742438
0 0.501547 0.389451 0.150658 0.186313 0.721247
0 0.404146 0.374723 0.146068 0.186263 0.607166
0 0.502482 0.385275 0.147154 0.181292 0.700441
0 0.40613 0.367963 0.143083 0.171347 0.609092
0 0.503322 0.389921 0.160627 0.18503 0.65216
0 0.502439 0.387296 0.153059 0.190005 0.686704
0 0.405582 0.377396 0.14956 0.184433 0.610286
0 0.502023 0.383791 0.150141 0.177229 0.695332
0 0.401649 0.37175 0.137111 0.162099 0.645944
0 0.498086 0.384792 0.153435 0.180265 0.716045
0 0.403128 0.371919 0.148453 0.175234 0.623607
0 0.496713 0.385182 0.142304 0.169146 0.658157
0 0.402599 0.373776 0.146899 0.171885 0.654523
0 0.49707 0.386895 0.154957 0.186359 0.648057
0 0.403198 0.373119 0.138405 0.167657 0.676054
0 0.503022 0.388386 0.149851 0.178668 0.675804
0 0.499659 0.385177 0.154151 0.181882 0.749512
0 0.400162 0.370186 0.141221 0.170838 0.63379
0 0.401104 0.37239 0.143283 0.169714 0.717968
0 0.501238 0.383774 0.151722 0.181799 0.685985
0 0.491703 0.38339 0.158247 0.18743 0.686504
0 0.499529 0.382673 0.158986 0.186807 0.753897
0 0.404481 0.371048 0.142167 0.163692 0.726287
0 0.363908 0.639568 0.144705 0.16632 0.631939
0 0.497313 0.38428 0.152977 0.177111 0.713248
0 0.499106 0.384758 0.15843 0.180609 0.653626
0 0.401135 0.369127 0.147808 0.175059 0.627559
0 0.490852 0.383865 0.161103 0.193536 0.677005
0 0.502235 0.390686 0.148512 0.171939 0.703924
0 0.360129 0.639819 0.147823 0.173473 0.63867
0 0.500156 0.384747 0.152466 0.176635 0.696187
0 0.402593 0.371149 0.143472 0.166765 0.646775
0 0.496282 0.383696 0.158914 0.188945 0.689611
0 0.399424 0.372349 0.134756 0.162481 0.64885
0 0.502253 0.388546 0.154784 0.178904 0.781049
0 0.401455 0.371701 0.146582 0.170199 0.732264
0 0.401684 0.371283 0.147096 0.173024 0.745426
0 0.499172 0.38273 0.155019 0.182465 0.734326
0 0.501838 0.388124 0.152312 0.174196 0.773253
0 0.401768 0.370776 0.141495 0.162664 0.692963
0 0.500929 0.384095 0.14928 0.177445 0.709184
0 0.402096 0.370633 0.143279 0.168526 0.634293
0 0.499277 0.386264 0.155457 0.180827 0.660392
0 0.36144 0.64046 0.142331 0.167994 0.605616
0 0.499389 0.382816 0.153278 0.180978 0.709123
0 0.40358 0.369931 0.144649 0.169496 0.66266
0 0.501467 0.385197 0.157221 0.178167 0.751965
0 0.404737 0.369877 0.138127 0.162729 0.739981
0 0.500303 0.384352 0.151523 0.181605 0.739444
0 0.400945 0.371287 0.140859 0.16609 0.679833
0 0.36273 0.635711 0.1478 0.178782 0.615122
0 0.499659 0.384684 0.158994 0.186004 0.739623
0 0.398631 0.373636 0.147424 0.170732 0.726196
0 0.497556 0.388638 0.148902 0.175431 0.769043
0 0.402328 0.375209 0.140636 0.164054 0.725774
0 0.501262 0.384511 0.16033 0.184945 0.71349
0 0.403394 0.371083 0.139512 0.164611 0.664423
0 0.499379 0.380737 0.156814 0.180338 0.651775
0 0.399485 0.372734 0.136822 0.157112 0.610366
0 0.500829 0.386144 0.159052 0.18848 0.754164
0 0.400525 0.371039 0.141019 0.165898 0.67646
0 0.504603 0.387683 0.155648 0.177842 0.793729
0 0.403781 0.371866 0.143583 0.16571 0.706268
0 0.499703 0.382423 0.156824 0.183648 0.7065
0 0.498861 0.384396 0.155664 0.183805 0.730934
0 0.402138 0.371202 0.138708 0.16336 0.641233
0 0.499034 0.384176 0.151619 0.176736 0.785592
0 0.402265 0.369307 0.140894 0.16532 0.689982
0 0.500306 0.382188 0.161363 0.186742 0.754477
0 0.401226 0.369361 0.145143 0.171548 0.646089
0 0.501938 0.384159 0.156104 0.180317 0.767639
0 0.403404 0.370726 0.140447 0.162686 0.673826
0 0.503476 0.385038 0.152335 0.179629 0.791427
0 0.401876 0.369865 0.139198 0.163466 0.668841
0 0.501005 0.38368 0.151065 0.176008 0.754655
0 0.40402 0.371066 0.141051 0.164373 0.725235
0 0.357244 0.632271 0.144272 0.174103 0.640533
0 0.500028 0.384515 0.159948 0.185402 0.754515
0 0.403457 0.371053 0.142673 0.163786 0.663103
0 0.500716 0.385371 0.154752 0.180674 0.79684
0 0.40008 0.371283 0.141329 0.165139 0.696968
0 0.356948 0.635557 0.137337 0.170719 0.670104
0 0.499383 0.38523 0.162469 0.18835 0.769886
0 0.400475 0.371332 0.144785 0.166858 0.68725
0 0.497148 0.384881 0.158567 0.188573 0.745224
0 0.401247 0.370524 0.140181 0.167763 0.676478
0 0.50036 0.385255 0.159307 0.18405 0.730546
0 0.404131 0.372611 0.142157 0.164544 0.704934
0 0.499125 0.38376 0.155628 0.180255 0.782711
0 0.400451 0.368347 0.137238 0.16098 0.652891
0 0.498939 0.383447 0.15817 0.185879 0.818886
0 0.401555 0.370471 0.13951 0.161886 0.738198
0 0.50041 0.382853 0.159789 0.186429 0.793227
0 0.401745 0.3682 0.142101 0.166896 0.686049
0 0.500471 0.383804 0.155444 0.18053 0.780509
0 0.401767 0.372445 0.138329 0.161013 0.685762
0 0.501671 0.383482 0.155962 0.181628 0.771731
0 0.403039 0.371507 0.13867 0.161108 0.724
0 0.499606 0.380931 0.15932 0.185612 0.688966
0 0.404088 0.369184 0.14376 0.170027 0.667334
0 0.50258 0.384057 0.15464 0.180681 0.75237
0 0.403494 0.370564 0.141055 0.163988 0.68539
0 0.502418 0.383786 0.155189 0.181383 0.796959
0 0.403541 0.36941 0.146124 0.171019 0.7125
0 0.502321 0.382128 0.15785 0.180932 0.729938
0 0.497303 0.38332 0.15845 0.183606 0.778015
0 0.403583 0.366994 0.14525 0.16935 0.633366
0 0.501397 0.385386 0.155003 0.182016 0.803419
0 0.401765 0.371608 0.139125 0.162325 0.748721
0 0.504599 0.38401 0.153659 0.179631 0.741325
0 0.404005 0.370458 0.140928 0.163111 0.668017
0 0.503894 0.383398 0.148977 0.175469 0.688974
0 0.402352 0.368262 0.139125 0.162766 0.630158
0 0.500752 0.385678 0.152963 0.178029 0.774808
0 0.403407 0.371942 0.137227 0.159942 0.726602
0 0.500133 0.386452 0.151281 0.175206 0.766267
0 0.402529 0.370562 0.138759 0.162417 0.694424
0 0.501668 0.385846 0.152201 0.176565 0.794887
0 0.402031 0.372464 0.137931 0.161357 0.692268
0 0.501841 0.385045 0.150835 0.174525 0.776385
0 0.403349 0.371078 0.138808 0.161167 0.658938
0 0.503048 0.384775 0.151637 0.177075 0.73755
0 0.501785 0.38359 0.157311 0.182791 0.805538
0 0.403806 0.369105 0.142389 0.165622 0.708845
0 0.497446 0.384697 0.158172 0.183239 0.772441
0 0.403163 0.370543 0.14112 0.164478 0.661781
0 0.502928 0.382448 0.156472 0.181373 0.814107
0 0.402714 0.370138 0.141353 0.165553 0.743967
0 0.501478 0.384372 0.152577 0.175281 0.718911
0 0.499751 0.384047 0.154663 0.177962 0.733147
0 0.402653 0.370595 0.137783 0.160921 0.61119
0 0.500383 0.384271 0.153356 0.177134 0.752335
0 0.401438 0.370989 0.137231 0.160396 0.677782
0 0.502361 0.383564 0.152956 0.177028 0.818992
0 0.401728 0.369292 0.137489 0.160328 0.679737
0 0.500251 0.38244 0.154237 0.181087 0.750037
0 0.401797 0.369116 0.137769 0.158819 0.646993
0 0.499878 0.381904 0.157279 0.180912 0.810241
0 0.403433 0.368698 0.138983 0.162621 0.72953
0 0.502261 0.381308 0.150783 0.17623 0.72941
0 0.403236 0.368807 0.138134 0.160902 0.622225
0 0.5005 0.383236 0.156203 0.179443 0.775356
0 0.403612 0.370021 0.140684 0.162032 0.67951
0 0.500041 0.382219 0.156977 0.179723 0.690267
0 0.502341 0.3833 0.15369 0.179548 0.770049
0 0.40319 0.370538 0.136266 0.158033 0.693348
0 0.501194 0.38274 0.154783 0.180208 0.749286
0 0.40152 0.369012 0.139129 0.159504 0.654224
0 0.50152 0.383575 0.153961 0.180031 0.742204
0 0.401777 0.370521 0.140787 0.16281 0.663974
0 0.501592 0.382347 0.155984 0.18271 0.712432
0 0.403663 0.370099 0.140683 0.163985 0.639027
0 0.50082 0.381743 0.155465 0.180191 0.75339
0 0.402556 0.370279 0.138158 0.159329 0.701387
0 0.500552 0.383147 0.154743 0.178163 0.763674
0 0.402263 0.370453 0.13822 0.158366 0.714332
0 0.500983 0.381911 0.15588 0.181028 0.741415
0 0.402844 0.369864 0.139936 0.162401 0.674762
0 0.501163 0.381271 0.153323 0.179926 0.642569
0 0.500984 0.382589 0.156145 0.181832 0.718732
0 0.402536 0.368556 0.139064 0.159715 0.633149
0 0.501369 0.384658 0.154667 0.179899 0.733683
0 0.402098 0.371412 0.139399 0.160363 0.65484
0 0.500512 0.382835 0.153662 0.178458 0.771722
0 0.402351 0.369241 0.139586 0.160177 0.712777
0 0.500549 0.38265 0.155799 0.180649 0.772287
0 0.402605 0.369993 0.140969 0.163939 0.71408
0 0.50152 0.383576 0.152276 0.177682 0.732423
0 0.403554 0.370432 0.13875 0.161001 0.629293
0 0.500401 0.383896 0.153521 0.178282 0.777516
0 0.401978 0.369634 0.138639 0.159016 0.682564
0 0.500864 0.383947 0.15272 0.177772 0.776917
0 0.402368 0.370181 0.138036 0.158647 0.688495
0 0.500361 0.384006 0.155785 0.179872 0.814347
0 0.402765 0.371113 0.139988 0.161901 0.736446
0 0.500492 0.383904 0.154344 0.17893 0.774102
0 0.40241 0.370639 0.138948 0.161 0.680737
0 0.501091 0.383876 0.154426 0.179301 0.78303
0 0.402766 0.370207 0.138182 0.158991 0.695609
0 0.500361 0.384001 0.155783 0.179876 0.813997
0 0.40276 0.371106 0.139985 0.161899 0.735771
