0 0.394431 0.289769 0.206488 0.22934 0.758242
0 0.310638 0.723065 0.194211 0.217075 0.724971
0 0.445074 0.342365 0.157536 0.185721 0.618827
0 0.449556 0.347722 0.164176 0.192736 0.791733
0 0.451322 0.343491 0.178749 0.207605 0.678008
0 0.446702 0.345723 0.160506 0.188794 0.742009
0 0.447954 0.343617 0.162905 0.187994 0.752169
0 0.445911 0.344099 0.151448 0.174638 0.691822
0 0.445527 0.343831 0.183397 0.20918 0.735412
0 0.447256 0.345584 0.161014 0.180429 0.711811
0 0.453273 0.342186 0.177356 0.202057 0.669929
0 0.448685 0.344024 0.167679 0.197861 0.69371
0 0.451809 0.340922 0.169591 0.196614 0.714712
0 0.450504 0.343973 0.175177 0.199786 0.777068
0 0.445471 0.342517 0.171286 0.200842 0.717545
0 0.446957 0.345748 0.164851 0.197273 0.713763
0 0.448903 0.348895 0.165502 0.192195 0.838988
0 0.4496 0.342766 0.169832 0.199329 0.767042
0 0.449692 0.343696 0.166655 0.191336 0.728679
0 0.446924 0.34109 0.171496 0.202422 0.825617
0 0.449229 0.341249 0.184661 0.207757 0.800648
0 0.445971 0.345263 0.179789 0.200575 0.84797
0 0.445324 0.343045 0.171095 0.193987 0.711621
0 0.4475 0.344055 0.169283 0.192733 0.697768
0 0.448347 0.340543 0.171177 0.197318 0.731528
0 0.44722 0.341478 0.169933 0.198107 0.879839
0 0.447765 0.340492 0.177425 0.205247 0.786517
0 0.448271 0.345575 0.170788 0.197935 0.828385
0 0.448232 0.345858 0.171363 0.198421 0.8126
0 0.452587 0.343545 0.182489 0.210436 0.790875
0 0.450055 0.339056 0.170336 0.195687 0.70197
0 0.452113 0.340267 0.172697 0.198951 0.791662
0 0.450842 0.340733 0.174917 0.202254 0.831185
0 0.446519 0.339687 0.171594 0.194269 0.727586
0 0.450295 0.34309 0.167015 0.190657 0.796828
0 0.449574 0.340206 0.167746 0.193917 0.861011
0 0.446785 0.340787 0.176578 0.201087 0.827075
0 0.449224 0.342953 0.172202 0.199679 0.821761
0 0.447185 0.34201 0.16493 0.192425 0.843452
0 0.449694 0.341425 0.175495 0.198586 0.817324
0 0.450086 0.341293 0.174712 0.201395 0.850175
0 0.446219 0.342196 0.167288 0.191072 0.798654
0 0.447423 0.342887 0.177624 0.203359 0.824446
0 0.446471 0.341236 0.173762 0.201113 0.841839
0 0.450164 0.344291 0.17493 0.201929 0.778406
0 0.446993 0.341515 0.171637 0.20283 0.836327
0 0.451496 0.339901 0.175345 0.202842 0.855696
0 0.452213 0.338075 0.175567 0.20095 0.84431
0 0.446862 0.341366 0.168758 0.192771 0.791763
0 0.445538 0.341605 0.173668 0.198742 0.791654
0 0.448737 0.341591 0.174087 0.203841 0.801196
0 0.451705 0.341457 0.174315 0.198248 0.798026
0 0.447346 0.341684 0.174033 0.203474 0.831356
0 0.45173 0.336542 0.185694 0.215768 0.798233
0 0.452181 0.340598 0.180881 0.209317 0.831756
0 0.449027 0.342813 0.175884 0.204006 0.850467
0 0.450179 0.342088 0.17888 0.20482 0.820953
0 0.450132 0.338499 0.176914 0.205743 0.765695
0 0.44756 0.339934 0.176514 0.203058 0.82184
0 0.44825 0.340542 0.1704 0.198013 0.821539
0 0.450644 0.340718 0.172041 0.198366 0.835479
0 0.448946 0.340223 0.175883 0.198095 0.853454
0 0.449407 0.343031 0.171453 0.195743 0.831488
0 0.450002 0.340502 0.174408 0.200435 0.854705
0 0.448269 0.342477 0.173474 0.19859 0.851012
0 0.450523 0.34084 0.178317 0.204741 0.872696
0 0.449639 0.341474 0.176012 0.200734 0.843923
0 0.449686 0.340446 0.179049 0.203741 0.843444
0 0.450054 0.339965 0.172024 0.197723 0.82706
0 0.449487 0.339168 0.176234 0.199472 0.85881
0 0.452776 0.338601 0.180338 0.213183 0.849807
0 0.450644 0.339494 0.177169 0.20185 0.864173
0 0.451325 0.337276 0.178985 0.206488 0.839266
0 0.449941 0.340194 0.179931 0.204877 0.880967
0 0.448751 0.338606 0.17633 0.202592 0.813783
0 0.450472 0.33931 0.177973 0.206349 0.827368
0 0.451095 0.338151 0.18123 0.210838 0.823991
0 0.451123 0.339999 0.178015 0.20264 0.831439
0 0.450653 0.340919 0.180175 0.206243 0.829386
0 0.447711 0.338836 0.176055 0.201416 0.842489
0 0.449713 0.339786 0.177012 0.201612 0.829867
0 0.449557 0.337831 0.178909 0.204397 0.838028
0 0.450223 0.338386 0.177812 0.204115 0.815187
0 0.449052 0.339642 0.178028 0.205148 0.837712
0 0.449701 0.341535 0.177559 0.205371 0.832197
0 0.448637 0.340295 0.176671 0.200656 0.827594
0 0.448542 0.340616 0.177703 0.202806 0.84122
0 0.451081 0.339388 0.179457 0.205724 0.798677
0 0.451262 0.340745 0.17913 0.205209 0.846002
0 0.448518 0.340365 0.178091 0.204568 0.821556
0 0.450225 0.340439 0.178107 0.203265 0.850239
0 0.449265 0.340617 0.17899 0.205213 0.826136
0 0.450255 0.340341 0.180325 0.20705 0.834319
0 0.450235 0.340426 0.178094 0.203257 0.850006
