0 0.416258 0.104775 0.207015 0.209551 0.865574
0 0.543978 0.320071 0.356694 0.357862 0.632778
0 0.535916 0.286148 0.654182 0.568433 0.614187
0 0.558379 0.281083 0.663987 0.562167 0.600907
0 0.574241 0.270307 0.674079 0.540613 0.612344
0 0.526232 0.308898 0.691907 0.60666 0.634708
0 0.542223 0.263166 0.540112 0.526333 0.712139
0 0.570779 0.297059 0.646836 0.594119 0.613016
0 0.593019 0.272771 0.589489 0.545542 0.603941
0 0.554162 0.293 0.657766 0.585999 0.70714
0 0.534195 0.299254 0.705466 0.598508 0.627313
0 0.555656 0.292725 0.626251 0.58545 0.602404
0 0.535782 0.311561 0.696803 0.60595 0.609882
0 0.535465 0.305123 0.670953 0.610246 0.645249
0 0.538848 0.289754 0.689479 0.579508 0.61298
0 0.534331 0.307725 0.655212 0.605775 0.703202
0 0.541209 0.306442 0.710412 0.611748 0.723161
0 0.547219 0.301997 0.710228 0.603994 0.646247
0 0.555313 0.302175 0.684766 0.604351 0.669711
0 0.596335 0.270783 0.596631 0.541566 0.699634
0 0.547721 0.29399 0.674144 0.587981 0.675234
0 0.544471 0.30671 0.739063 0.61342 0.67509
0 0.535326 0.308904 0.689114 0.604706 0.668089
0 0.561898 0.309429 0.764677 0.618857 0.718636
0 0.553978 0.292847 0.659073 0.585695 0.742855
0 0.574923 0.315318 0.676198 0.630636 0.728966
0 0.581019 0.310612 0.668089 0.621224 0.712379
0 0.542171 0.303875 0.69079 0.58254 0.720939
0 0.571269 0.293689 0.704152 0.587379 0.685645
0 0.558384 0.296509 0.649614 0.593019 0.737437
0 0.530157 0.298202 0.692025 0.595864 0.708756
0 0.551584 0.312291 0.763104 0.624581 0.732023
0 0.559214 0.313575 0.737868 0.62715 0.730666
0 0.529597 0.315994 0.723714 0.631988 0.699496
0 0.559083 0.300877 0.669784 0.601753 0.683279
0 0.55019 0.302137 0.659018 0.604274 0.740658
0 0.551623 0.303717 0.658469 0.607433 0.755943
0 0.55772 0.30254 0.701955 0.60508 0.74664
0 0.533656 0.311785 0.71952 0.623569 0.697221
0 0.55791 0.313665 0.724057 0.627329 0.70868
0 0.535257 0.311122 0.723713 0.622245 0.730838
0 0.536803 0.317728 0.721748 0.635457 0.730056
0 0.527831 0.304601 0.707495 0.609201 0.704944
0 0.565139 0.304113 0.715519 0.608227 0.680612
0 0.546477 0.313993 0.758001 0.627985 0.656122
0 0.55049 0.31125 0.724124 0.6225 0.707367
0 0.541274 0.305116 0.712482 0.610231 0.673672
0 0.559363 0.306338 0.717033 0.612675 0.770067
0 0.555209 0.313596 0.707384 0.627193 0.76417
0 0.552692 0.315207 0.716255 0.630413 0.736879
0 0.54628 0.317097 0.714951 0.634193 0.736485
0 0.555592 0.309556 0.715961 0.619112 0.75198
0 0.553976 0.311543 0.722627 0.623086 0.731071
0 0.55095 0.318431 0.73506 0.636862 0.748788
0 0.559905 0.318207 0.755656 0.636413 0.735441
0 0.558682 0.312823 0.734127 0.625645 0.755835
0 0.555222 0.312638 0.732225 0.625276 0.748413
0 0.551803 0.311173 0.723858 0.622346 0.780829
0 0.5571 0.311892 0.731429 0.623784 0.78674
0 0.557599 0.312571 0.731701 0.625142 0.785942
0 0.55174 0.311155 0.723701 0.622311 0.781001
