0 0.515787 0.285329 0.205287 0.239528 0.641593
0 0.507162 0.283746 0.203259 0.241692 0.99777
0 0.532345 0.771227 0.20971 0.226081 0.851028
0 0.520105 0.258524 0.167555 0.181512 0.822187
0 0.565963 0.775444 0.21528 0.251335 0.621676
0 0.509061 0.283343 0.23326 0.268998 0.824546
0 0.521576 0.28143 0.204987 0.2426 0.797493
0 0.506127 0.287105 0.209547 0.248862 0.721005
0 0.510951 0.285966 0.21282 0.260725 0.753403
0 0.51346 0.295507 0.204634 0.255346 0.829744
0 0.511035 0.285153 0.226642 0.254444 0.6817
0 0.507038 0.289449 0.208018 0.252049 0.772285
0 0.510937 0.289767 0.205254 0.24709 0.729786
0 0.504256 0.283732 0.221951 0.258849 0.762445
0 0.507148 0.287874 0.215751 0.25478 0.836433
0 0.511874 0.281702 0.210308 0.255729 0.713391
0 0.506076 0.287089 0.21851 0.249489 0.816701
0 0.511668 0.287376 0.195339 0.231267 0.719421
0 0.511767 0.285303 0.203082 0.236489 0.786433
0 0.517107 0.287245 0.20736 0.242324 0.817091
0 0.508315 0.287381 0.204818 0.240517 0.753434
0 0.510924 0.285347 0.218345 0.254014 0.847088
0 0.507104 0.289414 0.20493 0.241899 0.814682
0 0.508458 0.286199 0.210853 0.248414 0.743594
0 0.509897 0.281408 0.209677 0.247043 0.764264
0 0.508293 0.286467 0.204159 0.234818 0.832593
0 0.511334 0.286722 0.212084 0.254005 0.826858
0 0.509903 0.284149 0.203225 0.235938 0.810972
0 0.513358 0.285554 0.213637 0.248991 0.880396
0 0.509678 0.283739 0.226259 0.261287 0.867819
0 0.506267 0.285518 0.216409 0.251876 0.863272
0 0.510495 0.282262 0.214071 0.256354 0.803472
0 0.509061 0.285248 0.206941 0.242082 0.775631
0 0.507682 0.280036 0.220959 0.252974 0.807912
0 0.507662 0.282263 0.218496 0.256924 0.861907
0 0.507172 0.284289 0.217284 0.254647 0.832361
0 0.507872 0.284093 0.211706 0.247006 0.861549
0 0.507557 0.284216 0.219156 0.257991 0.836805
0 0.512732 0.284243 0.215162 0.251338 0.767883
0 0.510124 0.278133 0.221649 0.26199 0.737758
0 0.506597 0.286598 0.206194 0.236287 0.851821
0 0.511748 0.280154 0.211108 0.247725 0.857571
0 0.507523 0.285364 0.214244 0.247997 0.835077
0 0.510231 0.283359 0.216452 0.251978 0.809922
0 0.506228 0.279688 0.218819 0.255979 0.89781
0 0.506059 0.285301 0.216593 0.255937 0.858211
0 0.510053 0.284138 0.218656 0.255963 0.855172
0 0.51072 0.283845 0.211844 0.253213 0.85537
0 0.507971 0.282382 0.218463 0.253217 0.802741
0 0.506637 0.280829 0.214253 0.248654 0.856396
0 0.510111 0.284393 0.213171 0.249795 0.851194
0 0.510982 0.284524 0.214453 0.245765 0.851506
0 0.509841 0.28341 0.216904 0.247428 0.836011
0 0.510539 0.285434 0.214862 0.248447 0.799666
0 0.510633 0.282517 0.211723 0.249877 0.836247
0 0.5078 0.281279 0.219127 0.253575 0.859239
0 0.508267 0.278427 0.213596 0.249218 0.880939
0 0.50821 0.283392 0.212884 0.250327 0.826178
0 0.51169 0.283025 0.220813 0.254317 0.860267
0 0.51203 0.279002 0.225778 0.260356 0.824559
0 0.510633 0.283048 0.210822 0.245389 0.818903
0 0.510759 0.286631 0.215471 0.25174 0.85999
0 0.510676 0.278491 0.220998 0.257382 0.830794
0 0.511448 0.276925 0.224773 0.260683 0.835947
0 0.506743 0.286587 0.220703 0.259992 0.84156
0 0.512439 0.282627 0.21777 0.255165 0.867969
0 0.511365 0.281283 0.216599 0.251551 0.819095
0 0.50769 0.284509 0.217357 0.253649 0.882722
0 0.507279 0.28468 0.214347 0.248811 0.869846
0 0.511342 0.284704 0.214927 0.249418 0.868128
0 0.512541 0.281137 0.21492 0.24987 0.867119
0 0.512022 0.283549 0.216891 0.254957 0.845729
0 0.513204 0.285449 0.220504 0.255779 0.879113
0 0.511022 0.286835 0.216867 0.256745 0.848916
0 0.511707 0.277766 0.220097 0.256525 0.870183
0 0.50863 0.283631 0.216025 0.251241 0.857494
0 0.511132 0.281633 0.214438 0.252496 0.84606
0 0.51273 0.281338 0.217968 0.25196 0.847079
0 0.510892 0.280431 0.21566 0.24979 0.884238
0 0.512316 0.281536 0.214273 0.251815 0.86811
0 0.511034 0.281714 0.220188 0.257286 0.849395
0 0.511866 0.28279 0.213249 0.248381 0.866354
0 0.51252 0.282793 0.217867 0.253916 0.868389
0 0.510473 0.281066 0.212859 0.246257 0.847372
0 0.509337 0.283911 0.216571 0.253934 0.857581
0 0.509313 0.282276 0.21802 0.255347 0.846923
0 0.509208 0.282474 0.215778 0.254687 0.843309
0 0.512256 0.283003 0.220964 0.257837 0.860644
0 0.509274 0.281763 0.214003 0.248657 0.869407
0 0.511123 0.28282 0.214246 0.251259 0.867554
0 0.512403 0.283375 0.220451 0.256983 0.883624
0 0.511885 0.283413 0.218064 0.255717 0.874556
0 0.512647 0.28446 0.219889 0.257778 0.891514
0 0.511584 0.285854 0.215845 0.253016 0.880476
0 0.511094 0.28379 0.215069 0.249783 0.879163
0 0.51028 0.283549 0.216218 0.251421 0.885807
0 0.512763 0.284104 0.217098 0.253755 0.882463
0 0.51165 0.285748 0.215281 0.250505 0.901249
0 0.511097 0.285195 0.215443 0.251071 0.878429
0 0.51158 0.284801 0.216041 0.252509 0.903736
0 0.511541 0.285453 0.215161 0.251699 0.897841
0 0.511207 0.285113 0.215495 0.252093 0.894191
0 0.511571 0.284802 0.216029 0.252475 0.903496
