0 0.479486 0.220055 0.350151 0.392678 0.775865
0 0.534454 0.164441 0.208081 0.233424 0.722605
0 0.45169 0.214665 0.25653 0.305038 0.68194
0 0.476655 0.192468 0.202009 0.22057 0.924767
0 0.541082 0.163437 0.200511 0.220698 0.60435
0 0.543846 0.164538 0.178728 0.198648 0.616765
0 0.55237 0.165542 0.213585 0.237057 0.641222
0 0.553324 0.159813 0.180275 0.207682 0.652326
0 0.543984 0.161982 0.185812 0.212104 0.721831
0 0.540089 0.166601 0.212326 0.235412 0.624736
0 0.550988 0.168577 0.201239 0.221459 0.691817
0 0.539174 0.16976 0.211038 0.240788 0.650947
0 0.543469 0.166394 0.205764 0.227294 0.671516
0 0.543655 0.166623 0.200625 0.218846 0.776575
0 0.53372 0.17153 0.22532 0.235289 0.723854
0 0.542134 0.170364 0.213971 0.240779 0.780871
0 0.541823 0.162001 0.203365 0.235331 0.659612
0 0.545793 0.167474 0.198009 0.228407 0.685937
0 0.534526 0.165163 0.210383 0.23346 0.739071
0 0.542376 0.16806 0.210192 0.241341 0.81389
0 0.531805 0.167783 0.216121 0.240831 0.73449
0 0.539012 0.166629 0.197996 0.226251 0.767553
0 0.535445 0.166497 0.20426 0.230999 0.779112
0 0.540036 0.161753 0.201174 0.22882 0.708184
0 0.540524 0.16301 0.1972 0.224759 0.692459
0 0.543418 0.165513 0.205431 0.234781 0.742997
0 0.546995 0.168475 0.204576 0.234044 0.788775
0 0.536722 0.166835 0.213046 0.239975 0.720933
0 0.540293 0.170459 0.212543 0.236734 0.734282
0 0.537794 0.166405 0.215914 0.24198 0.827828
0 0.532494 0.165473 0.212256 0.243915 0.751886
0 0.536976 0.166248 0.194832 0.223242 0.783265
0 0.54195 0.167179 0.20781 0.239621 0.764754
0 0.536163 0.163666 0.201608 0.230156 0.760147
0 0.537431 0.165444 0.194425 0.221124 0.790645
0 0.534357 0.167434 0.201528 0.229117 0.759695
0 0.53478 0.171485 0.208458 0.237991 0.760496
0 0.540448 0.170599 0.206659 0.235628 0.760265
0 0.541567 0.171297 0.211407 0.234894 0.786894
0 0.534322 0.168989 0.207249 0.239811 0.828006
0 0.538428 0.165017 0.206189 0.234549 0.841235
0 0.537148 0.166524 0.204896 0.235626 0.813356
0 0.539291 0.174341 0.206782 0.238686 0.785855
0 0.5366 0.168405 0.208345 0.238046 0.763065
0 0.543726 0.16787 0.204568 0.236963 0.775462
0 0.543699 0.170356 0.207792 0.238321 0.747286
0 0.540891 0.168699 0.204645 0.239052 0.809523
0 0.5423 0.166848 0.205661 0.238411 0.783562
0 0.541675 0.166034 0.204768 0.23741 0.808628
0 0.540529 0.170088 0.206009 0.238624 0.796313
0 0.542492 0.173127 0.206085 0.236531 0.797537
0 0.54368 0.168417 0.203023 0.234392 0.746347
0 0.540752 0.165054 0.192476 0.221666 0.799373
0 0.53708 0.164928 0.194193 0.223325 0.798446
0 0.540219 0.166221 0.192884 0.222134 0.815799
0 0.541416 0.168607 0.19845 0.229992 0.788268
0 0.538538 0.170203 0.196221 0.226324 0.798769
0 0.539177 0.170722 0.208215 0.240238 0.833353
0 0.539432 0.171596 0.205334 0.234073 0.822132
0 0.540759 0.165541 0.204482 0.236587 0.863241
0 0.542162 0.17302 0.205377 0.233952 0.817283
0 0.539544 0.169587 0.201349 0.2335 0.815199
0 0.539117 0.168333 0.201672 0.234109 0.829561
0 0.538561 0.165502 0.202645 0.23005 0.854642
0 0.545574 0.166217 0.202598 0.236222 0.834947
0 0.545103 0.166425 0.197965 0.229518 0.839923
0 0.545492 0.16605 0.200858 0.233929 0.80217
0 0.545232 0.169372 0.205571 0.237945 0.86025
0 0.541667 0.169824 0.201385 0.232667 0.804852
0 0.543731 0.170148 0.205074 0.237727 0.849108
0 0.545323 0.169838 0.203342 0.236461 0.827465
0 0.54161 0.169426 0.20248 0.233428 0.824388
0 0.54158 0.167928 0.197616 0.228626 0.803183
0 0.541414 0.16595 0.197488 0.2278 0.843537
0 0.540555 0.171054 0.202835 0.233757 0.830414
0 0.54162 0.169987 0.203461 0.23526 0.819893
0 0.540471 0.16948 0.202509 0.234413 0.823791
0 0.540586 0.170713 0.205281 0.238222 0.849766
0 0.544978 0.171106 0.200818 0.231287 0.822632
0 0.544612 0.170028 0.20253 0.233775 0.836362
0 0.543903 0.169556 0.204091 0.236093 0.83821
0 0.541872 0.168 0.200223 0.229705 0.788349
0 0.543783 0.171243 0.204557 0.235423 0.824637
0 0.540102 0.170825 0.204212 0.235406 0.810199
0 0.542704 0.171111 0.203792 0.234844 0.830701
0 0.541623 0.171014 0.203423 0.234657 0.812646
0 0.543244 0.170863 0.203638 0.234845 0.816854
0 0.54272 0.171094 0.203775 0.234838 0.830519
