0 0.589961 0.26206 0.204204 0.233151 0.967465
0 0.566907 0.173653 0.330912 0.347306 0.810289
0 0.599846 0.260246 0.249464 0.297765 0.66928
0 0.619192 0.252134 0.253899 0.297972 0.672061
0 0.596573 0.259039 0.267603 0.310913 0.71772
0 0.602591 0.266854 0.24833 0.293281 0.776305
0 0.602556 0.268636 0.251753 0.293164 0.85544
0 0.603431 0.266914 0.233662 0.276432 0.864772
0 0.603324 0.264388 0.245781 0.293543 0.873467
0 0.606699 0.261518 0.237774 0.278119 0.806475
0 0.588017 0.262192 0.226929 0.296269 0.830285
0 0.603337 0.262687 0.244144 0.285219 0.929624
0 0.605507 0.258978 0.254192 0.297468 0.8522
0 0.593612 0.255169 0.260232 0.296522 0.871983
0 0.606847 0.265066 0.252868 0.300094 0.819343
0 0.604725 0.259021 0.248964 0.289717 0.894974
0 0.609784 0.263765 0.242553 0.2871 0.856518
0 0.603407 0.258749 0.23266 0.274899 0.894381
0 0.610774 0.260205 0.252953 0.30098 0.93951
0 0.600272 0.260358 0.252073 0.298756 0.808051
0 0.59933 0.261958 0.254807 0.295781 0.846861
0 0.608566 0.255516 0.247773 0.289246 0.904976
0 0.607747 0.267616 0.238233 0.283824 0.882477
0 0.606297 0.266095 0.240798 0.291401 0.939393
0 0.598348 0.266645 0.247423 0.282161 0.86815
0 0.612327 0.264571 0.237362 0.290533 0.932661
0 0.60669 0.267908 0.244164 0.286155 0.94366
0 0.604221 0.271745 0.240276 0.28527 0.903649
0 0.601419 0.259345 0.237526 0.284978 0.852445
0 0.605042 0.261608 0.233477 0.272389 0.801601
0 0.605138 0.257763 0.249614 0.29614 0.888411
0 0.610343 0.265469 0.239269 0.282732 0.918599
0 0.607241 0.26591 0.239881 0.285937 0.842991
0 0.605924 0.269663 0.238149 0.280623 0.891805
0 0.602338 0.268419 0.246901 0.291397 0.891221
0 0.615043 0.267369 0.252589 0.294646 0.776158
0 0.61274 0.259524 0.250468 0.294789 0.759581
0 0.606402 0.267024 0.240551 0.277684 0.892179
0 0.614098 0.264658 0.242439 0.287081 0.911916
0 0.603122 0.260662 0.244531 0.287603 0.87927
0 0.614079 0.268716 0.248065 0.291978 0.819297
0 0.606885 0.262832 0.239386 0.282767 0.942007
0 0.610338 0.268249 0.242116 0.285002 0.851826
0 0.610248 0.268759 0.241628 0.285519 0.883369
0 0.608199 0.272479 0.240792 0.285459 0.849132
0 0.605399 0.264659 0.239751 0.278573 0.85781
0 0.606599 0.266535 0.2356 0.275823 0.881355
0 0.603302 0.271656 0.242294 0.280879 0.880696
0 0.608809 0.276676 0.244866 0.282465 0.861113
0 0.607262 0.272242 0.242398 0.280349 0.897412
0 0.608363 0.268069 0.239746 0.282185 0.852138
0 0.608319 0.271737 0.243122 0.283172 0.894589
0 0.609271 0.272237 0.246626 0.285171 0.906595
0 0.607888 0.269921 0.239942 0.27948 0.918033
0 0.607465 0.274518 0.240558 0.283775 0.860389
0 0.606009 0.268881 0.241677 0.283434 0.852828
0 0.611182 0.268374 0.246256 0.291895 0.869447
0 0.608729 0.271428 0.236108 0.276264 0.820704
0 0.610483 0.272711 0.238839 0.280132 0.904269
0 0.610773 0.266981 0.242069 0.286621 0.833293
0 0.610278 0.266013 0.243337 0.287036 0.874397
0 0.609267 0.273858 0.24465 0.287264 0.880955
0 0.606285 0.273309 0.235302 0.275288 0.906581
0 0.604536 0.269962 0.239535 0.277722 0.891156
0 0.603141 0.271222 0.246554 0.285635 0.910709
0 0.606799 0.272493 0.238138 0.279877 0.913998
0 0.610576 0.274333 0.238235 0.278299 0.902814
0 0.612429 0.272397 0.237806 0.278894 0.891887
0 0.605942 0.272937 0.235339 0.279234 0.898396
0 0.608423 0.273188 0.23684 0.2784 0.908829
0 0.607312 0.272715 0.238646 0.279894 0.891972
0 0.607211 0.26923 0.239983 0.283783 0.908664
0 0.605067 0.271885 0.236501 0.281774 0.891567
0 0.606868 0.272913 0.241722 0.283181 0.884777
0 0.606153 0.273161 0.236941 0.280161 0.891805
0 0.608239 0.271382 0.241791 0.282004 0.922533
0 0.610518 0.271521 0.2381 0.277661 0.898457
0 0.605012 0.26908 0.24244 0.281415 0.897813
0 0.606649 0.272088 0.244507 0.286429 0.881555
0 0.60708 0.273036 0.241685 0.285921 0.905127
0 0.60611 0.272373 0.237741 0.275078 0.877934
0 0.606246 0.273395 0.239896 0.281034 0.883759
0 0.606755 0.272419 0.240345 0.281793 0.888874
0 0.609164 0.273548 0.241575 0.282464 0.894783
0 0.607523 0.273124 0.238992 0.280887 0.902122
0 0.608144 0.272176 0.236893 0.277883 0.920457
0 0.609052 0.274421 0.238153 0.280005 0.920071
0 0.606817 0.271423 0.240296 0.281125 0.9362
0 0.609657 0.275777 0.242291 0.283174 0.907521
0 0.610365 0.272553 0.241338 0.280599 0.930516
0 0.608726 0.274742 0.238945 0.281796 0.926883
0 0.609319 0.273793 0.24094 0.281927 0.929242
0 0.607709 0.273961 0.239804 0.282356 0.929777
0 0.609307 0.273349 0.241716 0.28281 0.907271
0 0.609811 0.274421 0.240116 0.281069 0.918307
0 0.608111 0.274563 0.240602 0.28214 0.913007
0 0.608319 0.274366 0.240737 0.282177 0.924488
0 0.608459 0.274392 0.240057 0.282179 0.920081
0 0.609152 0.274458 0.241389 0.283536 0.921137
0 0.608318 0.274365 0.240733 0.282185 0.92434
