0 0.532185 0.231739 0.184175 0.189778 0.822662
0 0.691718 0.165501 0.213018 0.24514 0.686064
0 0.297404 0.183647 0.188956 0.203449 0.987281
0 0.538122 0.229865 0.159749 0.203436 0.956068
0 0.691467 0.169389 0.181681 0.214095 0.88315
0 0.278804 0.211782 0.201853 0.236035 0.818237
0 0.292304 0.186707 0.17223 0.218469 0.645997
0 0.303543 0.190324 0.156745 0.180365 0.947424
0 0.545595 0.231069 0.122731 0.148113 0.844409
0 0.698019 0.173015 0.160096 0.171224 0.738995
0 0.531402 0.229239 0.130624 0.162433 0.862761
0 0.286707 0.190807 0.183532 0.218954 0.752653
0 0.686134 0.168333 0.162577 0.18648 0.62489
0 0.533824 0.225728 0.135689 0.171313 0.922924
0 0.296967 0.18677 0.168607 0.203229 0.858941
0 0.692497 0.165876 0.164131 0.185039 0.687182
0 0.537529 0.230144 0.133469 0.159533 0.953212
0 0.297205 0.192142 0.166919 0.202175 0.886324
0 0.695732 0.171824 0.169228 0.188022 0.805031
0 0.540197 0.223363 0.121127 0.146892 0.829095
0 0.299135 0.185878 0.179208 0.209079 0.78492
0 0.702299 0.164927 0.173882 0.204892 0.627551
0 0.291033 0.189416 0.182584 0.214376 0.800753
0 0.544208 0.227726 0.138415 0.166077 0.78497
0 0.699256 0.171045 0.166015 0.191808 0.658195
0 0.293393 0.194514 0.181973 0.219425 0.825633
0 0.694017 0.177779 0.174934 0.205788 0.745002
0 0.53933 0.225394 0.129394 0.155644 0.744442
0 0.290367 0.190539 0.177552 0.215082 0.829035
0 0.693771 0.173096 0.168998 0.195178 0.781165
0 0.540181 0.22624 0.137789 0.161494 0.756099
0 0.288004 0.192497 0.192122 0.220647 0.849483
0 0.535145 0.229363 0.137042 0.162536 0.794458
0 0.690011 0.169077 0.174074 0.199496 0.775622
0 0.533144 0.22647 0.1252 0.147332 0.729988
0 0.289325 0.19377 0.18295 0.214391 0.727349
0 0.695642 0.175043 0.158155 0.183833 0.647401
0 0.536505 0.228577 0.143139 0.16809 0.790083
0 0.289738 0.19205 0.194006 0.217756 0.768303
0 0.69495 0.172551 0.176772 0.206373 0.691042
0 0.541052 0.231549 0.137008 0.16249 0.795287
0 0.697277 0.176092 0.17997 0.204837 0.739122
0 0.293182 0.194381 0.189173 0.221514 0.722932
0 0.289595 0.195454 0.191427 0.22598 0.819223
0 0.69582 0.174722 0.178794 0.203875 0.798937
0 0.53875 0.225426 0.145044 0.173333 0.772787
0 0.290806 0.192341 0.195482 0.225663 0.824596
0 0.697188 0.172366 0.172376 0.2011 0.77295
0 0.540174 0.22665 0.146352 0.174383 0.770495
0 0.538218 0.228369 0.141813 0.16887 0.764575
0 0.286607 0.192627 0.191113 0.219483 0.740912
0 0.696487 0.172963 0.171074 0.20302 0.72565
0 0.541749 0.22857 0.138325 0.16158 0.848499
0 0.290493 0.196948 0.200088 0.231232 0.830436
0 0.694989 0.175263 0.176652 0.206331 0.788473
0 0.286029 0.197014 0.191259 0.227217 0.779962
0 0.537255 0.227017 0.140564 0.165537 0.770313
0 0.692602 0.175342 0.171236 0.203899 0.734547
0 0.282824 0.196638 0.200879 0.232891 0.748142
0 0.695744 0.172164 0.178804 0.208533 0.735487
0 0.535643 0.227265 0.147829 0.17572 0.716932
0 0.540216 0.229953 0.139374 0.16875 0.855563
0 0.286493 0.195152 0.195964 0.224741 0.806473
0 0.696798 0.173011 0.172109 0.201105 0.746484
0 0.537287 0.232302 0.141662 0.165099 0.905866
0 0.285031 0.199118 0.191034 0.217216 0.822805
0 0.690394 0.177584 0.168267 0.196311 0.820525
0 0.535694 0.229667 0.141532 0.167223 0.847889
0 0.286783 0.197192 0.194427 0.227556 0.801523
0 0.696232 0.17204 0.176147 0.209106 0.791456
0 0.689181 0.173906 0.17411 0.202024 0.825791
0 0.53416 0.229352 0.144629 0.172139 0.809293
0 0.282979 0.191853 0.185988 0.21415 0.795956
0 0.536746 0.231714 0.141665 0.166235 0.887575
0 0.291072 0.19264 0.184831 0.219871 0.860735
0 0.695756 0.172666 0.16872 0.201713 0.825431
0 0.53202 0.231007 0.146111 0.169718 0.866835
0 0.286236 0.196621 0.199005 0.226265 0.837065
0 0.692268 0.175775 0.179411 0.203722 0.810784
0 0.533857 0.232551 0.145217 0.169186 0.89195
0 0.290871 0.195093 0.189275 0.216548 0.824299
0 0.692422 0.177114 0.169756 0.198967 0.803171
0 0.536521 0.231014 0.146863 0.167311 0.849327
0 0.289322 0.192107 0.191318 0.218472 0.771998
0 0.693762 0.176357 0.173955 0.200599 0.752349
0 0.694362 0.17752 0.169152 0.200229 0.756561
0 0.286231 0.19582 0.185678 0.21902 0.73161
0 0.536236 0.23224 0.134872 0.160525 0.729031
0 0.290468 0.191573 0.189172 0.216546 0.760416
0 0.534663 0.230643 0.142182 0.16698 0.750841
0 0.693151 0.17241 0.172081 0.20254 0.748688
0 0.536139 0.232362 0.142448 0.164349 0.886856
0 0.28829 0.194555 0.192916 0.225355 0.840613
0 0.693946 0.172943 0.171209 0.200565 0.833585
0 0.693372 0.174497 0.17434 0.206954 0.808044
0 0.285712 0.195003 0.195802 0.226661 0.80431
0 0.530739 0.232175 0.145861 0.169167 0.798518
0 0.537226 0.232883 0.13988 0.165553 0.853178
0 0.292388 0.195897 0.192552 0.22566 0.840843
0 0.694101 0.176821 0.17648 0.205744 0.828111
0 0.534636 0.235022 0.141011 0.167015 0.911247
0 0.285933 0.196177 0.200726 0.231871 0.813895
0 0.690838 0.179961 0.178204 0.199524 0.800436
0 0.53787 0.230303 0.146315 0.17211 0.838081
0 0.691933 0.175925 0.181393 0.209018 0.777389
0 0.294806 0.192723 0.192851 0.221288 0.760436
0 0.535028 0.230604 0.137684 0.161227 0.739031
0 0.692552 0.172895 0.167776 0.194485 0.726083
0 0.290909 0.187285 0.186878 0.215243 0.682985
0 0.535041 0.232937 0.147554 0.168206 0.849532
0 0.692206 0.177167 0.172248 0.199438 0.836021
0 0.290499 0.191858 0.182479 0.21273 0.810397
0 0.536007 0.233253 0.146214 0.167983 0.901118
0 0.294367 0.191973 0.185477 0.216832 0.873561
0 0.694609 0.176204 0.177201 0.205206 0.810555
0 0.693648 0.175122 0.179615 0.207658 0.799612
0 0.291747 0.192348 0.189803 0.216163 0.788647
0 0.534643 0.233872 0.143012 0.168575 0.777942
0 0.292266 0.194675 0.189543 0.22075 0.787209
0 0.532785 0.233981 0.140809 0.163653 0.786929
0 0.69207 0.175508 0.173883 0.207118 0.780217
0 0.535767 0.230504 0.141487 0.166895 0.848318
0 0.690559 0.172739 0.176636 0.207817 0.84444
0 0.291778 0.190134 0.181395 0.210578 0.831541
0 0.289082 0.190024 0.187042 0.221164 0.818504
0 0.532096 0.231557 0.147162 0.169326 0.809958
0 0.690912 0.178653 0.17565 0.200262 0.807701
0 0.533626 0.232251 0.142467 0.166622 0.847824
0 0.690749 0.1786 0.176266 0.203217 0.842339
0 0.290165 0.193038 0.191596 0.219108 0.837371
0 0.535362 0.233423 0.138344 0.165162 0.84542
0 0.293811 0.194976 0.179679 0.20863 0.836395
0 0.691015 0.178164 0.171218 0.200419 0.8132
0 0.534971 0.231685 0.144539 0.166968 0.868461
0 0.292555 0.193945 0.185904 0.211082 0.813335
0 0.691611 0.176269 0.172218 0.196806 0.811521
0 0.536325 0.23217 0.144018 0.165823 0.877085
0 0.293786 0.193996 0.187571 0.220731 0.857205
0 0.693268 0.178867 0.178091 0.205817 0.836505
0 0.536143 0.233548 0.137507 0.162921 0.848558
0 0.688443 0.179537 0.172364 0.199927 0.832718
0 0.2941 0.193793 0.185213 0.218064 0.831873
0 0.532914 0.234071 0.144088 0.165571 0.857875
0 0.292418 0.192218 0.188598 0.2164 0.853214
0 0.690392 0.179849 0.181636 0.210664 0.842151
0 0.290271 0.193075 0.188676 0.222187 0.829807
0 0.531207 0.235257 0.145541 0.169496 0.821612
0 0.687386 0.177729 0.17651 0.204483 0.810334
0 0.293467 0.194345 0.192458 0.221374 0.807482
0 0.691126 0.17722 0.174266 0.201263 0.796755
0 0.534299 0.23497 0.150646 0.17334 0.769531
0 0.531494 0.232072 0.144568 0.168542 0.845301
0 0.289767 0.193916 0.187059 0.222706 0.842534
0 0.689926 0.175394 0.176362 0.208795 0.829854
0 0.536305 0.231189 0.139944 0.164844 0.887569
0 0.293323 0.193262 0.185994 0.218255 0.865074
0 0.689917 0.17658 0.178001 0.204905 0.840811
0 0.53368 0.231348 0.141998 0.16818 0.859571
0 0.288657 0.191192 0.193573 0.221909 0.842278
0 0.690593 0.176857 0.170353 0.198146 0.81357
0 0.534667 0.234104 0.140591 0.165788 0.84441
0 0.690744 0.17915 0.172243 0.200387 0.833721
0 0.288576 0.19735 0.190618 0.223931 0.817906
0 0.536682 0.23323 0.139119 0.164087 0.853665
0 0.294249 0.192194 0.187157 0.216016 0.818399
0 0.690288 0.177382 0.173847 0.20001 0.817582
0 0.536113 0.232455 0.145703 0.169905 0.817035
0 0.293773 0.19145 0.192111 0.224186 0.800186
0 0.693758 0.177328 0.176172 0.204 0.753732
0 0.28982 0.196241 0.187646 0.219823 0.798952
0 0.69178 0.178014 0.172462 0.200137 0.790719
0 0.535 0.233237 0.142998 0.163456 0.788454
0 0.290695 0.194459 0.191743 0.224481 0.864874
0 0.691747 0.176975 0.178428 0.208915 0.827154
0 0.532847 0.233555 0.145043 0.170444 0.822692
0 0.693068 0.173922 0.176115 0.205038 0.801045
0 0.289463 0.193413 0.192942 0.22434 0.791159
0 0.53307 0.232874 0.144826 0.167017 0.747955
0 0.289391 0.191186 0.193302 0.222737 0.827386
0 0.692281 0.175614 0.174383 0.202449 0.812233
0 0.532963 0.231771 0.146842 0.168437 0.809596
0 0.532737 0.233566 0.145117 0.166799 0.845819
0 0.290417 0.196412 0.191588 0.224036 0.823309
0 0.690781 0.178642 0.174339 0.206668 0.805958
0 0.693806 0.179243 0.177429 0.206629 0.830307
0 0.294138 0.195147 0.191615 0.221862 0.822695
0 0.533562 0.233559 0.146201 0.166583 0.808188
0 0.693884 0.175227 0.178364 0.210387 0.802369
0 0.532612 0.23193 0.14415 0.166556 0.785558
0 0.289945 0.192912 0.190723 0.22271 0.782245
0 0.532414 0.234831 0.144095 0.168231 0.88647
0 0.693462 0.179919 0.174964 0.206424 0.857734
0 0.288351 0.196313 0.193058 0.225865 0.850589
0 0.692686 0.178259 0.17867 0.210422 0.83495
0 0.533468 0.234256 0.147044 0.170243 0.834713
0 0.288083 0.194466 0.190674 0.223458 0.818675
0 0.290571 0.196614 0.188521 0.218552 0.845992
0 0.693216 0.17553 0.176261 0.20927 0.844503
0 0.532478 0.235393 0.145264 0.172103 0.837364
0 0.694079 0.176762 0.174246 0.203518 0.851825
0 0.533276 0.234174 0.145335 0.167836 0.837046
0 0.291887 0.195243 0.185486 0.216855 0.823483
0 0.533973 0.235135 0.145449 0.168356 0.863527
0 0.693261 0.177859 0.177823 0.207551 0.853857
0 0.289983 0.197812 0.190829 0.2244 0.818412
0 0.693167 0.175852 0.179902 0.210452 0.869975
0 0.534773 0.235756 0.147056 0.172713 0.869472
0 0.290788 0.197494 0.192376 0.226129 0.837957
0 0.533606 0.235795 0.147414 0.170681 0.844505
0 0.692175 0.178173 0.180126 0.209359 0.839781
0 0.288711 0.196506 0.190106 0.220678 0.81599
0 0.692139 0.173888 0.182206 0.21231 0.89126
0 0.533906 0.232546 0.149611 0.1708 0.871417
0 0.290732 0.191542 0.190614 0.222669 0.86392
0 0.691435 0.176619 0.178362 0.208873 0.87123
0 0.288577 0.192003 0.191595 0.222256 0.835767
0 0.533581 0.235947 0.145659 0.169374 0.821554
0 0.691466 0.175957 0.179431 0.211342 0.874616
0 0.533706 0.234791 0.147358 0.17119 0.832897
0 0.288977 0.193427 0.191787 0.223728 0.82311
0 0.692907 0.176477 0.178584 0.209903 0.859904
0 0.534557 0.233637 0.143208 0.166656 0.854321
0 0.292373 0.195492 0.183854 0.21578 0.836046
0 0.694061 0.174814 0.173885 0.201869 0.883076
0 0.291691 0.19085 0.191134 0.222701 0.863015
0 0.535846 0.231541 0.146569 0.166056 0.834399
0 0.693474 0.172343 0.178504 0.209112 0.873255
0 0.290629 0.192072 0.188046 0.222815 0.864239
0 0.532996 0.232585 0.142739 0.167514 0.832993
0 0.692774 0.17274 0.177345 0.206969 0.865966
0 0.532149 0.231308 0.143987 0.16684 0.845347
0 0.287252 0.190008 0.192507 0.220462 0.838758
0 0.694354 0.172993 0.174492 0.205575 0.840768
0 0.292594 0.189064 0.186801 0.218369 0.820318
0 0.534729 0.231381 0.142731 0.164482 0.775118
0 0.694152 0.174514 0.177194 0.207115 0.874176
0 0.288831 0.192165 0.193782 0.223363 0.851876
0 0.53326 0.233738 0.148248 0.169119 0.83907
0 0.692896 0.175048 0.179154 0.206178 0.841027
0 0.288825 0.191805 0.190746 0.220367 0.808588
0 0.533175 0.233461 0.149103 0.172294 0.779346
0 0.692281 0.176269 0.174842 0.203025 0.865424
0 0.535162 0.233182 0.142025 0.164346 0.8523
0 0.28923 0.193227 0.189104 0.222505 0.834403
0 0.693082 0.176774 0.174969 0.20548 0.857009
0 0.29021 0.193148 0.187907 0.219955 0.835596
0 0.533493 0.233659 0.149173 0.171753 0.812948
0 0.692128 0.175989 0.175454 0.204787 0.864613
0 0.289785 0.194804 0.188003 0.221349 0.83441
0 0.5326 0.234517 0.14693 0.171389 0.824329
0 0.693724 0.176121 0.180454 0.210759 0.857555
0 0.291076 0.192467 0.187494 0.219046 0.831858
0 0.53414 0.234627 0.149094 0.173057 0.817696
0 0.691397 0.175028 0.177368 0.206363 0.879211
0 0.290666 0.19233 0.186056 0.215975 0.863088
0 0.533062 0.23302 0.1462 0.168412 0.842266
0 0.691036 0.176651 0.17507 0.201533 0.87763
0 0.290319 0.194029 0.185872 0.217316 0.858376
0 0.532891 0.234614 0.145793 0.169478 0.829419
0 0.692941 0.175636 0.183411 0.214009 0.889506
0 0.533617 0.234197 0.147674 0.170888 0.865118
0 0.291242 0.194434 0.188802 0.221821 0.864319
0 0.694016 0.176316 0.176289 0.207125 0.85472
0 0.290818 0.193367 0.186778 0.218959 0.836529
0 0.533686 0.233578 0.143965 0.168518 0.806754
0 0.69269 0.175213 0.179956 0.211858 0.890612
0 0.289886 0.193238 0.189135 0.22118 0.86369
0 0.532967 0.23363 0.146067 0.170123 0.837343
0 0.692161 0.176926 0.178673 0.207591 0.885254
0 0.291455 0.194675 0.185754 0.216395 0.85861
0 0.534 0.235799 0.146291 0.168538 0.84418
0 0.692062 0.174728 0.179866 0.208816 0.887793
0 0.533084 0.233296 0.146491 0.166854 0.865708
0 0.289516 0.193209 0.187644 0.219541 0.864209
0 0.691874 0.173812 0.179768 0.209908 0.889437
0 0.533505 0.233417 0.148192 0.169694 0.877338
0 0.289387 0.192748 0.188865 0.219913 0.868152
0 0.692724 0.174168 0.177464 0.207102 0.859035
0 0.291258 0.192738 0.185495 0.2161 0.850349
0 0.534965 0.233397 0.146008 0.16786 0.843294
0 0.691969 0.175263 0.178491 0.208054 0.890141
0 0.290237 0.193411 0.187501 0.21909 0.872003
0 0.5329 0.233712 0.146336 0.167696 0.868891
0 0.691711 0.174813 0.176753 0.206349 0.876883
0 0.533545 0.234134 0.1463 0.167716 0.86606
0 0.290145 0.192763 0.187694 0.218534 0.864979
0 0.6924 0.175712 0.17846 0.207592 0.890129
0 0.533878 0.234707 0.14746 0.168688 0.886954
0 0.291139 0.193967 0.187857 0.219632 0.880093
0 0.691893 0.175301 0.177537 0.206837 0.878397
0 0.290884 0.193247 0.187569 0.218909 0.864501
0 0.533663 0.233838 0.145993 0.167305 0.862226
0 0.692349 0.175041 0.177684 0.207354 0.882903
0 0.5345 0.234074 0.146598 0.167978 0.868929
0 0.291324 0.192845 0.187462 0.21891 0.868276
0 0.6924 0.175704 0.178472 0.207609 0.889881
0 0.533875 0.234689 0.147451 0.168669 0.886694
0 0.291139 0.193957 0.18785 0.219626 0.879885
