0 0.454264 0.359248 0.185589 0.21788 0.995565
0 0.3113 0.264256 0.182207 0.213653 0.918837
0 0.532075 0.192301 0.184952 0.213981 0.821457
0 0.457352 0.362947 0.21756 0.248469 0.600549
0 0.462584 0.362071 0.171 0.198638 0.884439
0 0.453959 0.359551 0.169355 0.206282 0.623431
0 0.463942 0.355451 0.178214 0.2037 0.707866
0 0.30606 0.267309 0.171802 0.215863 0.612106
0 0.466574 0.367202 0.175167 0.206463 0.789815
0 0.297415 0.29008 0.203682 0.252867 0.774873
0 0.461654 0.360752 0.190925 0.2198 0.694548
0 0.297952 0.277935 0.212157 0.247973 0.665984
0 0.455693 0.357971 0.181465 0.214564 0.761914
0 0.457515 0.360606 0.177499 0.212459 0.826754
0 0.300875 0.270138 0.177089 0.218505 0.744062
0 0.297954 0.28078 0.1971 0.243257 0.811948
0 0.45366 0.360107 0.18198 0.207206 0.803112
0 0.534032 0.201278 0.193846 0.231216 0.744699
0 0.293204 0.270066 0.200711 0.232496 0.814748
0 0.452096 0.360716 0.182069 0.208421 0.773755
0 0.298568 0.276252 0.192179 0.232315 0.744133
0 0.45065 0.361697 0.182573 0.210382 0.658785
0 0.301886 0.267019 0.15362 0.181804 0.619354
0 0.298979 0.275039 0.197725 0.225965 0.806438
0 0.454522 0.359986 0.193805 0.219777 0.765335
0 0.523356 0.196452 0.191557 0.227745 0.613307
0 0.30428 0.270201 0.182356 0.215387 0.735341
0 0.465055 0.360086 0.179288 0.202551 0.697338
0 0.300516 0.272934 0.191227 0.223299 0.786773
0 0.454025 0.355962 0.184589 0.21392 0.757206
0 0.30178 0.274867 0.189892 0.221789 0.810773
0 0.459989 0.360295 0.179626 0.213623 0.76778
0 0.5341 0.196638 0.19018 0.22834 0.755536
0 0.300975 0.273672 0.191703 0.224661 0.790246
0 0.455474 0.362144 0.1771 0.20811 0.72187
0 0.529021 0.195521 0.192078 0.229763 0.66675
0 0.304975 0.273796 0.188685 0.226172 0.831282
0 0.458836 0.36118 0.183308 0.212484 0.790863
0 0.533995 0.193659 0.20307 0.235092 0.753069
0 0.456957 0.363207 0.171114 0.202191 0.790625
0 0.298608 0.278404 0.186421 0.231814 0.757166
0 0.523139 0.204658 0.187786 0.227846 0.699844
0 0.297821 0.27189 0.196673 0.23071 0.750569
0 0.454562 0.357569 0.18302 0.211705 0.720796
0 0.522457 0.188001 0.197505 0.234533 0.634386
0 0.456869 0.357916 0.186689 0.222434 0.771314
0 0.298034 0.275313 0.194501 0.229981 0.747376
0 0.531489 0.192399 0.194587 0.228184 0.676286
0 0.30183 0.27308 0.174471 0.206051 0.806647
0 0.456798 0.365198 0.178145 0.20495 0.776551
0 0.531253 0.195481 0.186553 0.213438 0.676462
0 0.299382 0.279469 0.19977 0.232465 0.770928
0 0.455664 0.361824 0.189003 0.219441 0.751733
0 0.525709 0.196436 0.199494 0.238031 0.7278
0 0.454094 0.360135 0.176474 0.21062 0.787179
0 0.299372 0.270572 0.177185 0.20561 0.740396
0 0.523059 0.191554 0.188644 0.221694 0.723182
0 0.302565 0.270262 0.177397 0.213142 0.840832
0 0.454012 0.361512 0.177263 0.211251 0.824599
0 0.524941 0.195547 0.179185 0.215807 0.720315
0 0.298661 0.273463 0.193853 0.224567 0.817756
0 0.454556 0.363138 0.191597 0.218755 0.802633
0 0.520906 0.191681 0.203492 0.238668 0.701382
0 0.459259 0.361018 0.179282 0.204347 0.813079
0 0.302546 0.271937 0.185095 0.21104 0.786777
0 0.527709 0.19686 0.195258 0.221922 0.682171
0 0.454911 0.364845 0.186878 0.216134 0.754573
0 0.303517 0.279052 0.194565 0.229659 0.744136
0 0.525123 0.197376 0.192736 0.227959 0.705436
0 0.302705 0.270772 0.178806 0.212981 0.708053
0 0.451719 0.363619 0.186244 0.21449 0.703123
0 0.45463 0.357148 0.18745 0.216153 0.763954
0 0.299 0.271423 0.186687 0.218532 0.748882
0 0.5205 0.191885 0.196405 0.228325 0.644408
0 0.458395 0.361716 0.18445 0.21663 0.840475
0 0.303105 0.26926 0.185707 0.220633 0.783593
0 0.521082 0.194086 0.189672 0.224359 0.669762
0 0.301297 0.269683 0.175653 0.208674 0.776231
0 0.452833 0.361898 0.185751 0.219569 0.761433
0 0.521621 0.19735 0.198673 0.23757 0.621686
0 0.451992 0.361771 0.185871 0.218281 0.81648
0 0.304191 0.270949 0.181643 0.217635 0.782961
0 0.528719 0.196141 0.188726 0.22545 0.738729
0 0.300305 0.276396 0.187448 0.215817 0.812782
0 0.446329 0.365404 0.188077 0.210863 0.789923
0 0.523469 0.201042 0.192996 0.229049 0.711296
0 0.461753 0.362408 0.187049 0.214686 0.779377
0 0.306253 0.266874 0.176649 0.206975 0.747488
0 0.526791 0.193378 0.196131 0.226707 0.664093
0 0.302875 0.266372 0.173456 0.202606 0.702318
0 0.454983 0.356687 0.191203 0.221326 0.667566
0 0.452292 0.362119 0.186244 0.215247 0.754566
0 0.301734 0.273586 0.178187 0.210075 0.749065
0 0.460584 0.359881 0.183761 0.215592 0.832497
0 0.304014 0.27272 0.178729 0.210429 0.80323
0 0.524115 0.194308 0.191226 0.229629 0.758058
0 0.453968 0.358376 0.185888 0.211113 0.774388
0 0.301943 0.271028 0.178123 0.206507 0.753022
0 0.524064 0.196152 0.19043 0.219457 0.71433
0 0.302327 0.272073 0.178971 0.212244 0.74848
0 0.454557 0.360372 0.182905 0.213959 0.724919
0 0.527939 0.195461 0.194277 0.230899 0.69422
0 0.451978 0.357931 0.186799 0.219284 0.823581
0 0.301158 0.268343 0.170312 0.203383 0.805664
0 0.525799 0.193613 0.192181 0.229112 0.764058
0 0.452033 0.361091 0.188274 0.219844 0.781602
0 0.29965 0.267859 0.177562 0.200218 0.766455
0 0.526434 0.192902 0.196709 0.231653 0.711724
0 0.458009 0.363955 0.18183 0.209928 0.831796
0 0.300914 0.265455 0.174988 0.203499 0.784081
0 0.523905 0.195207 0.187019 0.217484 0.711894
0 0.457065 0.36213 0.176913 0.207228 0.865562
0 0.304926 0.267296 0.163355 0.191031 0.785908
0 0.530073 0.192957 0.187021 0.218986 0.765375
0 0.454526 0.35541 0.183678 0.21203 0.793021
0 0.302836 0.261746 0.16596 0.191416 0.773556
0 0.522611 0.189129 0.188816 0.217569 0.711312
0 0.452794 0.36074 0.184575 0.21606 0.802576
0 0.301448 0.265489 0.170921 0.199405 0.777433
0 0.522872 0.193805 0.196683 0.229735 0.704633
0 0.455981 0.364717 0.177311 0.205899 0.791671
0 0.30226 0.268075 0.166273 0.191887 0.786165
0 0.523988 0.198923 0.185078 0.213539 0.716567
0 0.454012 0.36485 0.180612 0.207665 0.82756
0 0.302357 0.267746 0.165771 0.191612 0.782929
0 0.521619 0.195566 0.192975 0.220988 0.675386
0 0.451192 0.363323 0.181584 0.212163 0.780081
0 0.299582 0.266478 0.172326 0.203631 0.725055
0 0.521226 0.199556 0.188172 0.218066 0.647763
0 0.454 0.363905 0.184934 0.213924 0.748199
0 0.30165 0.271909 0.185433 0.21381 0.742114
0 0.524107 0.199019 0.19408 0.225501 0.682464
0 0.300476 0.266829 0.171301 0.199335 0.813153
0 0.452013 0.361754 0.184996 0.214816 0.802321
0 0.522114 0.196265 0.187312 0.22117 0.653856
0 0.454117 0.362629 0.180521 0.209604 0.854008
0 0.302078 0.2668 0.172589 0.199006 0.796652
0 0.523927 0.198304 0.186985 0.216435 0.769242
0 0.452737 0.360449 0.182281 0.2095 0.820029
0 0.302106 0.2667 0.171723 0.199355 0.782582
0 0.522785 0.194219 0.191178 0.222659 0.730561
0 0.45346 0.361457 0.179571 0.209546 0.785263
0 0.301813 0.266808 0.168214 0.195348 0.773697
0 0.521904 0.196622 0.192974 0.227255 0.689036
0 0.453609 0.358699 0.185432 0.213364 0.814046
0 0.30384 0.268757 0.173131 0.199908 0.765616
0 0.524272 0.192704 0.191288 0.22081 0.735196
0 0.454504 0.358523 0.187582 0.218512 0.7908
0 0.30283 0.264539 0.167601 0.194726 0.694021
0 0.525348 0.192975 0.195816 0.231468 0.67256
0 0.449185 0.36205 0.183501 0.213802 0.787132
0 0.299503 0.266538 0.172023 0.200764 0.744234
0 0.521395 0.196021 0.184465 0.216197 0.707476
0 0.452468 0.360849 0.185478 0.217617 0.817209
0 0.302005 0.272654 0.182569 0.215637 0.794581
0 0.524473 0.196222 0.189711 0.221267 0.693327
0 0.452114 0.356522 0.192101 0.220087 0.740042
0 0.303908 0.268592 0.175575 0.203009 0.702811
0 0.449075 0.359241 0.186808 0.216132 0.787389
0 0.298601 0.264871 0.173334 0.200944 0.770523
0 0.521861 0.194432 0.1924 0.22634 0.680164
0 0.453206 0.362893 0.184808 0.216327 0.814209
0 0.301273 0.266003 0.175821 0.205753 0.77634
0 0.52174 0.19787 0.189554 0.222595 0.633228
0 0.451942 0.360225 0.183974 0.212017 0.77917
0 0.301945 0.26526 0.170806 0.198465 0.777871
0 0.522624 0.195923 0.190523 0.222724 0.711762
0 0.448546 0.359738 0.183647 0.213698 0.743882
0 0.299631 0.267374 0.172413 0.202936 0.72484
0 0.523868 0.193529 0.186676 0.220763 0.661046
0 0.448699 0.36113 0.185213 0.213366 0.803128
0 0.300771 0.272586 0.176617 0.206249 0.789605
0 0.526412 0.1977 0.187862 0.219643 0.744628
0 0.453609 0.361654 0.18091 0.211548 0.82919
0 0.299451 0.270909 0.177094 0.209182 0.785083
0 0.525138 0.196828 0.192095 0.224967 0.736633
0 0.45399 0.362575 0.181436 0.21131 0.826201
0 0.300915 0.267772 0.16956 0.198359 0.782098
0 0.527042 0.195601 0.191027 0.223887 0.729046
0 0.450916 0.359554 0.18124 0.209048 0.798698
0 0.300441 0.26662 0.164541 0.191134 0.774536
0 0.526466 0.195273 0.186721 0.219229 0.662797
0 0.452851 0.361892 0.181045 0.20852 0.817868
0 0.301222 0.266958 0.1674 0.196531 0.76408
0 0.525179 0.197492 0.188965 0.224445 0.719387
0 0.45457 0.361986 0.183173 0.213788 0.851199
0 0.30405 0.269774 0.174542 0.203795 0.821615
0 0.527003 0.195513 0.192539 0.223656 0.740108
0 0.452141 0.361454 0.186704 0.215123 0.839131
0 0.30061 0.268888 0.173952 0.201686 0.778145
0 0.525327 0.198881 0.196162 0.22805 0.705061
0 0.452671 0.359743 0.186027 0.215482 0.877593
0 0.299905 0.26403 0.175621 0.202371 0.82939
0 0.522372 0.194341 0.193022 0.225159 0.73797
0 0.45205 0.362181 0.184678 0.212525 0.828079
0 0.301621 0.267169 0.173214 0.200274 0.774884
0 0.524311 0.197647 0.195403 0.226958 0.648371
0 0.452245 0.362055 0.182854 0.211763 0.83115
0 0.298784 0.266976 0.171378 0.200265 0.792368
0 0.524039 0.196815 0.192511 0.224744 0.697215
0 0.451833 0.359552 0.181762 0.207884 0.816092
0 0.300953 0.267061 0.167941 0.195101 0.803941
0 0.52588 0.194143 0.191081 0.220648 0.680363
0 0.450626 0.358401 0.188914 0.214858 0.832959
0 0.301906 0.263004 0.170084 0.196815 0.811486
0 0.450034 0.360155 0.186946 0.217594 0.838059
0 0.300355 0.263632 0.169838 0.19689 0.817024
0 0.522565 0.195739 0.188935 0.222528 0.633153
0 0.301313 0.264345 0.167281 0.191837 0.817931
0 0.447233 0.356986 0.191056 0.215303 0.812316
0 0.520805 0.19249 0.193632 0.223809 0.663883
0 0.451336 0.35966 0.182538 0.21144 0.815828
0 0.301076 0.263423 0.169372 0.196468 0.79131
0 0.521405 0.193452 0.187414 0.217468 0.620143
0 0.300079 0.266142 0.172934 0.199768 0.833114
0 0.447742 0.362012 0.188222 0.216451 0.825636
0 0.523447 0.195729 0.193173 0.22427 0.678612
0 0.45261 0.361494 0.185397 0.212663 0.81574
0 0.299692 0.266546 0.171761 0.198494 0.804202
0 0.524433 0.196259 0.194886 0.225279 0.708977
0 0.451512 0.361654 0.185577 0.215062 0.848895
0 0.300892 0.266424 0.170066 0.198869 0.818636
0 0.525542 0.195843 0.192152 0.224822 0.703879
0 0.448664 0.362815 0.186704 0.215995 0.816173
0 0.300859 0.267349 0.172214 0.201048 0.812569
0 0.526306 0.197075 0.195545 0.228279 0.718448
0 0.299977 0.267237 0.171146 0.198163 0.805948
0 0.449789 0.36329 0.186814 0.21508 0.805542
0 0.524757 0.196758 0.193088 0.223596 0.652777
0 0.452187 0.363045 0.185764 0.214516 0.843067
0 0.300151 0.266146 0.170362 0.198737 0.797649
0 0.525126 0.195483 0.194083 0.225772 0.67427
0 0.452043 0.361263 0.183568 0.210482 0.862285
0 0.299639 0.266115 0.169995 0.196489 0.82948
0 0.523846 0.19455 0.191942 0.223297 0.670214
0 0.449842 0.361694 0.180912 0.210625 0.848372
0 0.301177 0.268104 0.172287 0.199311 0.831849
0 0.52359 0.195312 0.193957 0.223321 0.747977
0 0.451334 0.362338 0.185243 0.213777 0.856795
0 0.302073 0.267509 0.179126 0.206601 0.829647
0 0.523894 0.193982 0.196686 0.227139 0.741124
0 0.451549 0.361917 0.183722 0.211427 0.841369
0 0.300678 0.266111 0.170319 0.199178 0.808908
0 0.525008 0.195073 0.190691 0.220791 0.63294
0 0.451903 0.362576 0.187141 0.216634 0.865097
0 0.301039 0.266466 0.177014 0.204476 0.825624
0 0.524981 0.195288 0.192312 0.222847 0.683635
0 0.452287 0.363856 0.183892 0.213132 0.860103
0 0.301643 0.268656 0.174221 0.201332 0.824253
0 0.524715 0.197258 0.190614 0.220863 0.711115
0 0.450432 0.361501 0.181996 0.210765 0.840819
0 0.301674 0.267039 0.175578 0.202299 0.832238
0 0.523973 0.195063 0.191521 0.219332 0.709351
0 0.452407 0.361917 0.185561 0.215459 0.874542
0 0.301355 0.26748 0.178504 0.205787 0.842675
0 0.524705 0.195531 0.194127 0.223613 0.74612
0 0.453209 0.361748 0.185774 0.213562 0.871525
0 0.300651 0.266251 0.171944 0.199814 0.815113
0 0.525927 0.195125 0.192328 0.222121 0.671275
0 0.451804 0.362385 0.184517 0.213524 0.874542
0 0.299363 0.267392 0.173567 0.200747 0.839737
0 0.524151 0.196076 0.192812 0.22239 0.715037
0 0.452141 0.362704 0.183678 0.212507 0.879426
0 0.299939 0.267158 0.172505 0.200273 0.831546
0 0.524606 0.196864 0.189473 0.219744 0.734113
0 0.45225 0.36269 0.185266 0.212418 0.895473
0 0.301561 0.269125 0.177498 0.204128 0.851426
0 0.52451 0.197049 0.191363 0.220505 0.770952
0 0.452018 0.362998 0.184632 0.212862 0.885708
0 0.2999 0.267574 0.172189 0.199757 0.834943
0 0.524112 0.197132 0.190961 0.220383 0.724089
0 0.452334 0.362917 0.185334 0.213289 0.896376
0 0.300529 0.267109 0.17229 0.200164 0.83771
0 0.524694 0.196793 0.191982 0.222173 0.729474
0 0.452245 0.362681 0.185258 0.212405 0.895247
0 0.301566 0.269116 0.177478 0.204132 0.851173
0 0.524503 0.197039 0.191362 0.220492 0.770727
