0 0.411754 0.305084 0.23663 0.282691 0.783391
0 0.888094 0.412694 0.223812 0.286489 0.922685
0 0.417611 0.293947 0.17912 0.190414 0.741719
0 0.82267 0.404938 0.22837 0.275229 0.736399
0 0.403943 0.304703 0.153085 0.178781 0.647524
0 0.407534 0.292564 0.143353 0.173104 0.679978
0 0.409314 0.296995 0.162366 0.194281 0.601903
0 0.399367 0.29626 0.151801 0.177407 0.747914
0 0.407093 0.297329 0.137591 0.15944 0.725833
0 0.402538 0.295464 0.17155 0.199799 0.706783
0 0.403717 0.295909 0.152687 0.178451 0.642157
0 0.404226 0.298256 0.15517 0.181161 0.717887
0 0.407511 0.29597 0.160443 0.184128 0.678755
0 0.399133 0.294606 0.164445 0.191192 0.769789
0 0.400276 0.294532 0.164557 0.196927 0.673732
0 0.406112 0.291969 0.173717 0.206283 0.698872
0 0.405153 0.299625 0.160598 0.187228 0.806984
0 0.403164 0.296216 0.16778 0.190283 0.79046
0 0.403879 0.291956 0.161116 0.189807 0.753709
0 0.403492 0.29578 0.163892 0.18818 0.839216
0 0.402481 0.300853 0.16518 0.189447 0.802175
0 0.402192 0.297775 0.168052 0.18838 0.829304
0 0.403396 0.295655 0.156229 0.177145 0.734298
0 0.406133 0.294051 0.162704 0.187363 0.645061
0 0.399642 0.288927 0.174778 0.202629 0.745036
0 0.4025 0.292512 0.169218 0.195968 0.840728
0 0.406973 0.292062 0.180559 0.2145 0.736552
0 0.405572 0.298751 0.160934 0.18631 0.830637
0 0.408416 0.300158 0.162043 0.189848 0.868525
0 0.406719 0.295826 0.16671 0.194361 0.743758
0 0.406498 0.287416 0.166483 0.19296 0.695648
0 0.409397 0.293508 0.164114 0.188343 0.755991
0 0.40418 0.291253 0.170343 0.196563 0.791313
0 0.40688 0.290282 0.164428 0.186089 0.689671
0 0.405536 0.294441 0.163459 0.186593 0.734246
0 0.402218 0.292794 0.154435 0.179864 0.815915
0 0.404261 0.291398 0.166438 0.189516 0.760806
0 0.404407 0.290507 0.166327 0.191897 0.813077
0 0.402042 0.294202 0.149389 0.175704 0.813656
0 0.406372 0.293465 0.164591 0.185848 0.782645
0 0.407278 0.290548 0.168102 0.192734 0.830046
0 0.402066 0.292835 0.162386 0.187458 0.814404
0 0.405784 0.293839 0.164933 0.187526 0.796392
0 0.402941 0.291965 0.163234 0.188865 0.823326
0 0.405067 0.294839 0.167638 0.191609 0.776251
0 0.403061 0.296017 0.163193 0.188808 0.82354
0 0.408953 0.289185 0.168215 0.195918 0.81643
0 0.407091 0.289842 0.164636 0.1907 0.828276
0 0.402072 0.294979 0.158426 0.182648 0.808783
0 0.402129 0.292903 0.158328 0.18323 0.766592
0 0.406217 0.295224 0.160872 0.187168 0.756252
0 0.408218 0.294417 0.164479 0.188566 0.762307
0 0.404054 0.291388 0.167202 0.1927 0.842769
0 0.406155 0.288463 0.17015 0.19247 0.729508
0 0.408152 0.290042 0.164934 0.188535 0.770279
0 0.404987 0.294619 0.164869 0.19073 0.78408
0 0.403966 0.292627 0.164954 0.188863 0.791323
0 0.40571 0.287139 0.167856 0.193545 0.721413
0 0.404395 0.289621 0.1703 0.193779 0.803173
0 0.40238 0.292962 0.168604 0.195132 0.811969
0 0.409071 0.289478 0.166263 0.193482 0.795249
0 0.405458 0.289859 0.165066 0.187837 0.814429
0 0.40562 0.292721 0.163504 0.186842 0.820687
0 0.407071 0.291228 0.164319 0.18763 0.82261
0 0.405513 0.294488 0.162928 0.184613 0.809771
0 0.404375 0.288399 0.172397 0.195957 0.850106
0 0.404832 0.292269 0.16536 0.188468 0.795254
0 0.405108 0.288456 0.170259 0.195591 0.816872
0 0.404957 0.290415 0.168284 0.19035 0.815447
0 0.405097 0.291229 0.165435 0.187354 0.818356
0 0.406903 0.289311 0.168102 0.194976 0.830059
0 0.408212 0.289854 0.166237 0.189496 0.843435
0 0.409085 0.287519 0.166884 0.191823 0.782981
0 0.406515 0.289763 0.168348 0.191979 0.845227
0 0.405731 0.287886 0.170718 0.196608 0.790472
0 0.407618 0.290433 0.164609 0.191165 0.824515
0 0.405635 0.287579 0.171389 0.197311 0.800491
0 0.405117 0.289786 0.169571 0.195009 0.826994
0 0.406651 0.289624 0.167765 0.194001 0.806057
0 0.404722 0.287095 0.170906 0.195606 0.835148
0 0.403651 0.289852 0.170516 0.194581 0.826844
0 0.405257 0.287585 0.172231 0.196706 0.836754
0 0.405221 0.287546 0.172593 0.198539 0.791851
0 0.404308 0.288264 0.170155 0.195932 0.823346
0 0.405393 0.290744 0.169948 0.195115 0.823157
0 0.405111 0.287929 0.171052 0.194809 0.823962
0 0.404671 0.28799 0.17095 0.195833 0.837089
0 0.407285 0.288344 0.169352 0.195434 0.790479
0 0.406417 0.28861 0.169939 0.195486 0.836813
0 0.404782 0.288605 0.169554 0.194146 0.822162
0 0.405361 0.288665 0.169628 0.193914 0.848005
0 0.404884 0.28854 0.17017 0.194876 0.824549
0 0.40566 0.288574 0.170581 0.195726 0.832653
0 0.405364 0.288642 0.169635 0.193924 0.847616
