0 0.538656 0.238337 0.0957293 0.111131 0.621029
0 0.533453 0.229813 0.0978416 0.110458 0.661134
0 0.537437 0.230406 0.0987254 0.117932 0.666399
0 0.535474 0.229979 0.0891671 0.10789 0.744328
0 0.536896 0.230462 0.091874 0.105247 0.712495
0 0.535612 0.229809 0.091492 0.108728 0.672873
0 0.536772 0.229948 0.0972384 0.114901 0.687169
0 0.535346 0.231199 0.099373 0.116924 0.610968
0 0.535826 0.232927 0.101792 0.118156 0.797861
0 0.534191 0.231661 0.0972808 0.11696 0.779671
0 0.53571 0.229368 0.0958505 0.11331 0.608062
0 0.537233 0.230704 0.0993811 0.113984 0.658305
0 0.534952 0.229827 0.092007 0.108162 0.722954
0 0.536352 0.235019 0.0920459 0.111003 0.694762
0 0.536077 0.231285 0.0933503 0.110285 0.772035
0 0.538489 0.229466 0.107205 0.123048 0.746551
0 0.534974 0.227604 0.0966027 0.116065 0.70998
0 0.535517 0.231166 0.107073 0.123109 0.75221
0 0.490516 0.669513 0.075134 0.0852134 0.601167
0 0.536535 0.235319 0.10039 0.117412 0.81331
0 0.536526 0.231811 0.0944102 0.114802 0.703259
0 0.532415 0.230116 0.104823 0.119826 0.7314
0 0.533113 0.231515 0.0961783 0.115986 0.624128
0 0.533738 0.230156 0.097142 0.117455 0.696521
0 0.535779 0.230681 0.108331 0.125771 0.693205
0 0.531913 0.229243 0.104891 0.121787 0.686425
0 0.53462 0.232644 0.0983671 0.117651 0.74429
0 0.537752 0.23065 0.0976178 0.117086 0.750468
0 0.53656 0.230768 0.0971552 0.118709 0.769967
0 0.492496 0.671724 0.0733397 0.0856743 0.635046
0 0.534326 0.229727 0.0959845 0.113623 0.732971
0 0.536248 0.231062 0.0924664 0.111504 0.724423
0 0.53538 0.231392 0.0936951 0.112184 0.779342
0 0.535722 0.233448 0.100296 0.117676 0.770835
0 0.536837 0.232909 0.100319 0.117554 0.743428
0 0.536283 0.232049 0.0977206 0.113129 0.772771
0 0.535933 0.230039 0.0982873 0.11552 0.78115
0 0.538309 0.232362 0.104573 0.120035 0.786554
0 0.536273 0.23194 0.100174 0.119135 0.831582
0 0.536618 0.230379 0.0997726 0.115186 0.759615
0 0.535749 0.232268 0.102108 0.118475 0.774457
0 0.535794 0.230844 0.097873 0.11746 0.763617
0 0.536316 0.232283 0.108355 0.125956 0.789261
0 0.535536 0.231878 0.109428 0.123515 0.700668
0 0.537114 0.231581 0.104319 0.121031 0.777015
0 0.536872 0.232786 0.101196 0.119797 0.809911
0 0.537216 0.230893 0.105298 0.123266 0.781334
0 0.536308 0.233837 0.104756 0.122381 0.712755
0 0.536344 0.232281 0.103918 0.12244 0.789802
0 0.535118 0.231528 0.10006 0.117991 0.786847
0 0.534855 0.233156 0.0995329 0.1188 0.762593
0 0.535394 0.232437 0.102633 0.121509 0.768531
0 0.534096 0.230805 0.0989917 0.118733 0.808427
0 0.492161 0.672505 0.0717248 0.0851645 0.605038
0 0.53498 0.23325 0.100387 0.11703 0.819609
0 0.491483 0.671529 0.0737283 0.0867435 0.602382
0 0.5359 0.232982 0.100465 0.119667 0.809934
0 0.536282 0.232713 0.0949618 0.113732 0.819836
0 0.492398 0.672803 0.0746078 0.0868495 0.605077
0 0.53561 0.232067 0.0971993 0.116988 0.732145
0 0.535474 0.231792 0.0984044 0.117548 0.797366
0 0.537247 0.233015 0.0998828 0.1204 0.805647
0 0.53648 0.232709 0.102807 0.120767 0.830342
0 0.534918 0.232717 0.100403 0.119417 0.816689
0 0.535897 0.231909 0.0962297 0.114293 0.804144
0 0.535853 0.231927 0.0979272 0.116653 0.768687
0 0.534453 0.232306 0.0985744 0.11762 0.820844
0 0.534185 0.231787 0.100171 0.120048 0.764826
0 0.535087 0.231989 0.0951868 0.115599 0.811001
0 0.534372 0.231149 0.0961657 0.115516 0.788729
0 0.533899 0.231713 0.095752 0.114917 0.791684
0 0.535271 0.231293 0.095325 0.114635 0.79496
0 0.536261 0.233355 0.0953793 0.114533 0.838727
0 0.536676 0.232146 0.097012 0.118001 0.813235
0 0.534258 0.230874 0.0976933 0.115997 0.818008
0 0.53542 0.231494 0.0951031 0.112206 0.760654
0 0.53532 0.231574 0.0952753 0.114895 0.774982
0 0.534739 0.23141 0.0955809 0.115458 0.805735
0 0.534632 0.231667 0.0996092 0.119192 0.822852
0 0.534918 0.232233 0.0985682 0.11825 0.837874
0 0.535218 0.231364 0.0986558 0.119247 0.816881
0 0.53451 0.232001 0.0985044 0.118033 0.838591
0 0.534464 0.231637 0.0985062 0.11957 0.828589
0 0.534762 0.231465 0.0988228 0.119205 0.835217
0 0.534279 0.23132 0.0982734 0.118009 0.79511
0 0.534749 0.231619 0.098521 0.118464 0.819504
0 0.534765 0.231467 0.0988092 0.1192 0.834895
