0 0.425039 0.361631 0.410891 0.475073 0.773969
0 0.451768 0.358101 0.575483 0.600588 0.700466
0 0.411903 0.344671 0.496094 0.593266 0.740509
0 0.420087 0.340878 0.469188 0.560426 0.636187
0 0.450605 0.333132 0.517405 0.579148 0.648978
0 0.442289 0.327973 0.511147 0.572442 0.659024
0 0.455568 0.326784 0.549648 0.57649 0.68214
0 0.461944 0.337628 0.504252 0.567368 0.797925
0 0.43394 0.337715 0.491984 0.58332 0.748134
0 0.458865 0.340134 0.466863 0.552666 0.723099
0 0.474074 0.327105 0.53321 0.606893 0.697861
0 0.444425 0.336936 0.530475 0.585819 0.70731
0 0.43556 0.326027 0.499751 0.579458 0.760159
0 0.448554 0.327782 0.531588 0.589605 0.819687
0 0.43921 0.343817 0.470084 0.562104 0.84909
0 0.442374 0.3352 0.522895 0.595954 0.875358
0 0.460927 0.311351 0.48836 0.59581 0.702756
0 0.43542 0.334958 0.440938 0.553887 0.70613
0 0.452829 0.331189 0.483004 0.551239 0.804312
0 0.452799 0.339413 0.475475 0.579212 0.850174
0 0.433389 0.335144 0.473108 0.565683 0.739731
0 0.434207 0.336501 0.436107 0.529176 0.789503
0 0.436422 0.336332 0.495363 0.564769 0.746302
0 0.451636 0.328058 0.500143 0.577435 0.806893
0 0.440428 0.356542 0.445001 0.532264 0.72919
0 0.43849 0.350808 0.455112 0.519586 0.814127
0 0.432595 0.352228 0.473816 0.526452 0.672072
0 0.459322 0.322922 0.465869 0.555287 0.740849
0 0.455678 0.33472 0.529204 0.586628 0.831156
0 0.440051 0.324359 0.47402 0.541764 0.793953
0 0.443635 0.343034 0.46797 0.569086 0.819308
0 0.450518 0.333041 0.504486 0.567607 0.79427
0 0.449234 0.334267 0.482706 0.568307 0.776171
0 0.434126 0.328797 0.497222 0.57802 0.793204
0 0.455036 0.354383 0.444327 0.526004 0.890141
0 0.443292 0.334638 0.481837 0.541092 0.750432
0 0.443448 0.33933 0.470223 0.553616 0.880471
0 0.462544 0.349827 0.463009 0.537186 0.831371
0 0.448886 0.347087 0.44965 0.517848 0.722268
0 0.442242 0.332459 0.472586 0.549208 0.767457
0 0.449853 0.351222 0.440877 0.545854 0.817914
0 0.448826 0.328539 0.474346 0.55873 0.792946
0 0.440072 0.337021 0.472052 0.555351 0.802448
0 0.447949 0.341782 0.465942 0.54854 0.787707
0 0.439356 0.337125 0.478839 0.550581 0.79216
0 0.450055 0.334863 0.473498 0.547958 0.787489
0 0.446551 0.345922 0.451434 0.525546 0.841202
0 0.448391 0.344041 0.456497 0.523812 0.792475
0 0.440227 0.32315 0.48312 0.560796 0.834973
0 0.443652 0.340754 0.456055 0.550526 0.869341
0 0.428632 0.334987 0.462767 0.5292 0.822881
0 0.452786 0.333528 0.491669 0.559908 0.848558
0 0.438193 0.325871 0.50123 0.561234 0.864886
0 0.443063 0.333922 0.447977 0.529989 0.799411
0 0.4414 0.346126 0.443093 0.533569 0.835864
0 0.433969 0.341377 0.442718 0.525938 0.832425
0 0.43425 0.333461 0.482967 0.556885 0.829788
0 0.442612 0.326699 0.477895 0.55572 0.825543
0 0.437133 0.327226 0.467802 0.54764 0.802795
0 0.449137 0.329889 0.477716 0.540527 0.819345
0 0.437352 0.340291 0.457685 0.546564 0.798854
0 0.43669 0.333113 0.450511 0.543534 0.822126
0 0.431106 0.330687 0.449611 0.546161 0.837849
0 0.438983 0.34296 0.473034 0.553782 0.830537
0 0.422748 0.347977 0.433333 0.545941 0.805848
0 0.438765 0.337363 0.485152 0.55339 0.792818
0 0.434267 0.332222 0.450218 0.537821 0.805361
0 0.436845 0.334969 0.440898 0.529263 0.812516
0 0.431131 0.342056 0.437272 0.537681 0.823883
0 0.432314 0.334689 0.464937 0.558102 0.825366
0 0.430981 0.339771 0.441881 0.533324 0.822049
0 0.424175 0.343679 0.43554 0.535788 0.843375
0 0.43296 0.344565 0.459077 0.543257 0.841658
0 0.433301 0.334064 0.471206 0.547825 0.842313
0 0.440523 0.331278 0.47066 0.544356 0.832731
0 0.437719 0.331857 0.477544 0.551576 0.821032
0 0.432963 0.342776 0.448819 0.52909 0.828579
0 0.433354 0.344313 0.446252 0.530005 0.819092
0 0.435244 0.344399 0.436814 0.52624 0.837705
0 0.434921 0.345409 0.44603 0.527991 0.84346
0 0.431656 0.346082 0.450651 0.535174 0.833896
0 0.437634 0.342831 0.448529 0.53147 0.837617
0 0.43592 0.342045 0.443579 0.53776 0.854411
0 0.433176 0.344197 0.45409 0.540513 0.857268
0 0.428703 0.343357 0.45711 0.54719 0.860008
0 0.432995 0.342621 0.457775 0.545667 0.843351
0 0.428143 0.342549 0.457103 0.539945 0.874483
0 0.430518 0.343077 0.454109 0.538445 0.866308
0 0.428989 0.341353 0.454963 0.53619 0.870674
0 0.431307 0.340616 0.458799 0.540186 0.871351
0 0.42842 0.339226 0.460168 0.537839 0.867677
0 0.428983 0.341336 0.454931 0.536133 0.870894
