0 0.420703 0.403136 0.757933 0.806273 0.608685
0 0.435468 0.423772 0.857768 0.847543 0.631694
0 0.421093 0.525779 0.791726 0.853717 0.622981
0 0.458283 0.432406 0.846269 0.864812 0.636708
0 0.489101 0.47468 0.802346 0.908858 0.700197
0 0.503561 0.517002 0.78502 0.809383 0.684372
0 0.448891 0.458177 0.788301 0.872969 0.655758
0 0.448721 0.437604 0.821018 0.875208 0.658353
0 0.434478 0.475575 0.754165 0.872349 0.674807
0 0.449647 0.446412 0.837545 0.892824 0.713567
0 0.441658 0.435705 0.828126 0.87141 0.709911
0 0.466521 0.489854 0.836062 0.948692 0.696551
0 0.441501 0.490858 0.775785 0.91008 0.623567
0 0.451083 0.485738 0.772538 0.915413 0.683658
0 0.459318 0.494498 0.757499 0.890385 0.627204
0 0.500064 0.445043 0.842581 0.890087 0.645147
0 0.437721 0.490302 0.801063 0.928413 0.707571
0 0.496251 0.468896 0.86072 0.901327 0.662869
0 0.465006 0.479661 0.807956 0.896871 0.61762
0 0.441403 0.474918 0.816293 0.897205 0.641963
0 0.409447 0.476853 0.818894 0.953706 0.674673
0 0.432543 0.471378 0.825779 0.909309 0.71106
0 0.44304 0.469278 0.789337 0.932198 0.692218
0 0.45275 0.472278 0.750847 0.871656 0.698934
0 0.438781 0.467614 0.791895 0.89009 0.715126
0 0.466741 0.464289 0.713456 0.868318 0.74424
0 0.458594 0.46743 0.846212 0.934861 0.710649
0 0.45325 0.473495 0.775372 0.894743 0.73893
0 0.462929 0.460403 0.825771 0.912251 0.751362
0 0.436145 0.461276 0.810263 0.922161 0.777051
0 0.452814 0.464674 0.810656 0.923087 0.784744
0 0.437767 0.478052 0.734737 0.914566 0.751277
0 0.452527 0.461882 0.829853 0.914037 0.752228
0 0.460226 0.460821 0.825892 0.921642 0.743312
0 0.455964 0.461828 0.750014 0.915018 0.772524
0 0.448741 0.463413 0.789763 0.926302 0.799552
0 0.446734 0.472832 0.77532 0.935462 0.781755
0 0.470987 0.468548 0.76822 0.879952 0.76944
0 0.45454 0.476426 0.776125 0.903907 0.782292
0 0.456633 0.469548 0.765007 0.917042 0.789694
0 0.448216 0.449603 0.774827 0.899207 0.793148
0 0.447329 0.457823 0.77211 0.896853 0.794447
0 0.456265 0.452234 0.745287 0.891014 0.791733
0 0.448174 0.449589 0.774796 0.899177 0.793438
