0 0.822954 0.170575 0.197199 0.217029 0.819026
0 0.30557 0.221014 0.388073 0.421072 0.76803
0 0.821875 0.152162 0.155979 0.178175 0.759607
0 0.205687 0.594585 0.175497 0.189079 0.693463
0 0.180979 0.619428 0.192121 0.216678 0.681129
0 0.306204 0.206684 0.0912053 0.106111 0.702264
0 0.414325 0.215637 0.0972571 0.116268 0.615002
0 0.414347 0.214181 0.104941 0.131631 0.669914
0 0.305567 0.204527 0.081702 0.10058 0.653682
0 0.303538 0.206285 0.0899681 0.104697 0.647569
0 0.302095 0.205062 0.0933352 0.106669 0.611333
0 0.406224 0.216868 0.101519 0.120396 0.617571
0 0.301771 0.206401 0.087444 0.100689 0.611597
0 0.301367 0.202886 0.0925655 0.107726 0.629785
0 0.412932 0.215311 0.113899 0.128386 0.626448
0 0.41331 0.214315 0.118096 0.128244 0.71774
0 0.301175 0.203202 0.101141 0.113414 0.631458
0 0.409699 0.213954 0.095992 0.115478 0.749066
0 0.299725 0.203725 0.0828684 0.0925438 0.734051
0 0.411996 0.216509 0.108972 0.126568 0.70493
0 0.304747 0.204545 0.0964108 0.11018 0.693973
0 0.410354 0.214071 0.0988053 0.120178 0.732556
0 0.304303 0.205801 0.0919764 0.105968 0.624604
0 0.41457 0.215716 0.112369 0.128232 0.721714
0 0.304897 0.205524 0.0916462 0.105203 0.679933
0 0.303284 0.204871 0.0884511 0.104601 0.700967
0 0.413219 0.212759 0.104328 0.126136 0.695932
0 0.413558 0.214298 0.108237 0.125322 0.657194
0 0.302588 0.203955 0.0968906 0.106303 0.623986
0 0.412606 0.215468 0.111287 0.1287 0.660844
0 0.302791 0.206007 0.0976166 0.111914 0.605323
0 0.303752 0.205956 0.0966139 0.109604 0.764608
0 0.414373 0.215998 0.104112 0.121821 0.750561
0 0.411476 0.216516 0.105578 0.123631 0.716902
0 0.302801 0.205017 0.0933828 0.107311 0.648558
0 0.410663 0.214572 0.106408 0.122666 0.77955
0 0.303081 0.205318 0.0921207 0.106516 0.713014
0 0.302924 0.204306 0.0942642 0.109173 0.693756
0 0.412459 0.215087 0.110558 0.12837 0.678751
0 0.302536 0.204408 0.0940677 0.106724 0.695076
0 0.300143 0.205914 0.0991609 0.109961 0.68261
0 0.408886 0.21525 0.101787 0.118722 0.64584
0 0.304559 0.205716 0.0927891 0.107184 0.769146
0 0.413321 0.216241 0.103876 0.121505 0.757901
0 0.412232 0.213488 0.106092 0.121707 0.627378
0 0.301825 0.204268 0.0942236 0.106253 0.614713
0 0.303886 0.204445 0.0957632 0.108579 0.654282
0 0.412519 0.214361 0.099419 0.117531 0.64412
0 0.412127 0.213301 0.103166 0.118637 0.780947
0 0.305066 0.20497 0.0977949 0.109651 0.72191
0 0.301828 0.204122 0.0934298 0.107971 0.739898
0 0.41118 0.213469 0.101058 0.122353 0.723036
0 0.304189 0.206102 0.0984087 0.109385 0.743208
0 0.412647 0.214199 0.108906 0.125832 0.709996
0 0.304903 0.205628 0.0948631 0.107869 0.779826
0 0.414628 0.216223 0.108517 0.125669 0.699099
0 0.303137 0.204946 0.0911606 0.107374 0.728727
0 0.414549 0.213706 0.102349 0.119216 0.711862
0 0.891737 0.67993 0.0794988 0.0919078 0.603609
0 0.413711 0.21578 0.0999301 0.115816 0.617537
0 0.412502 0.215748 0.104398 0.123639 0.727214
0 0.301618 0.205004 0.0917576 0.105698 0.628894
0 0.30207 0.205768 0.0971419 0.10922 0.754045
0 0.415666 0.216023 0.109118 0.124231 0.729319
0 0.301138 0.207028 0.0967539 0.111332 0.625696
0 0.302737 0.205044 0.0921899 0.108441 0.716891
0 0.413504 0.21473 0.100235 0.12041 0.65613
0 0.302549 0.205404 0.0951692 0.110162 0.681326
0 0.415022 0.214274 0.105124 0.123446 0.663335
0 0.301749 0.204475 0.0962964 0.109804 0.669505
0 0.411761 0.21356 0.105888 0.121496 0.641998
0 0.301875 0.204869 0.0973831 0.110458 0.719591
0 0.412198 0.214744 0.0982077 0.116139 0.624548
0 0.304831 0.205417 0.0946973 0.109766 0.76281
0 0.414594 0.214391 0.104769 0.12048 0.675094
0 0.762727 0.698071 0.0726332 0.0879383 0.669698
0 0.305202 0.205331 0.0945632 0.108738 0.752032
0 0.413836 0.213432 0.0991952 0.117349 0.718849
0 0.762574 0.697746 0.0694697 0.0826258 0.703809
0 0.890546 0.680369 0.0755351 0.0889192 0.690336
0 0.152896 0.254116 0.0847896 0.099476 0.612026
0 0.301893 0.204722 0.092417 0.107328 0.75243
0 0.409509 0.212866 0.0992037 0.117106 0.696006
0 0.302736 0.205928 0.09313 0.109176 0.768179
0 0.888066 0.682155 0.0717564 0.0850371 0.692105
0 0.411804 0.215802 0.104933 0.122302 0.676018
0 0.760312 0.699719 0.0715081 0.0866032 0.61359
0 0.302422 0.204487 0.095714 0.110169 0.786839
0 0.412154 0.215699 0.101737 0.118131 0.669354
0 0.151186 0.254689 0.0902763 0.106463 0.640996
0 0.302807 0.206137 0.0938072 0.109476 0.745796
0 0.410599 0.216889 0.0945628 0.114464 0.648442
0 0.301979 0.205405 0.100347 0.112824 0.710533
0 0.411378 0.215846 0.107718 0.122755 0.685099
0 0.301407 0.206177 0.0977753 0.110515 0.750482
0 0.410627 0.214404 0.100896 0.118468 0.697494
0 0.76131 0.6989 0.0698847 0.0838936 0.60392
0 0.301121 0.204696 0.0956849 0.109818 0.768979
0 0.411689 0.213578 0.101273 0.1172 0.67441
0 0.303119 0.205762 0.0961266 0.110547 0.790603
0 0.412909 0.215863 0.100231 0.116475 0.680736
0 0.761203 0.698078 0.0691902 0.0806849 0.677866
0 0.889863 0.681275 0.0786799 0.0896623 0.611694
0 0.301332 0.205765 0.0961033 0.109923 0.815463
0 0.411535 0.21557 0.10009 0.118372 0.761546
0 0.890288 0.680697 0.0775619 0.0904522 0.697862
0 0.761693 0.698425 0.0711468 0.0854231 0.690513
0 0.152254 0.253416 0.0864547 0.100101 0.683565
0 0.303026 0.205388 0.095837 0.11072 0.737413
0 0.412925 0.213566 0.0964759 0.11533 0.641824
0 0.301439 0.206689 0.0995671 0.109779 0.679198
0 0.412318 0.213979 0.103369 0.117923 0.630595
0 0.761883 0.698986 0.0783896 0.0909034 0.606404
0 0.302943 0.205349 0.0963986 0.10943 0.746393
0 0.413343 0.215913 0.0990742 0.117929 0.725033
0 0.889677 0.681905 0.077528 0.0900476 0.663956
0 0.151388 0.255957 0.0906385 0.103535 0.650678
0 0.303971 0.206536 0.0995948 0.113886 0.779065
0 0.30165 0.205539 0.097185 0.110029 0.693498
0 0.302659 0.205015 0.0963702 0.109812 0.747426
0 0.412314 0.214254 0.0958738 0.111469 0.609426
0 0.303067 0.205837 0.0934099 0.10786 0.809414
0 0.411173 0.216236 0.0947178 0.112084 0.760837
0 0.152862 0.255045 0.0901075 0.102935 0.687358
0 0.889613 0.681345 0.077948 0.0889329 0.673902
0 0.762112 0.697785 0.0696648 0.0835675 0.65094
0 0.303302 0.204773 0.0961578 0.109564 0.778133
0 0.413006 0.214066 0.100602 0.114504 0.682214
0 0.153732 0.252591 0.0880283 0.0996848 0.646693
0 0.301597 0.20481 0.0947421 0.108698 0.703869
0 0.411475 0.21354 0.103381 0.119211 0.615222
0 0.302998 0.204928 0.0971469 0.110621 0.800719
0 0.412226 0.213855 0.0972796 0.113257 0.733874
0 0.889954 0.679528 0.0797649 0.0902946 0.713249
0 0.153369 0.253478 0.0866952 0.101276 0.669103
0 0.303922 0.205596 0.0960271 0.109127 0.777613
0 0.760978 0.697152 0.0695972 0.0828539 0.681655
0 0.413264 0.215261 0.100599 0.11496 0.67744
0 0.302682 0.206172 0.0954707 0.107883 0.758063
0 0.412975 0.21549 0.100311 0.115575 0.694799
0 0.760911 0.697847 0.0710564 0.0855716 0.613651
0 0.302612 0.205644 0.0944546 0.108384 0.743219
0 0.413205 0.215666 0.104537 0.121798 0.647101
0 0.15234 0.255078 0.0901568 0.104134 0.623138
0 0.760966 0.699547 0.0740885 0.087823 0.602017
0 0.304066 0.205204 0.0934271 0.108528 0.746667
0 0.152929 0.254307 0.0876588 0.100994 0.689519
0 0.410938 0.215182 0.0985478 0.117873 0.677105
0 0.761807 0.699164 0.0742178 0.0900241 0.616158
0 0.89037 0.680464 0.0820195 0.0946857 0.601857
0 0.302517 0.20502 0.097034 0.111718 0.830663
0 0.412688 0.21579 0.10236 0.119347 0.719002
0 0.7624 0.697465 0.0735525 0.0882681 0.70314
0 0.153789 0.252959 0.0895187 0.101282 0.633244
0 0.301899 0.205533 0.0967396 0.109539 0.817374
0 0.412171 0.21632 0.0996626 0.118125 0.738225
0 0.76144 0.698616 0.0736871 0.0881827 0.730747
0 0.891017 0.680874 0.0822288 0.0933598 0.684871
0 0.154299 0.253734 0.0904164 0.103189 0.621632
0 0.30294 0.205426 0.0934763 0.107592 0.826842
0 0.412244 0.214845 0.104926 0.121322 0.762047
0 0.891491 0.681719 0.0835825 0.0956489 0.70404
0 0.155555 0.253466 0.0897626 0.102699 0.684505
0 0.763405 0.699212 0.0787642 0.0929369 0.665699
0 0.303049 0.205248 0.0970415 0.110449 0.767078
0 0.412405 0.214096 0.10742 0.123426 0.661095
0 0.763166 0.699222 0.0798131 0.0951553 0.620596
0 0.302171 0.205719 0.094677 0.108099 0.760432
0 0.41197 0.215271 0.0969199 0.114413 0.6773
0 0.889213 0.680439 0.0797462 0.0916892 0.652642
0 0.76264 0.698573 0.0778765 0.0926303 0.604859
0 0.303642 0.205714 0.0960309 0.109635 0.781856
0 0.413113 0.215388 0.102683 0.119796 0.733709
0 0.761176 0.697086 0.0754171 0.0886661 0.677843
0 0.154682 0.25333 0.0910334 0.103327 0.641845
0 0.891744 0.680263 0.0833187 0.0933824 0.618054
0 0.302978 0.205462 0.0943941 0.108743 0.819593
0 0.414318 0.215005 0.102588 0.119192 0.777158
0 0.889552 0.680887 0.0801082 0.0918507 0.733618
0 0.153304 0.254277 0.0892319 0.102333 0.727813
0 0.76114 0.697318 0.0752566 0.0903309 0.65958
0 0.301864 0.204819 0.0944322 0.108555 0.807188
0 0.411743 0.215396 0.0998485 0.116735 0.726718
0 0.890178 0.680359 0.0812375 0.0934369 0.663697
0 0.151877 0.254009 0.0912525 0.104122 0.644787
0 0.761818 0.698948 0.0760555 0.0907758 0.628673
0 0.302405 0.204507 0.0945726 0.108292 0.793274
0 0.412923 0.215122 0.0986387 0.115763 0.735379
0 0.151735 0.253356 0.0892283 0.1019 0.645299
0 0.888418 0.679372 0.0763177 0.0892391 0.630728
0 0.301712 0.205127 0.0954997 0.108517 0.745208
0 0.412252 0.214484 0.0984346 0.115951 0.66087
0 0.302468 0.204951 0.0931505 0.10732 0.814381
0 0.413037 0.215351 0.100822 0.116605 0.721346
0 0.151695 0.255072 0.0898874 0.10395 0.672561
0 0.889488 0.680754 0.0803819 0.0940266 0.601159
0 0.303461 0.205329 0.0951008 0.110454 0.743636
0 0.303367 0.20562 0.0928016 0.108791 0.82109
0 0.412618 0.216128 0.0980747 0.115618 0.74291
0 0.152795 0.255597 0.089813 0.104282 0.712317
0 0.890566 0.680532 0.0827661 0.0929094 0.668768
0 0.76249 0.700108 0.0783231 0.0930817 0.650564
0 0.302341 0.204487 0.0954219 0.109566 0.772514
0 0.412405 0.214814 0.100897 0.117422 0.668447
0 0.30307 0.205567 0.0938466 0.108941 0.800087
0 0.41262 0.215872 0.0981923 0.115672 0.700179
0 0.152078 0.254894 0.0879872 0.102773 0.610467
0 0.303183 0.204922 0.0935737 0.10859 0.798864
0 0.41223 0.215685 0.0981018 0.115717 0.721697
0 0.89072 0.680502 0.0804991 0.0909699 0.652094
0 0.151835 0.254093 0.0876002 0.102551 0.64567
0 0.762067 0.697976 0.0734109 0.0868664 0.64175
0 0.302942 0.205035 0.0939919 0.109207 0.82018
0 0.411971 0.215839 0.0973926 0.114938 0.756731
0 0.891207 0.680897 0.0810991 0.0918916 0.695739
0 0.152412 0.254621 0.0887779 0.102612 0.659587
0 0.763057 0.698875 0.0743114 0.0886874 0.601862
0 0.302604 0.206032 0.0943839 0.108247 0.803097
0 0.411175 0.215629 0.0990395 0.116997 0.728627
0 0.890705 0.680723 0.081577 0.092568 0.682629
0 0.15317 0.254447 0.0893841 0.10309 0.664259
0 0.761097 0.69889 0.0725411 0.087265 0.647432
0 0.302446 0.205156 0.0941326 0.108346 0.813826
0 0.411084 0.215382 0.0981889 0.11577 0.744721
0 0.890243 0.681014 0.0838223 0.0934274 0.708391
0 0.151718 0.254613 0.0906508 0.103364 0.707999
0 0.761706 0.699904 0.0774242 0.091347 0.672334
0 0.303011 0.205115 0.0934369 0.108225 0.775955
0 0.410925 0.215657 0.0964813 0.115367 0.669498
0 0.887752 0.680235 0.0773672 0.0908978 0.651674
0 0.15217 0.254021 0.0866429 0.100275 0.604355
0 0.304129 0.205233 0.0947304 0.108966 0.759048
0 0.153904 0.254107 0.0875022 0.101248 0.615473
0 0.412481 0.214527 0.100265 0.118456 0.614554
0 0.302262 0.205072 0.0944467 0.107897 0.767919
0 0.411304 0.215071 0.0999913 0.117536 0.642849
0 0.303312 0.20521 0.0963539 0.110211 0.80381
0 0.412048 0.215239 0.101689 0.119254 0.66892
0 0.152804 0.254662 0.0899211 0.103175 0.605314
0 0.303323 0.2056 0.0956662 0.110283 0.803029
0 0.412231 0.214892 0.100834 0.117778 0.69653
0 0.302732 0.204992 0.0943425 0.109223 0.783379
0 0.412402 0.214777 0.100746 0.117696 0.683978
0 0.302194 0.205052 0.094371 0.108378 0.798502
0 0.41166 0.215124 0.0989567 0.116799 0.674746
0 0.301901 0.205211 0.0939747 0.108958 0.797509
0 0.411726 0.215019 0.0990451 0.117572 0.702072
0 0.301995 0.205132 0.0946405 0.109162 0.809773
0 0.41119 0.215071 0.099305 0.116738 0.683575
0 0.302077 0.205101 0.0941157 0.108523 0.789357
0 0.411564 0.214742 0.0981304 0.116162 0.655708
0 0.302033 0.205253 0.0943765 0.108683 0.807604
0 0.411814 0.215036 0.0992443 0.117114 0.696144
0 0.301996 0.205131 0.0946463 0.109176 0.809375
0 0.411189 0.215076 0.0993075 0.116742 0.682716
