0 0.39071 0.228541 0.20848 0.230753 0.992472
0 0.421257 0.226907 0.209628 0.250014 0.910122
0 0.354549 0.225343 0.208219 0.235397 0.887553
0 0.362929 0.249586 0.252515 0.269577 0.692805
0 0.364208 0.280536 0.390635 0.427288 0.627453
0 0.431995 0.224253 0.208621 0.227537 0.716968
0 0.43146 0.234099 0.197732 0.230055 0.834863
0 0.425468 0.22449 0.225622 0.251044 0.665373
0 0.434158 0.22828 0.21423 0.250485 0.705526
0 0.420323 0.232748 0.213815 0.24476 0.784822
0 0.418677 0.228897 0.211606 0.236897 0.8218
0 0.422654 0.230147 0.214294 0.244193 0.92448
0 0.430402 0.229637 0.197182 0.231455 0.855469
0 0.420576 0.22912 0.2277 0.249522 0.861871
0 0.428087 0.224662 0.207073 0.237155 0.831376
0 0.428403 0.225496 0.221224 0.249187 0.846121
0 0.42226 0.227365 0.219072 0.249748 0.857887
0 0.42135 0.228444 0.207279 0.23914 0.834156
0 0.419981 0.233132 0.219886 0.24551 0.889436
0 0.420566 0.230028 0.223144 0.256621 0.839047
0 0.413597 0.232701 0.227487 0.262013 0.787969
0 0.424328 0.225444 0.225357 0.259299 0.77456
0 0.426178 0.231614 0.212326 0.238334 0.902914
0 0.421254 0.236095 0.216494 0.252853 0.859583
0 0.417843 0.22647 0.221235 0.245771 0.850487
0 0.423681 0.228529 0.207903 0.241628 0.915741
0 0.416617 0.23239 0.224669 0.252243 0.843283
0 0.421295 0.233919 0.215197 0.249741 0.864316
0 0.420376 0.226496 0.211922 0.248237 0.834958
0 0.419786 0.230868 0.211617 0.244686 0.855942
0 0.416903 0.224 0.222318 0.252808 0.780697
0 0.419083 0.22937 0.21957 0.254147 0.890733
0 0.418235 0.23108 0.221404 0.257649 0.838601
0 0.420587 0.229592 0.214418 0.248237 0.895308
0 0.419006 0.232261 0.216313 0.25548 0.853906
0 0.425163 0.227539 0.209117 0.241786 0.791768
0 0.42747 0.222889 0.208767 0.241635 0.758104
0 0.423773 0.228894 0.207459 0.239237 0.868308
0 0.424942 0.225016 0.209755 0.247421 0.882355
0 0.418732 0.228185 0.217052 0.246547 0.789055
0 0.423987 0.229338 0.21135 0.244949 0.826176
0 0.420624 0.228029 0.212036 0.244967 0.877375
0 0.415966 0.231208 0.212269 0.246013 0.8747
0 0.421667 0.233123 0.20424 0.234984 0.889413
0 0.424366 0.23065 0.20249 0.236805 0.885343
0 0.419999 0.227622 0.210616 0.240392 0.85366
0 0.423802 0.23173 0.211227 0.241458 0.903327
0 0.421555 0.233744 0.210239 0.240605 0.862378
0 0.420421 0.235471 0.209945 0.238357 0.870798
0 0.420189 0.231793 0.214361 0.244975 0.845851
0 0.423396 0.232374 0.21355 0.248936 0.825921
0 0.421033 0.231525 0.207227 0.244403 0.878217
0 0.428204 0.230477 0.211273 0.240283 0.904211
0 0.424712 0.22716 0.213115 0.247539 0.877136
0 0.421336 0.234016 0.205923 0.24031 0.881296
0 0.422444 0.231152 0.208739 0.238876 0.87353
0 0.42553 0.229892 0.213693 0.249274 0.859277
0 0.425626 0.232658 0.209503 0.242181 0.846222
0 0.426219 0.230623 0.209273 0.241098 0.90801
0 0.422757 0.225506 0.214095 0.247852 0.849991
0 0.423379 0.227907 0.216758 0.249455 0.855203
0 0.422401 0.231915 0.209179 0.240613 0.871719
0 0.421431 0.233791 0.21233 0.243361 0.868866
0 0.42358 0.231416 0.215899 0.243476 0.846476
0 0.419285 0.23039 0.212033 0.244896 0.87823
0 0.42046 0.231863 0.209829 0.241592 0.869349
0 0.424132 0.234364 0.205982 0.241533 0.892761
0 0.423392 0.231422 0.209102 0.238531 0.909617
0 0.421209 0.232931 0.210784 0.242568 0.884592
0 0.421989 0.233283 0.208599 0.240852 0.897583
0 0.420621 0.237149 0.210627 0.243142 0.882594
0 0.41965 0.230839 0.211929 0.243295 0.904219
0 0.423268 0.229426 0.212085 0.244527 0.915728
0 0.418908 0.231066 0.209683 0.242578 0.876108
0 0.420309 0.232513 0.206908 0.239794 0.881631
0 0.420457 0.229553 0.211687 0.242015 0.900324
0 0.425087 0.227533 0.209699 0.246339 0.895797
0 0.422963 0.227841 0.212383 0.243977 0.891825
0 0.42638 0.225058 0.21397 0.247184 0.896129
0 0.423691 0.227712 0.215086 0.246476 0.910927
0 0.421047 0.228731 0.212212 0.242449 0.874264
0 0.421662 0.23137 0.212522 0.247458 0.890155
0 0.420985 0.23034 0.213956 0.249582 0.876059
0 0.42015 0.231217 0.21305 0.244645 0.875278
0 0.422521 0.231193 0.208199 0.241158 0.871775
0 0.420288 0.229367 0.205537 0.23738 0.8876
0 0.41978 0.232572 0.208341 0.238977 0.886696
0 0.421141 0.231396 0.211639 0.245005 0.88896
0 0.42069 0.231338 0.208022 0.239831 0.875507
0 0.421376 0.232582 0.208665 0.240199 0.915722
0 0.422459 0.233442 0.206917 0.237752 0.906133
0 0.422251 0.232701 0.208374 0.23969 0.901517
0 0.421333 0.232491 0.211041 0.243689 0.901047
0 0.42188 0.230702 0.211736 0.243385 0.865012
0 0.420961 0.231977 0.211686 0.242617 0.905785
0 0.419122 0.23115 0.211594 0.242845 0.888156
0 0.419881 0.232071 0.210612 0.241876 0.903959
0 0.419433 0.232041 0.210344 0.241584 0.891648
0 0.42069 0.232715 0.210826 0.242231 0.896513
0 0.419888 0.232066 0.210594 0.24186 0.903731
