0 0.704774 0.760474 0.243201 0.28809 0.735003
0 0.662177 0.309102 0.1777 0.227059 0.72543
0 0.667009 0.300493 0.189332 0.226905 0.608472
0 0.656887 0.301286 0.183249 0.220878 0.788363
0 0.662101 0.30061 0.181933 0.216989 0.703683
0 0.65459 0.298964 0.182078 0.216374 0.772483
0 0.655554 0.304087 0.178585 0.205801 0.777224
0 0.661555 0.306164 0.165198 0.195168 0.698575
0 0.660177 0.300983 0.196949 0.230441 0.734033
0 0.663237 0.305039 0.175999 0.20413 0.775639
0 0.661952 0.298336 0.182752 0.216934 0.778773
0 0.663386 0.299929 0.178567 0.216594 0.795265
0 0.660396 0.301336 0.182702 0.216593 0.724512
0 0.664361 0.298761 0.186362 0.215597 0.791306
0 0.656444 0.303181 0.173658 0.201882 0.7772
0 0.660211 0.298663 0.188258 0.219127 0.719715
0 0.658607 0.30075 0.18584 0.221149 0.773987
0 0.659362 0.306909 0.180868 0.211339 0.820882
0 0.664661 0.302725 0.188601 0.22255 0.722338
0 0.657322 0.295695 0.185405 0.218972 0.726485
0 0.664515 0.301969 0.181699 0.214899 0.799549
0 0.659493 0.301971 0.192651 0.228882 0.843655
0 0.659557 0.301881 0.186778 0.214946 0.809624
0 0.658447 0.299841 0.18565 0.216192 0.774819
0 0.658443 0.301259 0.183666 0.215553 0.735705
0 0.659279 0.297619 0.193756 0.225391 0.740414
0 0.65837 0.300226 0.18324 0.214753 0.809117
0 0.659285 0.299386 0.193152 0.226974 0.774965
0 0.66221 0.301526 0.19168 0.227926 0.798052
0 0.661998 0.301536 0.188266 0.222576 0.807468
0 0.659904 0.298548 0.19163 0.221892 0.727745
0 0.65866 0.299135 0.188075 0.21842 0.712097
0 0.659827 0.304191 0.185183 0.220937 0.814411
0 0.661232 0.299446 0.187913 0.219326 0.812478
0 0.659746 0.29944 0.185216 0.21213 0.767571
0 0.660203 0.302847 0.183139 0.215562 0.76447
0 0.660223 0.300996 0.188523 0.218869 0.83019
0 0.658206 0.299958 0.185941 0.216261 0.760685
0 0.663605 0.302652 0.185991 0.212984 0.793674
0 0.662852 0.302204 0.174959 0.208074 0.835032
0 0.660746 0.297091 0.182719 0.212051 0.794599
0 0.662456 0.302088 0.184687 0.216295 0.81269
0 0.659705 0.304208 0.180032 0.210759 0.820058
0 0.660379 0.30227 0.185714 0.21539 0.816575
0 0.661495 0.301797 0.185772 0.216603 0.806846
0 0.660543 0.305954 0.186032 0.216074 0.794446
0 0.662862 0.301358 0.186484 0.220389 0.836821
0 0.66172 0.300454 0.187572 0.220988 0.821048
0 0.66325 0.299442 0.186188 0.219931 0.838382
0 0.661111 0.301046 0.183638 0.214229 0.803625
0 0.662973 0.300694 0.184118 0.212054 0.813506
0 0.664504 0.300207 0.1901 0.223182 0.763444
0 0.662099 0.302447 0.18051 0.211161 0.780535
0 0.660607 0.305423 0.182838 0.212035 0.850873
0 0.663585 0.298777 0.190301 0.21943 0.785197
0 0.663109 0.299853 0.18501 0.213634 0.814539
0 0.661329 0.303288 0.191103 0.222222 0.8195
0 0.662671 0.304777 0.187551 0.215359 0.829822
0 0.660193 0.303485 0.180368 0.210733 0.787987
0 0.661317 0.30296 0.184708 0.213816 0.842685
0 0.662544 0.304215 0.184115 0.214852 0.849059
0 0.663097 0.302978 0.180558 0.20965 0.829146
0 0.662677 0.301556 0.183722 0.210686 0.84553
0 0.662657 0.304468 0.184066 0.214419 0.824555
0 0.664262 0.302196 0.187527 0.21892 0.862939
0 0.66107 0.304796 0.183027 0.20868 0.825426
0 0.661858 0.301971 0.186968 0.212914 0.873533
0 0.659021 0.303257 0.185101 0.214294 0.847335
0 0.659983 0.302547 0.185337 0.214236 0.835346
0 0.661887 0.302024 0.18374 0.212255 0.836535
0 0.661316 0.302836 0.187368 0.213987 0.87788
0 0.663083 0.303903 0.183822 0.21359 0.859318
0 0.660516 0.298719 0.187529 0.213131 0.838005
0 0.660509 0.302109 0.180995 0.206516 0.836225
0 0.661101 0.299824 0.187578 0.216083 0.852748
0 0.66048 0.300703 0.186328 0.213286 0.822612
0 0.660851 0.301949 0.183598 0.215963 0.847006
0 0.66189 0.302542 0.186607 0.216178 0.844396
0 0.662111 0.302034 0.1862 0.213142 0.835134
0 0.661838 0.303568 0.187148 0.211246 0.843974
0 0.660854 0.301427 0.182813 0.211942 0.872282
0 0.662954 0.301995 0.187347 0.21426 0.867566
0 0.660264 0.301498 0.188219 0.212814 0.862671
0 0.660886 0.302403 0.184973 0.208492 0.845186
0 0.660196 0.301632 0.188031 0.215002 0.845225
0 0.661806 0.30157 0.185285 0.216211 0.862022
0 0.661914 0.300411 0.186253 0.215223 0.875065
0 0.661875 0.300641 0.187437 0.216933 0.877769
0 0.663679 0.30038 0.185745 0.216102 0.871944
0 0.662329 0.301183 0.187511 0.217305 0.886837
0 0.6624 0.301412 0.184728 0.214884 0.881709
0 0.66281 0.30145 0.186047 0.215717 0.891822
0 0.662505 0.301833 0.185095 0.215336 0.88121
0 0.662754 0.301374 0.184883 0.215873 0.886204
0 0.662799 0.30144 0.186037 0.215702 0.89158
