0 0.668409 0.515798 0.193276 0.233846 0.8789
0 0.698916 0.310933 0.176741 0.192466 0.821068
0 0.662092 0.726099 0.186409 0.214949 0.663948
0 0.650863 0.616965 0.303876 0.387437 0.638896
0 0.685556 0.279108 0.141211 0.173319 0.668819
0 0.691108 0.270537 0.148736 0.177122 0.620214
0 0.684526 0.270293 0.13404 0.161124 0.670987
0 0.685339 0.266055 0.129807 0.156142 0.657247
0 0.685709 0.274353 0.149069 0.164531 0.701027
0 0.688932 0.269802 0.146078 0.17944 0.633037
0 0.686973 0.271734 0.145918 0.170215 0.752234
0 0.684045 0.267242 0.144639 0.175279 0.696092
0 0.686854 0.269964 0.137729 0.164 0.740968
0 0.682395 0.268296 0.138765 0.15962 0.731294
0 0.686897 0.269159 0.145448 0.170435 0.715521
0 0.681734 0.26872 0.131938 0.162839 0.744512
0 0.688384 0.269335 0.150816 0.178462 0.685183
0 0.687302 0.27032 0.147027 0.173678 0.704307
0 0.683928 0.274281 0.143173 0.168581 0.834538
0 0.685913 0.269204 0.137917 0.161784 0.76726
0 0.681817 0.268236 0.136475 0.164145 0.783784
0 0.685614 0.267979 0.140669 0.167101 0.751653
0 0.688447 0.270495 0.149805 0.174424 0.773661
0 0.679682 0.272802 0.134613 0.156357 0.724501
0 0.684439 0.274041 0.138564 0.161115 0.747167
0 0.682654 0.271682 0.136929 0.158425 0.652935
0 0.687496 0.269093 0.139403 0.161862 0.743371
0 0.686992 0.267168 0.146735 0.168912 0.7676
0 0.681346 0.270502 0.134124 0.161123 0.774363
0 0.682962 0.271877 0.142908 0.165969 0.811941
0 0.685287 0.272175 0.135838 0.158085 0.798096
0 0.683492 0.26843 0.143924 0.167055 0.764636
0 0.683647 0.268234 0.137284 0.157892 0.632344
0 0.679978 0.272737 0.140307 0.16175 0.758753
0 0.68674 0.272132 0.148054 0.172446 0.761114
0 0.686808 0.270233 0.142915 0.162645 0.707018
0 0.681603 0.271526 0.140244 0.163237 0.708829
0 0.680299 0.271758 0.145201 0.168628 0.755084
0 0.687125 0.268926 0.147108 0.168035 0.748905
0 0.683687 0.268992 0.140237 0.160237 0.813015
0 0.683904 0.269487 0.13186 0.157101 0.7971
0 0.683955 0.268355 0.134963 0.156542 0.803825
0 0.683067 0.267303 0.137684 0.159246 0.765014
0 0.681465 0.270122 0.129198 0.152317 0.795742
0 0.681609 0.270044 0.134573 0.158981 0.817681
0 0.684112 0.269163 0.137744 0.159868 0.789751
0 0.685098 0.269099 0.13936 0.159037 0.754744
0 0.684384 0.269154 0.136958 0.158193 0.795532
0 0.682718 0.268361 0.134209 0.157758 0.823257
0 0.684781 0.267275 0.135884 0.157139 0.809424
0 0.682579 0.268429 0.12982 0.15263 0.824017
0 0.684251 0.269028 0.133823 0.152928 0.774371
0 0.683767 0.267487 0.132763 0.154148 0.6904
0 0.681798 0.270138 0.128214 0.150398 0.785202
0 0.682469 0.267557 0.135427 0.15993 0.773116
0 0.683387 0.267071 0.135761 0.157207 0.682718
0 0.683967 0.265763 0.137973 0.158109 0.785544
0 0.679678 0.269281 0.128798 0.15128 0.784384
0 0.681249 0.270336 0.132951 0.155449 0.750886
0 0.683365 0.267802 0.134781 0.157699 0.744596
0 0.68502 0.268342 0.134042 0.156932 0.818497
0 0.683056 0.269576 0.134334 0.157336 0.761153
0 0.684793 0.269257 0.133845 0.154432 0.776355
0 0.682698 0.268664 0.129535 0.15045 0.733866
0 0.68416 0.269105 0.134695 0.157463 0.792286
0 0.682875 0.26896 0.133445 0.157497 0.830393
0 0.684144 0.2693 0.135043 0.156868 0.790896
0 0.683898 0.26744 0.137077 0.160348 0.814143
0 0.682477 0.26892 0.129748 0.152203 0.696263
0 0.680801 0.270329 0.127948 0.14924 0.796906
0 0.683427 0.268919 0.134208 0.157878 0.801953
0 0.681132 0.268498 0.128074 0.151058 0.823168
0 0.681574 0.26912 0.131935 0.156745 0.821088
0 0.684013 0.266907 0.134681 0.158448 0.809338
0 0.680796 0.268089 0.128001 0.150814 0.783741
0 0.682533 0.269248 0.134573 0.155229 0.82931
0 0.681335 0.26925 0.13446 0.157209 0.779521
0 0.681323 0.268805 0.129728 0.152164 0.814812
0 0.680591 0.268421 0.130321 0.152904 0.797958
0 0.681455 0.270256 0.132224 0.154564 0.803021
0 0.681611 0.269409 0.132241 0.154201 0.780658
0 0.682411 0.268243 0.134031 0.157402 0.814681
0 0.681629 0.269264 0.132536 0.156321 0.809184
0 0.682715 0.268321 0.13439 0.157652 0.815527
0 0.681724 0.268888 0.131198 0.154263 0.792168
0 0.681698 0.269249 0.13111 0.153451 0.79147
0 0.68154 0.269751 0.131315 0.1547 0.803907
0 0.6816 0.268557 0.13108 0.15415 0.824438
0 0.68215 0.26863 0.132635 0.155777 0.828352
0 0.683465 0.268482 0.133595 0.156363 0.802157
0 0.68128 0.269171 0.131436 0.155067 0.8199
0 0.681989 0.268467 0.132275 0.156233 0.817867
0 0.682767 0.268763 0.134006 0.157112 0.83574
0 0.681894 0.268193 0.131534 0.154713 0.805802
0 0.682381 0.268611 0.132733 0.155871 0.818984
0 0.682765 0.268761 0.134002 0.157109 0.835407
