0 0.441054 0.488984 0.387048 0.452142 0.614345
0 0.455593 0.488637 0.387787 0.442356 0.619404
0 0.439777 0.494079 0.407522 0.458401 0.640709
0 0.463584 0.496702 0.366256 0.423816 0.611023
0 0.455704 0.486322 0.426915 0.468948 0.675607
0 0.453319 0.480314 0.400342 0.453825 0.641433
0 0.443444 0.49049 0.377346 0.441053 0.666503
0 0.451083 0.494981 0.354025 0.408413 0.710468
0 0.42681 0.50433 0.413715 0.492254 0.652006
0 0.44128 0.498886 0.39098 0.423339 0.66906
0 0.436887 0.483978 0.380912 0.448098 0.612024
0 0.457658 0.500479 0.373537 0.433668 0.774118
0 0.460505 0.49459 0.3396 0.398232 0.763593
0 0.457144 0.486526 0.358281 0.418553 0.711415
0 0.450697 0.486587 0.393742 0.451586 0.703326
0 0.438877 0.496036 0.382994 0.451156 0.665574
0 0.446549 0.495991 0.382333 0.438878 0.76074
0 0.456442 0.486919 0.361688 0.446182 0.658576
0 0.446827 0.493396 0.399517 0.47484 0.699571
0 0.448532 0.49393 0.355968 0.413353 0.730816
0 0.446565 0.492547 0.361079 0.42911 0.682394
0 0.449096 0.500712 0.357939 0.415445 0.737423
0 0.427012 0.504922 0.401881 0.477897 0.718562
0 0.442454 0.500253 0.388618 0.441906 0.753429
0 0.45309 0.49432 0.364113 0.432222 0.800637
0 0.452406 0.499946 0.377357 0.43546 0.766064
0 0.445021 0.495459 0.385048 0.445491 0.741336
0 0.451725 0.503659 0.39694 0.483826 0.716915
0 0.44831 0.490962 0.389025 0.452698 0.729201
0 0.44788 0.491616 0.37181 0.438759 0.722621
0 0.439159 0.498479 0.389465 0.457819 0.735287
0 0.44646 0.500988 0.392744 0.43255 0.728316
0 0.435484 0.508279 0.382684 0.431602 0.727159
0 0.433623 0.507004 0.389175 0.456249 0.778051
0 0.448732 0.490884 0.399696 0.450344 0.795161
0 0.443099 0.491526 0.415076 0.470204 0.809534
0 0.432779 0.503907 0.417753 0.48948 0.812164
0 0.415764 0.508072 0.413515 0.465795 0.662723
0 0.445857 0.498506 0.39035 0.449683 0.796433
0 0.432572 0.500274 0.400601 0.474647 0.733384
0 0.442749 0.505003 0.411887 0.475799 0.715342
0 0.453078 0.499202 0.392313 0.446766 0.780222
0 0.430385 0.490472 0.447091 0.519426 0.768115
0 0.443289 0.494319 0.411534 0.489146 0.763547
0 0.446426 0.495949 0.419484 0.476044 0.828479
0 0.429054 0.495962 0.400708 0.476156 0.753378
0 0.448193 0.497937 0.397045 0.448215 0.76515
0 0.42215 0.50781 0.425224 0.48875 0.751114
0 0.421928 0.509933 0.388157 0.471063 0.751004
0 0.427307 0.504167 0.418139 0.473799 0.791414
0 0.435181 0.499673 0.405746 0.456235 0.783228
0 0.425964 0.494858 0.43653 0.53254 0.754956
0 0.436465 0.502024 0.462139 0.519382 0.744562
0 0.436675 0.505273 0.395247 0.44694 0.788867
0 0.428331 0.501125 0.405071 0.452756 0.79614
0 0.428071 0.50713 0.431072 0.492049 0.785241
0 0.43507 0.500255 0.407554 0.452372 0.817547
0 0.438522 0.502106 0.416426 0.463671 0.780081
0 0.426492 0.495314 0.389286 0.465031 0.819747
0 0.438561 0.501521 0.398158 0.471651 0.818617
0 0.423435 0.493104 0.422122 0.503233 0.793191
0 0.440972 0.496955 0.391363 0.466474 0.808303
0 0.439599 0.49618 0.412044 0.484455 0.795138
0 0.425347 0.497356 0.428338 0.494642 0.805996
0 0.422699 0.505271 0.41874 0.493543 0.786812
0 0.426404 0.501018 0.414714 0.490407 0.810976
0 0.423979 0.504588 0.414448 0.490412 0.820225
0 0.432504 0.502277 0.425204 0.495358 0.812363
0 0.438701 0.49318 0.414058 0.48704 0.806277
0 0.438119 0.501911 0.406178 0.471734 0.835963
0 0.438677 0.498672 0.42001 0.487619 0.823137
0 0.43011 0.501996 0.414695 0.488256 0.830382
0 0.434047 0.498772 0.414472 0.481158 0.812164
0 0.4321 0.50007 0.421863 0.490896 0.835951
0 0.439483 0.498214 0.413018 0.483529 0.8364
0 0.4303 0.498855 0.419111 0.486834 0.836337
0 0.437565 0.501788 0.420525 0.488334 0.847169
0 0.437462 0.49777 0.418736 0.485634 0.838563
0 0.430308 0.498851 0.419143 0.486809 0.836494
