0 0.508556 0.335042 0.184976 0.204157 0.915363
0 0.507963 0.336646 0.191017 0.232055 0.994958
0 0.50602 0.338837 0.232162 0.272527 0.698834
0 0.520768 0.335592 0.20442 0.238676 0.916399
0 0.689632 0.396495 0.224754 0.259626 0.770657
0 0.501984 0.343295 0.201091 0.242774 0.86464
0 0.66775 0.410018 0.236479 0.2693 0.765194
0 0.872176 0.419172 0.133271 0.166069 0.65827
0 0.334793 0.361353 0.177036 0.230075 0.626322
0 0.67626 0.403012 0.218945 0.254224 0.915506
0 0.51059 0.341018 0.210562 0.251508 0.911636
0 0.506829 0.34945 0.208751 0.252674 0.949677
0 0.671557 0.416662 0.216516 0.258813 0.907292
0 0.34294 0.370647 0.214617 0.265482 0.811352
0 0.868742 0.419581 0.146545 0.181016 0.636547
0 0.516115 0.338529 0.213657 0.250666 0.85744
0 0.68246 0.40386 0.222963 0.254698 0.813443
0 0.351362 0.365309 0.217675 0.269776 0.664778
0 0.869348 0.415708 0.133901 0.171617 0.631731
0 0.511472 0.345955 0.221017 0.266095 0.892847
0 0.675896 0.40757 0.223849 0.274128 0.869401
0 0.339524 0.365001 0.230423 0.281585 0.790424
0 0.512529 0.341315 0.206407 0.250288 0.891154
0 0.683822 0.403524 0.200558 0.239599 0.771079
0 0.345356 0.363313 0.181839 0.223633 0.612479
0 0.506929 0.340204 0.217724 0.262137 0.863912
0 0.669987 0.402227 0.219942 0.26505 0.825023
0 0.335526 0.364387 0.211778 0.251252 0.692028
0 0.506664 0.345333 0.215556 0.245691 0.939446
0 0.681351 0.407451 0.222196 0.26026 0.895618
0 0.335992 0.362366 0.221544 0.2621 0.790549
0 0.67548 0.401517 0.224829 0.26663 0.807545
0 0.514293 0.33962 0.217521 0.260442 0.796107
0 0.348912 0.361176 0.217913 0.265879 0.75432
0 0.506298 0.340338 0.220844 0.25652 0.831886
0 0.681153 0.403545 0.213704 0.244967 0.793532
0 0.343863 0.363339 0.191719 0.232402 0.607613
0 0.515205 0.344124 0.209926 0.245333 0.857855
0 0.685885 0.40631 0.213975 0.251051 0.814553
0 0.345867 0.366844 0.184615 0.22134 0.634655
0 0.513882 0.34487 0.217894 0.248234 0.858515
0 0.679228 0.403442 0.220558 0.254327 0.840559
0 0.348129 0.367796 0.214063 0.25729 0.704155
0 0.507703 0.341783 0.217363 0.25124 0.889479
0 0.682307 0.404557 0.21478 0.248744 0.86753
0 0.357076 0.368795 0.21385 0.256214 0.705307
0 0.684615 0.404812 0.202447 0.243803 0.804541
0 0.510132 0.342851 0.201827 0.240234 0.803835
0 0.34719 0.365761 0.197027 0.235745 0.651567
0 0.512628 0.34623 0.223019 0.252208 0.895788
0 0.686336 0.403903 0.226848 0.263937 0.887904
0 0.353357 0.367788 0.211157 0.247075 0.759668
0 0.853908 0.416193 0.142382 0.167062 0.637586
0 0.502994 0.34968 0.222311 0.26087 0.829196
0 0.685726 0.4068 0.209108 0.253212 0.807418
0 0.676262 0.408044 0.229117 0.268834 0.79616
0 0.511514 0.34164 0.216819 0.249508 0.780645
0 0.342637 0.367966 0.209245 0.247998 0.692353
0 0.685115 0.401349 0.222927 0.264853 0.869353
0 0.515611 0.339834 0.219759 0.255575 0.853266
0 0.355309 0.361331 0.209817 0.24909 0.66083
0 0.685495 0.406537 0.207147 0.242324 0.926044
0 0.511117 0.344957 0.20532 0.236515 0.896408
0 0.342284 0.370661 0.191328 0.221693 0.787489
0 0.681885 0.407838 0.230555 0.27893 0.914047
0 0.513975 0.349921 0.21571 0.256764 0.851765
0 0.352934 0.363591 0.214358 0.257324 0.725624
0 0.509493 0.340081 0.208066 0.239749 0.876253
0 0.677948 0.401274 0.224821 0.255764 0.864591
0 0.341429 0.354286 0.20336 0.237651 0.724686
0 0.679788 0.402429 0.224304 0.267145 0.934785
0 0.513469 0.342862 0.207641 0.243177 0.897727
0 0.352461 0.361222 0.196923 0.233877 0.784916
0 0.682573 0.405324 0.236625 0.273834 0.930352
0 0.509772 0.342558 0.215758 0.253065 0.879581
0 0.350457 0.359409 0.222106 0.255185 0.835954
0 0.681738 0.406545 0.219563 0.248521 0.928479
0 0.507701 0.342872 0.21444 0.244716 0.916677
0 0.348677 0.365255 0.211675 0.250935 0.793181
0 0.511518 0.341446 0.206765 0.253254 0.802138
0 0.683538 0.403288 0.221868 0.268223 0.79959
0 0.350108 0.360706 0.21523 0.258073 0.693149
0 0.859381 0.421225 0.131161 0.152831 0.636149
0 0.681172 0.412198 0.213367 0.250793 0.850484
0 0.513934 0.347154 0.206105 0.245087 0.819548
0 0.33949 0.367115 0.204747 0.242308 0.651335
0 0.68153 0.396473 0.230523 0.272511 0.82966
0 0.5155 0.338411 0.215254 0.250486 0.81749
0 0.345284 0.357381 0.213313 0.244768 0.729369
0 0.681356 0.404445 0.219796 0.260303 0.920941
0 0.51472 0.34276 0.21632 0.247027 0.890287
0 0.353518 0.359969 0.217658 0.250448 0.817476
0 0.513268 0.342498 0.218025 0.254162 0.863377
0 0.682836 0.407121 0.225224 0.264095 0.857004
0 0.352774 0.360639 0.210576 0.249312 0.70388
0 0.681222 0.409427 0.220928 0.259267 0.904544
0 0.510124 0.34587 0.212976 0.250963 0.895565
0 0.353401 0.365482 0.210178 0.251381 0.784778
0 0.683164 0.409556 0.22669 0.269031 0.87606
0 0.512014 0.345139 0.218472 0.253341 0.860628
0 0.348749 0.366739 0.218674 0.257009 0.797349
0 0.686933 0.405925 0.221368 0.262122 0.810996
0 0.514852 0.342184 0.218519 0.251035 0.803256
0 0.352637 0.36171 0.220102 0.252539 0.736974
0 0.510876 0.336697 0.213443 0.246978 0.75858
0 0.679926 0.403342 0.226342 0.27025 0.75657
0 0.359766 0.357621 0.219105 0.254894 0.721032
0 0.679854 0.411293 0.215257 0.248587 0.863057
0 0.511113 0.34233 0.209369 0.240989 0.857417
0 0.353399 0.358909 0.211738 0.24518 0.790537
0 0.513267 0.340999 0.21118 0.25036 0.878182
0 0.686759 0.40391 0.21684 0.258126 0.861845
0 0.352979 0.355588 0.208786 0.243756 0.824653
0 0.509951 0.338521 0.214385 0.244286 0.86182
0 0.683888 0.405223 0.219667 0.256246 0.83874
0 0.352209 0.358661 0.212837 0.245093 0.796819
0 0.509499 0.342102 0.21267 0.254148 0.843248
0 0.680533 0.405672 0.228235 0.267209 0.795389
0 0.356777 0.358548 0.22236 0.256944 0.787251
0 0.506324 0.337613 0.216399 0.251903 0.917593
0 0.677881 0.404341 0.219741 0.259552 0.916043
0 0.35489 0.355913 0.216109 0.249178 0.845024
0 0.679386 0.408411 0.219792 0.260142 0.854267
0 0.509445 0.340256 0.212223 0.249783 0.845979
0 0.353871 0.357409 0.211269 0.245886 0.780287
0 0.684182 0.410662 0.218633 0.255299 0.870754
0 0.50802 0.341592 0.209989 0.24615 0.870608
0 0.352898 0.360979 0.211836 0.247134 0.808036
0 0.513975 0.343965 0.199047 0.241393 0.878528
0 0.681437 0.410513 0.207238 0.246974 0.858901
0 0.35572 0.360545 0.202794 0.241735 0.791188
0 0.507533 0.337303 0.208326 0.239386 0.858707
0 0.680274 0.406028 0.217954 0.251539 0.832376
0 0.350024 0.354958 0.211737 0.243812 0.79482
0 0.508736 0.340498 0.206846 0.240297 0.879639
0 0.681769 0.409167 0.211884 0.247474 0.864862
0 0.352633 0.358503 0.209735 0.243728 0.785836
0 0.507898 0.343298 0.210427 0.247235 0.898153
0 0.679019 0.41098 0.21699 0.257392 0.870569
0 0.350586 0.362391 0.206702 0.240063 0.812847
0 0.681744 0.413902 0.214096 0.248937 0.860548
0 0.511551 0.343453 0.209253 0.240699 0.849321
0 0.346134 0.360028 0.211097 0.244821 0.778692
0 0.680198 0.409154 0.218039 0.254028 0.862622
0 0.510124 0.342134 0.207881 0.238154 0.855331
0 0.350572 0.360904 0.205626 0.237908 0.785877
0 0.679365 0.408787 0.219206 0.25648 0.817004
0 0.509661 0.342708 0.213389 0.24818 0.815202
0 0.354783 0.361609 0.207769 0.241727 0.719906
0 0.50964 0.340514 0.211576 0.245509 0.881372
0 0.679377 0.411091 0.218083 0.258442 0.874999
0 0.354599 0.360372 0.211088 0.249252 0.833953
0 0.509487 0.34003 0.21012 0.24335 0.889756
0 0.679822 0.407672 0.226953 0.264889 0.885262
0 0.352854 0.358197 0.209687 0.242891 0.81281
0 0.68054 0.407211 0.215083 0.252551 0.900831
0 0.508994 0.338671 0.206125 0.24097 0.88966
0 0.353242 0.357638 0.202936 0.236758 0.856697
0 0.682791 0.411039 0.215052 0.255358 0.861937
0 0.508695 0.343269 0.205165 0.240837 0.861738
0 0.352474 0.359415 0.20634 0.242472 0.77644
0 0.679645 0.40938 0.222125 0.258994 0.8885
0 0.511031 0.341267 0.206487 0.238481 0.871804
0 0.353638 0.355862 0.20884 0.242143 0.791825
0 0.68142 0.408354 0.226325 0.268801 0.84338
0 0.509523 0.336792 0.21237 0.250048 0.839672
0 0.353972 0.356793 0.211624 0.249999 0.754628
0 0.510217 0.340617 0.2065 0.237798 0.849603
0 0.682424 0.410604 0.212051 0.248718 0.826596
0 0.348599 0.361746 0.204414 0.242175 0.776301
0 0.682307 0.411088 0.217189 0.256048 0.899171
0 0.511528 0.342021 0.211764 0.245205 0.895442
0 0.351815 0.359602 0.211116 0.24774 0.841139
0 0.513451 0.337113 0.21412 0.247971 0.839634
0 0.685471 0.406313 0.216845 0.254224 0.802789
0 0.350864 0.35736 0.21132 0.248789 0.757567
0 0.684294 0.40385 0.221292 0.26176 0.848971
0 0.512465 0.335339 0.212481 0.24806 0.842044
0 0.352452 0.353062 0.210342 0.247662 0.804966
0 0.681288 0.41229 0.220769 0.260099 0.864345
0 0.511459 0.34326 0.212629 0.249061 0.861458
0 0.35175 0.361646 0.212726 0.251033 0.803081
0 0.514007 0.342573 0.207874 0.244002 0.874398
0 0.684007 0.413159 0.217136 0.25255 0.870332
0 0.35142 0.359877 0.207968 0.246437 0.81477
0 0.681471 0.408971 0.220884 0.258233 0.849362
0 0.510573 0.338956 0.210812 0.245123 0.833826
0 0.356274 0.353287 0.208998 0.245702 0.787261
0 0.510844 0.34206 0.213285 0.248545 0.889697
0 0.681408 0.411182 0.217561 0.255178 0.880001
0 0.352861 0.360015 0.203312 0.238446 0.798616
0 0.68055 0.411452 0.217148 0.256019 0.895149
0 0.508222 0.340793 0.211804 0.244838 0.881544
0 0.35123 0.360444 0.208212 0.244573 0.820831
0 0.51067 0.341847 0.208896 0.243484 0.888855
0 0.68428 0.411718 0.218246 0.256071 0.872767
0 0.353507 0.358345 0.206138 0.24827 0.813892
0 0.512772 0.339219 0.211884 0.246566 0.882418
0 0.685641 0.410481 0.213702 0.251687 0.85976
0 0.355171 0.35661 0.205656 0.241004 0.813079
0 0.510874 0.340664 0.210197 0.250635 0.857684
0 0.683156 0.411592 0.218095 0.258299 0.853356
0 0.34952 0.357024 0.200185 0.243144 0.768147
0 0.512526 0.341429 0.211124 0.247163 0.893829
0 0.684548 0.412152 0.218028 0.25591 0.881893
0 0.355667 0.359494 0.206802 0.244394 0.839306
0 0.68317 0.41192 0.219736 0.259286 0.870156
0 0.512321 0.344549 0.213866 0.2484 0.869308
0 0.356718 0.361049 0.2127 0.250768 0.820313
0 0.512158 0.337862 0.21475 0.249986 0.897945
0 0.683731 0.405882 0.221016 0.2581 0.89017
0 0.35473 0.352832 0.209741 0.249829 0.846841
0 0.68024 0.40997 0.218442 0.254907 0.884913
0 0.507569 0.340813 0.211207 0.24672 0.880362
0 0.352947 0.359113 0.207473 0.245903 0.802925
0 0.683939 0.410249 0.218583 0.256837 0.868095
0 0.510261 0.343114 0.211911 0.247628 0.862641
0 0.352254 0.358581 0.205936 0.244021 0.800691
0 0.681319 0.409963 0.220547 0.255122 0.884397
0 0.510232 0.339731 0.209623 0.241351 0.868399
0 0.354229 0.355712 0.207952 0.245157 0.80779
0 0.684323 0.409033 0.218603 0.255042 0.911638
0 0.512606 0.340264 0.209938 0.241426 0.887804
0 0.353777 0.357451 0.206174 0.243011 0.845235
0 0.685143 0.409167 0.216512 0.252722 0.891121
0 0.511714 0.338801 0.211283 0.241675 0.878031
0 0.353742 0.357533 0.207922 0.241981 0.823673
0 0.682339 0.405056 0.226443 0.261581 0.869043
0 0.508769 0.337017 0.214871 0.247093 0.864079
0 0.350448 0.355027 0.205023 0.243582 0.827399
0 0.683683 0.407804 0.217676 0.252913 0.876437
0 0.512748 0.337687 0.209913 0.242359 0.855793
0 0.352893 0.354704 0.20095 0.239376 0.791446
0 0.685229 0.407056 0.220675 0.255253 0.878053
0 0.511032 0.338459 0.21473 0.250505 0.869867
0 0.353039 0.355309 0.214062 0.249257 0.834101
0 0.684239 0.408957 0.21916 0.253095 0.862876
0 0.51144 0.339891 0.210522 0.243057 0.85931
0 0.353599 0.357237 0.208929 0.242027 0.814838
0 0.682087 0.410223 0.222724 0.258851 0.873961
0 0.509955 0.341738 0.213767 0.250512 0.871605
0 0.351881 0.358299 0.209737 0.245847 0.820649
0 0.682522 0.410191 0.219949 0.256653 0.880669
0 0.511045 0.339688 0.212841 0.250046 0.851955
0 0.355037 0.358072 0.211698 0.24847 0.823817
0 0.516361 0.341353 0.212569 0.245657 0.862157
0 0.686187 0.409916 0.218484 0.254992 0.85956
0 0.355362 0.356219 0.209748 0.243546 0.824923
0 0.51515 0.341719 0.214095 0.247347 0.865923
0 0.685855 0.40915 0.219739 0.257724 0.859885
0 0.356624 0.356343 0.211584 0.246916 0.83996
0 0.683056 0.408713 0.21669 0.251857 0.887647
0 0.510929 0.339024 0.208507 0.241176 0.877514
0 0.352133 0.355411 0.20766 0.241605 0.853042
0 0.681893 0.410842 0.219071 0.256807 0.888854
0 0.510408 0.340359 0.210561 0.244467 0.873238
0 0.352813 0.357344 0.208408 0.242511 0.843315
0 0.685061 0.40791 0.22432 0.262856 0.89688
0 0.510501 0.339106 0.213388 0.249745 0.883085
0 0.353303 0.356003 0.212928 0.247805 0.854725
0 0.686399 0.411368 0.218985 0.257675 0.869765
0 0.513416 0.343604 0.211341 0.244315 0.868891
0 0.353761 0.359327 0.207672 0.242696 0.825615
0 0.684253 0.408603 0.222132 0.259304 0.906866
0 0.510775 0.339637 0.213119 0.248561 0.872984
0 0.353101 0.35669 0.210779 0.244454 0.855505
0 0.680525 0.411655 0.215488 0.252535 0.895913
0 0.508283 0.340036 0.210577 0.243507 0.872026
0 0.352435 0.359112 0.208394 0.241777 0.852889
0 0.682482 0.409723 0.216454 0.252954 0.896641
0 0.50935 0.339134 0.211035 0.242615 0.871691
0 0.353221 0.354984 0.210169 0.24229 0.85483
0 0.683174 0.407816 0.218848 0.254695 0.89587
0 0.508423 0.338692 0.210757 0.242779 0.881973
0 0.352429 0.354929 0.21315 0.245343 0.858622
0 0.685092 0.407436 0.21843 0.255273 0.877268
0 0.510817 0.338887 0.210962 0.243356 0.860489
0 0.354037 0.354936 0.212039 0.244731 0.838544
0 0.684643 0.408721 0.218381 0.254195 0.892698
0 0.510469 0.340005 0.211207 0.242983 0.87719
0 0.352589 0.356847 0.211178 0.243144 0.856029
0 0.682752 0.409565 0.217897 0.252847 0.889794
0 0.51065 0.341223 0.210505 0.243076 0.866358
0 0.353258 0.356212 0.210402 0.243001 0.844968
0 0.683784 0.40921 0.219208 0.255857 0.899587
0 0.510411 0.341653 0.211555 0.24431 0.884206
0 0.353024 0.357129 0.211494 0.244772 0.861345
0 0.684087 0.409195 0.218804 0.255456 0.891354
0 0.509694 0.340095 0.211174 0.243241 0.876129
0 0.352679 0.356966 0.211025 0.244037 0.849387
0 0.684528 0.409065 0.219233 0.256147 0.894017
0 0.510117 0.339604 0.211447 0.243791 0.877295
0 0.352715 0.356673 0.210955 0.244231 0.849375
0 0.683779 0.40921 0.219189 0.255844 0.899396
0 0.510414 0.341647 0.211527 0.244275 0.883951
0 0.353025 0.357121 0.211472 0.244762 0.861084
