0 0.52897 0.186079 0.165495 0.180931 0.996282
0 0.507593 0.202798 0.201211 0.221117 0.756839
0 0.525613 0.183608 0.165139 0.174008 0.630043
0 0.536518 0.186054 0.123847 0.141377 0.790649
0 0.518688 0.182189 0.135268 0.158703 0.667874
0 0.52581 0.177918 0.134302 0.165173 0.870608
0 0.530555 0.183656 0.145079 0.16808 0.865586
0 0.529573 0.180831 0.149127 0.176085 0.71639
0 0.535377 0.181808 0.150902 0.176992 0.812452
0 0.525063 0.179852 0.139956 0.158204 0.676441
0 0.530398 0.180034 0.137794 0.159032 0.861996
0 0.52264 0.182383 0.136848 0.156103 0.875475
0 0.528037 0.184742 0.132321 0.149316 0.808737
0 0.527916 0.182946 0.15154 0.175705 0.769923
0 0.526307 0.181247 0.142404 0.164504 0.805869
0 0.528461 0.183274 0.148975 0.178549 0.7972
0 0.527146 0.182991 0.143583 0.164708 0.787728
0 0.527742 0.180496 0.146774 0.168332 0.816778
0 0.527125 0.17935 0.146291 0.166432 0.906165
0 0.525255 0.180646 0.142674 0.164898 0.772553
0 0.522973 0.178257 0.154131 0.184265 0.73941
0 0.526224 0.180936 0.149136 0.176212 0.681006
0 0.526006 0.183439 0.14682 0.172807 0.854887
0 0.529769 0.180063 0.143706 0.167409 0.791048
0 0.527779 0.181583 0.141615 0.16266 0.795153
0 0.528309 0.181114 0.146811 0.169581 0.87794
0 0.5262 0.180938 0.149531 0.17076 0.822753
0 0.524608 0.181377 0.146055 0.166124 0.908996
0 0.526076 0.179494 0.144516 0.164519 0.794449
0 0.524282 0.179968 0.141833 0.164117 0.790517
0 0.528662 0.178655 0.144309 0.166336 0.773608
0 0.530299 0.177799 0.146662 0.164854 0.867962
0 0.527441 0.181674 0.148944 0.173317 0.816267
0 0.527454 0.184156 0.146642 0.171548 0.877792
0 0.529308 0.185135 0.144094 0.168519 0.901617
0 0.529818 0.180585 0.149618 0.171303 0.851477
0 0.526054 0.179572 0.14196 0.161811 0.770096
0 0.529056 0.180599 0.149185 0.170836 0.85507
0 0.528398 0.181575 0.146699 0.16631 0.846336
0 0.527738 0.181797 0.143875 0.165943 0.744198
0 0.527435 0.181617 0.139234 0.158933 0.861292
0 0.527181 0.179842 0.142801 0.162764 0.868465
0 0.526644 0.180217 0.143998 0.164272 0.822709
0 0.526332 0.181012 0.142326 0.163928 0.852135
0 0.526856 0.180053 0.140562 0.161059 0.907432
0 0.527286 0.179553 0.142065 0.16224 0.874245
0 0.528921 0.179383 0.147023 0.166993 0.838996
0 0.526395 0.181157 0.139207 0.15845 0.824178
0 0.526401 0.18082 0.14081 0.159994 0.832545
0 0.526143 0.179599 0.142039 0.162458 0.801654
0 0.528037 0.181548 0.146633 0.168911 0.826625
0 0.524728 0.179303 0.143445 0.164381 0.827576
0 0.530456 0.179577 0.146406 0.167269 0.861167
0 0.526677 0.178188 0.144171 0.165077 0.834224
0 0.526778 0.180664 0.139931 0.161641 0.800418
0 0.525597 0.180304 0.142086 0.163667 0.777236
0 0.527564 0.178994 0.147955 0.171493 0.786213
0 0.528371 0.18052 0.145706 0.166717 0.808815
0 0.52789 0.180364 0.145339 0.167453 0.838929
0 0.527625 0.176878 0.149664 0.167402 0.800512
0 0.528379 0.178228 0.147512 0.16746 0.86971
0 0.52673 0.179586 0.143419 0.164823 0.890344
0 0.527136 0.179396 0.144622 0.16438 0.844242
0 0.52677 0.178347 0.143632 0.164292 0.81507
0 0.527194 0.178239 0.144096 0.165431 0.86951
0 0.525862 0.17999 0.142394 0.163447 0.834266
0 0.527996 0.181822 0.141431 0.163739 0.848757
0 0.526639 0.178987 0.141994 0.161935 0.856276
0 0.52746 0.180235 0.141068 0.160921 0.841185
0 0.525459 0.178543 0.142269 0.162531 0.848497
0 0.527317 0.181367 0.142026 0.162992 0.854356
0 0.526151 0.176921 0.148072 0.170265 0.891711
0 0.527049 0.179366 0.143054 0.162938 0.832558
0 0.527074 0.178601 0.145282 0.16749 0.861944
0 0.52572 0.17873 0.143429 0.163619 0.860018
0 0.526098 0.177721 0.145416 0.165265 0.879869
0 0.526831 0.178251 0.144087 0.164832 0.875461
0 0.527585 0.177808 0.1424 0.161673 0.876334
0 0.526543 0.17567 0.144715 0.165785 0.828329
0 0.526644 0.178963 0.144334 0.163501 0.883044
0 0.526082 0.177798 0.146345 0.166136 0.8179
0 0.527298 0.178999 0.140418 0.161036 0.870843
0 0.527969 0.176797 0.144945 0.165196 0.849092
0 0.527286 0.179724 0.143385 0.164194 0.871526
0 0.528194 0.179812 0.143035 0.163698 0.853745
0 0.526955 0.177578 0.144068 0.163499 0.883043
0 0.526905 0.180161 0.143139 0.163456 0.86061
0 0.527578 0.178661 0.144231 0.163812 0.866791
0 0.527244 0.177608 0.144103 0.164103 0.843887
0 0.526974 0.178264 0.143557 0.164288 0.858328
0 0.527163 0.180741 0.141948 0.162025 0.86651
0 0.526789 0.180339 0.141917 0.161764 0.868663
0 0.527015 0.179819 0.142933 0.164021 0.876695
0 0.528053 0.179461 0.142538 0.163431 0.856927
0 0.527374 0.180294 0.142889 0.163575 0.889995
0 0.526944 0.180233 0.142457 0.163045 0.879947
0 0.52784 0.180512 0.142004 0.162484 0.897061
0 0.52732 0.180135 0.142039 0.162352 0.883205
0 0.527902 0.18027 0.142543 0.163186 0.88572
0 0.52784 0.180507 0.142007 0.162494 0.896707
