0 0.49023 0.123527 0.190534 0.243139 0.812913
0 0.491603 0.133711 0.180301 0.228697 0.782994
0 0.490806 0.130703 0.198509 0.23385 0.74034
0 0.490558 0.13334 0.189348 0.225707 0.651945
0 0.493086 0.135612 0.185318 0.218122 0.736046
0 0.49412 0.132766 0.192781 0.226912 0.843808
0 0.492619 0.128409 0.203199 0.233573 0.879005
0 0.491737 0.130615 0.193666 0.233667 0.704353
0 0.487668 0.131532 0.199197 0.232326 0.782113
0 0.493534 0.13254 0.193738 0.229162 0.783321
0 0.491017 0.131544 0.209542 0.242735 0.756002
0 0.491886 0.137219 0.186432 0.221876 0.889596
0 0.498621 0.13048 0.20105 0.234163 0.828858
0 0.492715 0.134488 0.209303 0.237823 0.891944
0 0.494333 0.136027 0.193769 0.234158 0.770659
0 0.488636 0.129355 0.207271 0.236923 0.801251
0 0.494382 0.128727 0.203248 0.237192 0.779136
0 0.493008 0.135756 0.20053 0.22541 0.874491
0 0.491928 0.138049 0.20785 0.243805 0.822271
0 0.49185 0.138113 0.19667 0.223425 0.810319
0 0.489206 0.134133 0.196176 0.228201 0.859622
0 0.489807 0.136509 0.214614 0.239424 0.843284
0 0.492003 0.138935 0.203333 0.232271 0.880342
0 0.486569 0.132692 0.201658 0.237959 0.70038
0 0.491115 0.136092 0.199305 0.234979 0.739824
0 0.495538 0.135942 0.209156 0.23212 0.769385
0 0.491038 0.130814 0.20655 0.2391 0.873703
0 0.489717 0.137045 0.207042 0.2384 0.799524
0 0.491324 0.138884 0.203511 0.237016 0.867438
0 0.488198 0.136949 0.208776 0.244319 0.780179
0 0.493569 0.134395 0.213854 0.24547 0.783745
0 0.492795 0.135602 0.1989 0.232265 0.697247
0 0.491738 0.130133 0.204542 0.238349 0.808925
0 0.494274 0.129388 0.196977 0.231182 0.873971
0 0.489223 0.140037 0.197512 0.22446 0.762021
0 0.495876 0.135811 0.202828 0.232837 0.772936
0 0.491662 0.131225 0.198792 0.23125 0.892842
0 0.491322 0.13408 0.208101 0.240401 0.833378
0 0.492877 0.138609 0.205878 0.23312 0.862934
0 0.48813 0.137396 0.19302 0.228795 0.849894
0 0.487994 0.132967 0.196055 0.224134 0.837554
0 0.490396 0.134246 0.202531 0.232677 0.843329
0 0.492749 0.14266 0.195702 0.231019 0.828627
0 0.489887 0.141557 0.202205 0.232616 0.830882
0 0.488638 0.140408 0.203219 0.234288 0.830386
0 0.488611 0.138257 0.199369 0.228501 0.792423
0 0.491349 0.139788 0.199096 0.231088 0.846511
0 0.484218 0.138714 0.198539 0.233106 0.864062
0 0.491054 0.137468 0.199283 0.234054 0.843191
0 0.49093 0.139786 0.201623 0.235913 0.837862
0 0.489599 0.136071 0.203218 0.232344 0.874007
0 0.490641 0.135465 0.204191 0.237681 0.830766
0 0.489846 0.139844 0.197851 0.230867 0.827094
0 0.492083 0.139114 0.203511 0.234156 0.855635
0 0.491842 0.135066 0.206489 0.238335 0.814159
0 0.487083 0.133788 0.203322 0.232596 0.810041
0 0.488641 0.137841 0.203 0.236976 0.859472
0 0.491898 0.138808 0.207208 0.23608 0.860879
0 0.488406 0.13812 0.202573 0.233618 0.81614
0 0.491891 0.139787 0.202623 0.235468 0.867879
0 0.489652 0.139239 0.202775 0.238396 0.855326
0 0.491671 0.140208 0.193776 0.228246 0.835763
0 0.492088 0.139353 0.200581 0.23079 0.85886
0 0.488395 0.139265 0.201664 0.234294 0.830167
0 0.494219 0.137316 0.206792 0.238255 0.87262
0 0.493698 0.138993 0.207763 0.237754 0.849288
0 0.489397 0.136919 0.202523 0.236206 0.89198
0 0.488183 0.139873 0.204504 0.23803 0.859983
0 0.492126 0.140093 0.20485 0.235393 0.848087
0 0.488193 0.138205 0.19968 0.230828 0.830369
0 0.494264 0.136796 0.204089 0.236053 0.877377
0 0.490868 0.137473 0.198069 0.233092 0.872815
0 0.4926 0.135943 0.206569 0.235906 0.854676
0 0.496935 0.135847 0.202993 0.234367 0.844125
0 0.49249 0.136406 0.202494 0.233089 0.856808
0 0.490336 0.137566 0.20271 0.231046 0.825502
0 0.491879 0.138109 0.203341 0.235989 0.84141
0 0.491691 0.139146 0.201391 0.233547 0.824058
0 0.494322 0.137335 0.202725 0.232262 0.837516
0 0.48993 0.139384 0.198871 0.229676 0.823478
0 0.490287 0.137476 0.195849 0.226864 0.870963
0 0.488989 0.137968 0.19705 0.229618 0.859391
0 0.49053 0.138191 0.202769 0.234614 0.859653
0 0.49179 0.139334 0.199118 0.230761 0.837858
0 0.490965 0.138303 0.203823 0.236207 0.860194
0 0.492401 0.140562 0.200902 0.230536 0.861642
0 0.494462 0.138627 0.201917 0.231364 0.86851
0 0.494604 0.137445 0.20306 0.232914 0.870489
0 0.495485 0.137189 0.201503 0.231679 0.841551
0 0.493104 0.138432 0.199547 0.228475 0.868954
0 0.49398 0.138314 0.199136 0.228794 0.854214
0 0.49312 0.138625 0.199805 0.229135 0.872453
0 0.493419 0.139049 0.198877 0.228395 0.860631
0 0.493753 0.138886 0.200029 0.229839 0.863859
0 0.493125 0.138615 0.199781 0.229121 0.872162
