0 0.475029 0.120052 0.157832 0.160596 0.794992
0 0.488688 0.119008 0.108 0.111645 0.636159
0 0.485311 0.116354 0.10359 0.117229 0.645228
0 0.481731 0.119649 0.114453 0.129755 0.753784
0 0.484443 0.124993 0.110345 0.123472 0.925632
0 0.488715 0.118027 0.101871 0.118145 0.738596
0 0.489797 0.1111 0.118347 0.138199 0.752197
0 0.486689 0.115675 0.097064 0.110974 0.65217
0 0.487424 0.115516 0.102171 0.115745 0.755457
0 0.483632 0.116211 0.106864 0.113283 0.770759
0 0.482231 0.119969 0.107075 0.120066 0.704079
0 0.486425 0.116277 0.110287 0.126458 0.72476
0 0.483933 0.114883 0.107974 0.125089 0.680903
0 0.483819 0.118467 0.0978853 0.112828 0.788453
0 0.487841 0.116103 0.107053 0.123174 0.770734
0 0.486992 0.113158 0.105833 0.118663 0.756583
0 0.48792 0.117423 0.100487 0.113761 0.77279
0 0.487953 0.114545 0.10412 0.116236 0.799581
0 0.483653 0.112738 0.110131 0.130781 0.632894
0 0.489303 0.11797 0.103827 0.120211 0.747612
0 0.485784 0.120335 0.107679 0.124836 0.851482
0 0.485855 0.117566 0.0983692 0.11757 0.74966
0 0.485196 0.117195 0.0971861 0.113005 0.737488
0 0.485304 0.116671 0.10147 0.123192 0.749806
0 0.484717 0.117173 0.10142 0.126102 0.832947
0 0.483966 0.119441 0.0972454 0.116398 0.798588
0 0.485578 0.118001 0.0975291 0.112735 0.846684
0 0.482399 0.114155 0.100705 0.117804 0.705014
0 0.484454 0.115147 0.101188 0.119535 0.744418
0 0.4879 0.115904 0.103902 0.119249 0.813636
0 0.481558 0.113475 0.101008 0.118333 0.82215
0 0.483439 0.117984 0.104759 0.124329 0.804908
0 0.484022 0.121282 0.104506 0.121949 0.817636
0 0.48448 0.117044 0.10423 0.123863 0.821313
0 0.481118 0.1191 0.100163 0.118824 0.658143
0 0.482539 0.120689 0.106258 0.121775 0.778105
0 0.485503 0.118765 0.108272 0.123236 0.738387
0 0.483076 0.120772 0.100796 0.12111 0.726295
0 0.484271 0.117623 0.102014 0.121416 0.791171
0 0.482999 0.116486 0.0991242 0.118268 0.765948
0 0.482539 0.116518 0.104957 0.120267 0.768618
0 0.481572 0.118391 0.104572 0.121764 0.807681
0 0.485393 0.11984 0.103405 0.12111 0.801481
0 0.485283 0.118716 0.103903 0.119231 0.814132
0 0.481803 0.11629 0.0987493 0.114426 0.840742
0 0.480916 0.11734 0.0969363 0.112992 0.757121
0 0.480316 0.115097 0.0992443 0.114153 0.786611
0 0.481504 0.117723 0.0994671 0.117047 0.785191
0 0.482246 0.116629 0.107648 0.123751 0.764546
0 0.479991 0.118724 0.101458 0.115773 0.789404
0 0.482445 0.115272 0.106003 0.124453 0.82113
0 0.485301 0.11385 0.103634 0.122294 0.798227
0 0.484911 0.118953 0.104674 0.122154 0.826184
0 0.483418 0.117001 0.109067 0.127306 0.765055
0 0.482176 0.118092 0.104907 0.122983 0.741119
0 0.48413 0.120172 0.104858 0.118184 0.734298
0 0.484092 0.117464 0.106296 0.12471 0.783394
0 0.48455 0.117092 0.107257 0.122566 0.739199
0 0.484957 0.117115 0.104011 0.12005 0.81869
0 0.483282 0.119318 0.102057 0.120529 0.818715
0 0.48318 0.117993 0.104707 0.118934 0.778164
0 0.483986 0.11754 0.106369 0.121265 0.719503
0 0.484101 0.117498 0.105812 0.122703 0.819307
0 0.482077 0.118797 0.106728 0.122967 0.768577
0 0.484754 0.119349 0.101774 0.120152 0.785156
0 0.484057 0.117825 0.107586 0.124011 0.750778
0 0.483705 0.118158 0.103215 0.121667 0.844685
0 0.482743 0.119197 0.111188 0.129875 0.791437
0 0.48307 0.120428 0.10919 0.128023 0.808107
0 0.483888 0.120643 0.107709 0.124857 0.819498
0 0.48284 0.119627 0.110235 0.126556 0.713541
0 0.484077 0.120234 0.106673 0.123591 0.79782
0 0.482613 0.118634 0.105442 0.122224 0.798579
0 0.481923 0.118604 0.109377 0.127225 0.834356
0 0.482258 0.118605 0.105867 0.123993 0.820005
0 0.484967 0.118307 0.105113 0.120939 0.824624
0 0.482603 0.115361 0.101952 0.115488 0.681874
0 0.484475 0.118817 0.10616 0.122271 0.844178
0 0.482919 0.118652 0.108077 0.126211 0.750474
0 0.484876 0.119666 0.102862 0.120894 0.838269
0 0.483631 0.117975 0.107604 0.124941 0.775991
0 0.484604 0.119002 0.10651 0.123664 0.80338
0 0.48514 0.119247 0.10445 0.121116 0.762552
0 0.484525 0.119006 0.106446 0.124181 0.80925
0 0.483717 0.119646 0.105668 0.121699 0.783383
0 0.484694 0.11799 0.10676 0.123873 0.798759
0 0.48391 0.118119 0.106111 0.120817 0.74631
0 0.485552 0.119028 0.105242 0.120698 0.758292
0 0.485525 0.119516 0.106186 0.122939 0.77692
0 0.486684 0.118254 0.106653 0.121166 0.796062
0 0.486276 0.117862 0.103825 0.118281 0.805264
0 0.4864 0.117223 0.104419 0.118036 0.768642
0 0.485068 0.118879 0.104251 0.118042 0.813178
0 0.485055 0.117721 0.103666 0.118165 0.795831
0 0.485842 0.119319 0.10491 0.122736 0.81536
0 0.485223 0.117602 0.103617 0.11771 0.79011
0 0.485927 0.118425 0.104513 0.118924 0.804094
0 0.485842 0.119314 0.104902 0.122748 0.814866
