0 0.574214 0.395741 0.200899 0.237022 0.949288
0 0.563885 0.408746 0.192597 0.2178 0.65744
0 0.569314 0.400649 0.213552 0.247636 0.615035
0 0.576046 0.416361 0.235432 0.266677 0.632243
0 0.572294 0.406066 0.208545 0.243072 0.634109
0 0.562643 0.405491 0.200844 0.235174 0.69187
0 0.563598 0.407609 0.207382 0.23111 0.714765
0 0.566038 0.409691 0.19586 0.23006 0.633446
0 0.575004 0.406347 0.197805 0.226886 0.696586
0 0.568594 0.407858 0.195001 0.225981 0.70056
0 0.567676 0.409526 0.190673 0.22202 0.688013
0 0.574194 0.41197 0.201559 0.233894 0.713437
0 0.564264 0.404954 0.195438 0.226994 0.708811
0 0.563794 0.41289 0.185701 0.214371 0.81689
0 0.573039 0.411514 0.207603 0.247899 0.692358
0 0.565988 0.40606 0.201312 0.231285 0.734064
0 0.564521 0.409819 0.187679 0.222262 0.775608
0 0.567018 0.405836 0.212846 0.2406 0.746712
0 0.561577 0.406677 0.209169 0.235062 0.762548
0 0.563206 0.405366 0.200057 0.225195 0.665632
0 0.565508 0.404165 0.206718 0.237421 0.686018
0 0.564202 0.408022 0.193139 0.226744 0.766531
0 0.56546 0.405733 0.190921 0.223374 0.679157
0 0.563771 0.408283 0.201102 0.235315 0.808186
0 0.558159 0.403702 0.19281 0.229237 0.679861
0 0.565787 0.406456 0.197736 0.226618 0.674198
0 0.565457 0.402233 0.186029 0.21838 0.653662
0 0.560075 0.407575 0.197244 0.227599 0.739536
0 0.565437 0.403471 0.2072 0.23798 0.77037
0 0.564238 0.405027 0.210425 0.238656 0.715504
0 0.566391 0.403831 0.209979 0.245795 0.699764
0 0.564968 0.402815 0.209261 0.245757 0.792644
0 0.564432 0.406479 0.20126 0.236086 0.697924
0 0.561466 0.406649 0.207223 0.241674 0.773513
0 0.566515 0.405166 0.202587 0.237448 0.823578
0 0.566839 0.401788 0.203459 0.232121 0.756918
0 0.565288 0.405214 0.202647 0.234583 0.755099
0 0.567435 0.408693 0.189151 0.220419 0.739434
0 0.567815 0.406704 0.201773 0.233618 0.784237
0 0.566762 0.406505 0.204508 0.236159 0.765189
0 0.562883 0.407443 0.194588 0.225644 0.675492
0 0.565884 0.40622 0.199438 0.236485 0.70418
0 0.566062 0.405798 0.200929 0.234583 0.796468
0 0.564417 0.405442 0.194797 0.229508 0.813622
0 0.565382 0.408135 0.2012 0.235731 0.802582
0 0.566548 0.405232 0.205056 0.237599 0.778756
0 0.56779 0.406563 0.204688 0.241526 0.758311
0 0.565653 0.407771 0.20192 0.236609 0.776338
0 0.562858 0.408203 0.199389 0.233056 0.724204
0 0.56752 0.403604 0.204385 0.239924 0.740086
0 0.564419 0.403001 0.2083 0.243606 0.772477
0 0.56212 0.410347 0.200253 0.232886 0.786098
0 0.567043 0.406296 0.201804 0.235648 0.812371
0 0.567759 0.404992 0.206011 0.236338 0.720114
0 0.567011 0.409345 0.199883 0.233407 0.791144
0 0.56618 0.405706 0.205428 0.240368 0.815118
0 0.567981 0.406341 0.202311 0.236698 0.791498
0 0.566331 0.406995 0.193992 0.22592 0.765577
0 0.565199 0.406062 0.202438 0.23986 0.777875
0 0.565787 0.405576 0.20747 0.23813 0.831624
0 0.566913 0.407986 0.201116 0.233924 0.785439
0 0.566433 0.403663 0.210898 0.241937 0.825144
0 0.566841 0.405302 0.210612 0.241805 0.789588
0 0.564672 0.406524 0.202892 0.236956 0.780253
0 0.565915 0.405375 0.20682 0.240378 0.801586
0 0.564845 0.407278 0.200053 0.231587 0.802481
0 0.565048 0.406211 0.20451 0.236061 0.826195
0 0.565034 0.405816 0.20602 0.238443 0.797729
0 0.567528 0.404862 0.201715 0.234376 0.792835
0 0.56541 0.405313 0.204143 0.237176 0.827033
0 0.564076 0.405384 0.205827 0.236724 0.814637
0 0.56429 0.404999 0.205933 0.241136 0.815044
0 0.565757 0.405743 0.205783 0.240114 0.807268
0 0.564841 0.405356 0.206078 0.239855 0.80003
0 0.566152 0.40431 0.209234 0.242406 0.808766
0 0.563835 0.405175 0.200933 0.23561 0.841457
0 0.565022 0.404456 0.207127 0.239441 0.839473
0 0.564317 0.402681 0.209303 0.241673 0.821622
0 0.56519 0.404445 0.201183 0.235449 0.800876
0 0.564932 0.404079 0.202061 0.235938 0.802341
0 0.564538 0.404941 0.201294 0.235566 0.804648
0 0.564008 0.404568 0.20301 0.235751 0.816319
0 0.564647 0.403969 0.205996 0.238641 0.827646
0 0.565932 0.403316 0.204758 0.238402 0.793692
0 0.56477 0.404952 0.204327 0.237126 0.83347
0 0.564833 0.404519 0.202379 0.236173 0.812721
0 0.565185 0.404319 0.203637 0.236425 0.840485
0 0.564899 0.404841 0.203404 0.236742 0.823634
0 0.565345 0.404481 0.203582 0.237222 0.833358
0 0.56517 0.404314 0.203609 0.236392 0.840223
