0 0.455152 0.360826 0.3704 0.489815 0.614684
0 0.666901 0.370546 0.371257 0.441849 0.860075
0 0.46043 0.385717 0.374565 0.434645 0.69144
0 0.666473 0.381762 0.509957 0.535876 0.70284
0 0.688518 0.39523 0.491113 0.575413 0.706724
0 0.486625 0.388657 0.509231 0.591733 0.663461
0 0.673067 0.395265 0.54053 0.587582 0.805913
0 0.452955 0.404139 0.421219 0.533708 0.644517
0 0.695514 0.378374 0.459539 0.522666 0.79512
0 0.477785 0.388375 0.450127 0.526548 0.769849
0 0.441682 0.389273 0.473667 0.574231 0.831947
0 0.666784 0.384819 0.45803 0.559303 0.770862
0 0.659739 0.376151 0.429002 0.502999 0.879197
0 0.439108 0.393397 0.41492 0.489671 0.865686
0 0.703802 0.37149 0.448949 0.537349 0.724515
0 0.46616 0.379431 0.502554 0.57292 0.676347
0 0.700496 0.362083 0.461637 0.5492 0.706318
0 0.47677 0.36784 0.500547 0.575103 0.684291
0 0.702678 0.360577 0.476513 0.524415 0.745923
0 0.486629 0.375619 0.495904 0.546044 0.706339
0 0.704159 0.367257 0.493532 0.532965 0.829439
0 0.472968 0.377835 0.499983 0.546265 0.804326
0 0.680009 0.382634 0.441101 0.521331 0.835321
0 0.457062 0.394979 0.444917 0.529734 0.806256
0 0.685388 0.38432 0.405535 0.484889 0.804955
0 0.480528 0.391717 0.399011 0.48171 0.804848
0 0.700613 0.358428 0.478958 0.552273 0.724526
0 0.462679 0.370204 0.496364 0.569452 0.718711
0 0.467895 0.386081 0.466916 0.522502 0.78118
0 0.694608 0.378467 0.4605 0.515933 0.722748
0 0.462793 0.377262 0.444899 0.528129 0.834944
0 0.675031 0.367875 0.44547 0.521529 0.833473
0 0.471599 0.375886 0.468594 0.54169 0.859513
0 0.669229 0.381358 0.441088 0.500326 0.811347
0 0.676541 0.381092 0.411894 0.486705 0.867393
0 0.462952 0.381849 0.431221 0.517582 0.853774
0 0.674328 0.377773 0.467231 0.544274 0.889988
0 0.454676 0.3729 0.468634 0.556854 0.87796
0 0.457764 0.360234 0.436195 0.574749 0.750519
0 0.68456 0.368659 0.434148 0.521868 0.740333
0 0.685228 0.383306 0.394015 0.477245 0.84092
0 0.459724 0.387707 0.390337 0.467802 0.810206
0 0.685701 0.37918 0.436094 0.498316 0.842263
0 0.464158 0.384273 0.450095 0.519931 0.807675
0 0.691554 0.386325 0.433032 0.519355 0.883345
0 0.462346 0.393088 0.433 0.525579 0.837589
0 0.453122 0.385861 0.448994 0.536487 0.75614
0 0.6857 0.383896 0.452289 0.529247 0.753663
0 0.46305 0.385656 0.432326 0.500502 0.835978
0 0.689301 0.38313 0.426742 0.497227 0.827296
0 0.475067 0.382197 0.455369 0.537144 0.748111
0 0.684557 0.380277 0.443285 0.515638 0.729753
0 0.476658 0.376072 0.485001 0.57075 0.82988
0 0.690349 0.37643 0.454512 0.527947 0.770023
0 0.460955 0.394288 0.454386 0.523751 0.769197
0 0.68926 0.389787 0.442581 0.52636 0.76306
0 0.686778 0.384594 0.444125 0.524289 0.868415
0 0.468156 0.389335 0.462783 0.532815 0.867936
0 0.46343 0.375987 0.472873 0.52713 0.712271
0 0.686473 0.376374 0.455015 0.514888 0.670498
0 0.482065 0.372835 0.438136 0.526196 0.743929
0 0.698982 0.373167 0.429721 0.532463 0.716298
0 0.489685 0.385784 0.493893 0.539253 0.838042
0 0.690121 0.387293 0.472882 0.527395 0.784609
0 0.47254 0.385076 0.422956 0.49072 0.797876
0 0.675064 0.384599 0.409234 0.477181 0.781622
0 0.694391 0.387015 0.412705 0.493262 0.824851
0 0.458834 0.386045 0.423276 0.507387 0.810518
0 0.466761 0.386249 0.462047 0.522995 0.778362
0 0.691622 0.381652 0.428447 0.506786 0.770044
0 0.473201 0.382597 0.47046 0.532577 0.820456
0 0.676454 0.383252 0.438289 0.507793 0.799585
0 0.461934 0.387042 0.462455 0.534285 0.803084
0 0.677339 0.391207 0.441524 0.523188 0.795221
0 0.484652 0.389101 0.450547 0.52189 0.90584
0 0.68956 0.387322 0.439402 0.511572 0.896962
0 0.458358 0.380495 0.464185 0.535451 0.761081
0 0.679446 0.381375 0.455665 0.522724 0.725744
0 0.680605 0.388306 0.422793 0.507978 0.869844
0 0.48207 0.388563 0.436262 0.517594 0.858858
0 0.696627 0.375478 0.433774 0.514628 0.831331
0 0.485406 0.388985 0.456684 0.52596 0.822823
0 0.462452 0.384782 0.426326 0.504456 0.734763
0 0.684614 0.382076 0.41211 0.50108 0.708761
0 0.462765 0.39351 0.427993 0.504613 0.826469
0 0.68785 0.386541 0.422375 0.500203 0.789332
0 0.691058 0.393376 0.418865 0.500443 0.867769
0 0.478016 0.390465 0.434176 0.520022 0.833094
0 0.468657 0.385391 0.451178 0.530784 0.834648
0 0.685088 0.381789 0.437498 0.513094 0.820456
0 0.655196 0.385276 0.375156 0.516033 0.802245
0 0.487606 0.384204 0.468166 0.544207 0.771258
0 0.475419 0.393292 0.460826 0.529503 0.805735
0 0.678963 0.397894 0.428892 0.512639 0.748441
0 0.484671 0.384213 0.449388 0.531687 0.791696
0 0.681901 0.389811 0.445866 0.53031 0.783123
0 0.48083 0.381123 0.462644 0.532051 0.826055
0 0.671296 0.386688 0.429805 0.514062 0.790307
0 0.684366 0.395019 0.437405 0.50928 0.8629
0 0.479545 0.388751 0.436648 0.513512 0.843251
0 0.467254 0.371885 0.437233 0.519961 0.835069
0 0.682558 0.375177 0.429059 0.510074 0.813142
0 0.468624 0.378801 0.438891 0.526198 0.883878
0 0.684229 0.380475 0.424948 0.509287 0.842563
0 0.467337 0.388976 0.441259 0.529259 0.891627
0 0.675391 0.388643 0.42599 0.516053 0.867695
0 0.469019 0.386817 0.46086 0.511013 0.811753
0 0.668631 0.395835 0.435232 0.494741 0.756895
0 0.478383 0.388415 0.446213 0.503762 0.837573
0 0.693937 0.384216 0.444486 0.51504 0.797958
0 0.46767 0.375013 0.471455 0.541342 0.846737
0 0.679205 0.382967 0.450656 0.525912 0.77055
0 0.469997 0.388854 0.423666 0.507408 0.814491
0 0.676208 0.39055 0.409318 0.49701 0.791665
0 0.470642 0.398576 0.431511 0.504142 0.866043
0 0.677435 0.391014 0.45316 0.522988 0.808402
0 0.472494 0.389484 0.431578 0.508905 0.85634
0 0.679906 0.387459 0.430461 0.510157 0.847625
0 0.45649 0.386718 0.450856 0.521069 0.865465
0 0.673396 0.38474 0.46599 0.530431 0.839713
0 0.681634 0.391944 0.44623 0.509646 0.887737
0 0.469496 0.391022 0.442198 0.524353 0.886889
0 0.470039 0.386447 0.438987 0.529267 0.838795
0 0.690024 0.387014 0.435368 0.525878 0.834489
0 0.688652 0.386638 0.442668 0.520787 0.860583
0 0.475455 0.382105 0.448192 0.518055 0.84266
0 0.472618 0.400851 0.4537 0.522021 0.815261
0 0.677069 0.400265 0.460397 0.525407 0.798591
0 0.460943 0.389612 0.457745 0.537059 0.853022
0 0.678207 0.393185 0.428113 0.52167 0.826298
0 0.461615 0.385393 0.440506 0.528036 0.848505
0 0.688648 0.390547 0.437036 0.523792 0.838405
0 0.466065 0.391654 0.466729 0.529876 0.8551
0 0.692005 0.393368 0.461049 0.531958 0.844266
0 0.674287 0.392081 0.449451 0.537775 0.822146
0 0.466553 0.394346 0.439426 0.537081 0.804944
0 0.476597 0.394424 0.465598 0.527115 0.823765
0 0.688698 0.396092 0.453464 0.5211 0.802801
0 0.483413 0.392536 0.453436 0.527715 0.84632
0 0.6768 0.391165 0.466515 0.529415 0.818995
0 0.477933 0.387098 0.434119 0.521096 0.84701
0 0.68177 0.393147 0.435534 0.507559 0.843756
0 0.675106 0.387434 0.458869 0.527435 0.847906
0 0.464765 0.389852 0.455345 0.529481 0.835739
0 0.458799 0.383113 0.45294 0.538777 0.852848
0 0.679445 0.387003 0.463254 0.533103 0.850657
0 0.676727 0.391167 0.475558 0.541811 0.821402
0 0.468098 0.38682 0.456299 0.538816 0.821389
0 0.463346 0.391765 0.454352 0.525927 0.861663
0 0.682975 0.392886 0.458227 0.521109 0.85414
0 0.465406 0.397346 0.446087 0.517846 0.861502
0 0.681787 0.398404 0.45206 0.515356 0.843032
0 0.464071 0.387099 0.462447 0.541737 0.856776
0 0.675802 0.385246 0.467335 0.540835 0.83875
0 0.467787 0.39109 0.453706 0.525158 0.847125
0 0.691826 0.389978 0.448874 0.522821 0.840794
0 0.469405 0.389573 0.464434 0.52968 0.837645
0 0.68349 0.386378 0.46918 0.535828 0.822482
0 0.679892 0.391141 0.470054 0.531941 0.851787
0 0.459405 0.389343 0.468419 0.540038 0.847455
0 0.461965 0.395754 0.46092 0.5274 0.848466
0 0.670036 0.394549 0.446276 0.52791 0.831022
0 0.682893 0.397894 0.442965 0.510078 0.850607
0 0.469896 0.396174 0.44576 0.517247 0.85041
0 0.46531 0.395313 0.460854 0.525869 0.864475
0 0.674077 0.392453 0.467443 0.530831 0.853129
0 0.476109 0.399793 0.444983 0.522926 0.852273
0 0.679231 0.400798 0.455663 0.517833 0.845977
0 0.682442 0.396396 0.454927 0.514943 0.858615
0 0.466401 0.392125 0.463952 0.529188 0.852313
0 0.68581 0.399254 0.445942 0.514509 0.88025
0 0.472279 0.395363 0.456401 0.528516 0.8727
0 0.686871 0.400748 0.44758 0.515486 0.87414
0 0.470702 0.395989 0.456497 0.526031 0.872729
0 0.465839 0.396483 0.456819 0.528348 0.872606
0 0.681787 0.400073 0.445193 0.519823 0.86749
0 0.468923 0.393617 0.460402 0.531458 0.859884
0 0.679536 0.397832 0.451467 0.518971 0.850756
0 0.680029 0.397851 0.45168 0.51922 0.877208
0 0.462523 0.3929 0.45735 0.529202 0.876669
0 0.681512 0.399659 0.450604 0.517924 0.871885
0 0.468065 0.395542 0.450104 0.524637 0.869782
0 0.681116 0.399987 0.449294 0.515492 0.883039
0 0.462315 0.395311 0.448797 0.522915 0.879937
0 0.467411 0.395741 0.453783 0.527417 0.889465
0 0.684164 0.400048 0.453269 0.517955 0.883106
0 0.681781 0.399385 0.451315 0.514927 0.882643
0 0.467416 0.393736 0.452428 0.526624 0.881193
0 0.681128 0.39998 0.44928 0.515471 0.883303
0 0.462267 0.395302 0.448801 0.522919 0.880048
