0 0.400534 0.190603 0.178096 0.209854 0.962316
0 0.344279 0.491133 0.354691 0.360086 0.642509
0 0.41012 0.201722 0.180806 0.210471 0.84048
0 0.408311 0.206044 0.180084 0.238542 0.723027
0 0.407265 0.196427 0.199065 0.233106 0.636282
0 0.403666 0.19915 0.201875 0.242999 0.719882
0 0.401707 0.199404 0.191021 0.236076 0.761113
0 0.400493 0.199855 0.199903 0.239773 0.722277
0 0.40037 0.198749 0.197192 0.238115 0.732509
0 0.402308 0.200224 0.179726 0.216897 0.65015
0 0.40027 0.199725 0.194897 0.225973 0.762986
0 0.404236 0.204952 0.189472 0.231803 0.706895
0 0.403358 0.197112 0.190102 0.227334 0.725
0 0.41079 0.198662 0.188963 0.231022 0.851646
0 0.404979 0.199623 0.191785 0.22958 0.721815
0 0.410036 0.20308 0.206201 0.242308 0.864663
0 0.398425 0.204174 0.195762 0.242327 0.780528
0 0.400642 0.198527 0.202658 0.244567 0.746562
0 0.404576 0.197656 0.195326 0.233234 0.757946
0 0.404135 0.202254 0.190194 0.222107 0.850512
0 0.407399 0.198623 0.199827 0.244593 0.800545
0 0.401046 0.199489 0.194311 0.230258 0.800896
0 0.411303 0.200399 0.190136 0.229123 0.871131
0 0.405547 0.19929 0.208394 0.246599 0.852174
0 0.404598 0.20287 0.199572 0.242618 0.841412
0 0.409512 0.198242 0.187477 0.231674 0.794573
0 0.4068 0.199893 0.184763 0.224229 0.751768
0 0.405551 0.195683 0.191355 0.229175 0.785809
0 0.404866 0.198547 0.190981 0.234099 0.859566
0 0.404577 0.201143 0.190164 0.229869 0.811509
0 0.405055 0.20144 0.189234 0.228015 0.820453
0 0.40307 0.202325 0.193715 0.23142 0.799964
0 0.405701 0.197638 0.191814 0.225971 0.802258
0 0.407881 0.194461 0.187108 0.225525 0.749511
0 0.402328 0.19844 0.182219 0.221494 0.813478
0 0.408455 0.195851 0.179996 0.219634 0.832871
0 0.402952 0.200705 0.189422 0.221334 0.753335
0 0.407938 0.200716 0.189053 0.229557 0.776999
0 0.405221 0.199622 0.183855 0.222322 0.861868
0 0.401856 0.198484 0.184545 0.221472 0.813736
0 0.406079 0.202235 0.187351 0.223884 0.806148
0 0.405176 0.197368 0.184797 0.226439 0.800799
0 0.404332 0.19616 0.18057 0.213798 0.788544
0 0.405455 0.195945 0.184575 0.22124 0.793952
0 0.40835 0.204472 0.183092 0.221307 0.801387
0 0.404437 0.20252 0.181959 0.215411 0.811225
0 0.404508 0.200031 0.185476 0.225525 0.804044
0 0.405308 0.19754 0.183747 0.219355 0.773257
0 0.40488 0.1977 0.181118 0.224192 0.782826
0 0.404132 0.197704 0.181449 0.218223 0.840141
0 0.40364 0.198048 0.181183 0.21508 0.804536
0 0.404023 0.202388 0.182192 0.219994 0.806604
0 0.407773 0.203116 0.185145 0.219708 0.825523
0 0.407388 0.200579 0.190791 0.227178 0.770248
0 0.403033 0.202212 0.184303 0.223009 0.810398
0 0.406401 0.20339 0.186972 0.223205 0.84531
0 0.405378 0.198894 0.187995 0.224959 0.768027
0 0.404722 0.196905 0.191148 0.228251 0.798697
0 0.404017 0.199177 0.183022 0.216198 0.796344
0 0.408047 0.200793 0.186109 0.221101 0.803231
0 0.405693 0.199758 0.183845 0.217814 0.762793
0 0.407155 0.202514 0.177444 0.211433 0.821517
0 0.405817 0.201347 0.181115 0.216052 0.819389
0 0.406581 0.202814 0.182897 0.220031 0.811916
0 0.406739 0.203522 0.178834 0.21193 0.818821
0 0.404489 0.199946 0.181355 0.214757 0.765777
0 0.407764 0.202002 0.186839 0.22263 0.843591
0 0.406901 0.203071 0.188175 0.222358 0.799309
0 0.406878 0.197287 0.187871 0.222577 0.857926
0 0.405087 0.203402 0.185587 0.220954 0.823982
0 0.404922 0.201094 0.187515 0.223341 0.814809
0 0.406078 0.201854 0.186859 0.222523 0.807277
0 0.408614 0.20079 0.187599 0.220896 0.859681
0 0.406675 0.200009 0.18893 0.222862 0.84003
0 0.404221 0.196412 0.184824 0.219422 0.813054
0 0.404841 0.199431 0.180084 0.213637 0.808777
0 0.403488 0.200894 0.186559 0.221039 0.821956
0 0.404188 0.200408 0.187615 0.222554 0.808079
0 0.40529 0.201724 0.18686 0.221574 0.834745
0 0.405292 0.203611 0.187977 0.222423 0.817185
0 0.405191 0.202679 0.186773 0.219388 0.828351
0 0.40683 0.203356 0.188508 0.221334 0.8151
0 0.403649 0.201381 0.183109 0.215407 0.839924
0 0.404412 0.202787 0.185462 0.218853 0.842272
0 0.405141 0.202174 0.187238 0.220596 0.849042
0 0.405835 0.203746 0.186074 0.219098 0.808714
0 0.405947 0.202393 0.189451 0.224525 0.837825
0 0.405665 0.205227 0.188389 0.219951 0.850581
0 0.405175 0.202719 0.187403 0.220987 0.84482
0 0.40658 0.202571 0.190362 0.223141 0.853741
0 0.407421 0.202215 0.189922 0.222163 0.823799
0 0.406088 0.203126 0.189333 0.221787 0.849711
0 0.406173 0.20329 0.188428 0.221156 0.843831
0 0.406752 0.203154 0.190365 0.222289 0.859974
0 0.406771 0.20375 0.189579 0.221449 0.848393
0 0.406927 0.203109 0.189833 0.222175 0.851063
0 0.406755 0.203147 0.190355 0.22228 0.859647
