0 0.496308 0.3016 0.192186 0.227737 0.868263
0 0.507599 0.283465 0.182023 0.227899 0.987632
0 0.521164 0.327924 0.144764 0.155871 0.619194
0 0.510316 0.285376 0.176385 0.197449 0.647614
0 0.512389 0.28761 0.166647 0.197649 0.751664
0 0.512171 0.283606 0.183274 0.217511 0.706611
0 0.509927 0.281806 0.175087 0.209504 0.707961
0 0.507523 0.282426 0.176526 0.204801 0.778219
0 0.500514 0.280671 0.183355 0.207632 0.725574
0 0.5076 0.283429 0.161941 0.187052 0.665273
0 0.502565 0.281406 0.190565 0.213527 0.666568
0 0.508305 0.282078 0.175195 0.204031 0.666076
0 0.507461 0.28003 0.187639 0.217519 0.688079
0 0.506458 0.285549 0.17641 0.207692 0.812187
0 0.505438 0.2823 0.17936 0.207033 0.671065
0 0.506861 0.281028 0.183068 0.215642 0.815942
0 0.507349 0.283932 0.164855 0.19463 0.713577
0 0.503004 0.279424 0.181813 0.210129 0.743447
0 0.504264 0.283653 0.174529 0.20566 0.716692
0 0.504036 0.284719 0.171346 0.199428 0.792446
0 0.507346 0.283576 0.177741 0.204462 0.777876
0 0.500854 0.283828 0.170578 0.200802 0.807011
0 0.503114 0.281206 0.170701 0.203747 0.795716
0 0.502433 0.283184 0.186437 0.212523 0.827675
0 0.501721 0.284664 0.179169 0.20585 0.785255
0 0.506474 0.283988 0.178068 0.202044 0.779952
0 0.503621 0.283721 0.17335 0.202599 0.731739
0 0.504849 0.281044 0.179897 0.208291 0.74321
0 0.504446 0.279579 0.184763 0.215525 0.815526
0 0.504856 0.284052 0.180239 0.210272 0.821223
0 0.50706 0.282537 0.175858 0.210279 0.806139
0 0.500399 0.284561 0.183701 0.208974 0.797632
0 0.50812 0.282209 0.177501 0.20972 0.753625
0 0.506747 0.282071 0.174021 0.202611 0.698774
0 0.506496 0.28308 0.176362 0.207222 0.811407
0 0.508932 0.283629 0.178317 0.206115 0.81792
0 0.503581 0.283625 0.179498 0.207846 0.770266
0 0.504667 0.286192 0.174288 0.205735 0.738357
0 0.506491 0.282518 0.173784 0.202217 0.806081
0 0.504734 0.285654 0.173972 0.201905 0.773354
0 0.508498 0.284993 0.176162 0.201476 0.789274
0 0.506612 0.282143 0.175471 0.207398 0.789926
0 0.508602 0.284117 0.174662 0.198145 0.751126
0 0.508807 0.284598 0.172253 0.199873 0.788507
0 0.509246 0.287711 0.166723 0.19271 0.794216
0 0.507424 0.287585 0.171546 0.19632 0.815036
0 0.505458 0.287361 0.171125 0.200181 0.767653
0 0.508076 0.284885 0.17651 0.202893 0.75381
0 0.507249 0.285295 0.171809 0.201828 0.773562
0 0.508494 0.283681 0.170904 0.198899 0.838988
0 0.506429 0.283887 0.17709 0.206993 0.788167
0 0.506982 0.28526 0.173093 0.202691 0.793386
0 0.507075 0.285847 0.170748 0.19645 0.815729
0 0.507906 0.284499 0.17784 0.206854 0.772965
0 0.504636 0.285442 0.171801 0.200562 0.798466
0 0.506282 0.285237 0.174565 0.202184 0.803535
0 0.507129 0.284168 0.176523 0.20302 0.773873
0 0.501675 0.283279 0.179151 0.206432 0.807912
0 0.50504 0.285993 0.17459 0.204584 0.808887
0 0.509199 0.284529 0.176017 0.203812 0.793035
0 0.506762 0.283061 0.174044 0.201636 0.757217
0 0.507692 0.283563 0.175794 0.203443 0.802864
0 0.506179 0.283007 0.173218 0.203539 0.793579
0 0.507534 0.285336 0.173327 0.200957 0.806975
0 0.507394 0.285891 0.17212 0.199133 0.790171
0 0.506783 0.285316 0.17262 0.201052 0.784657
0 0.504919 0.284682 0.176464 0.206253 0.82649
0 0.506578 0.284494 0.175539 0.202173 0.786259
0 0.50891 0.283548 0.174618 0.201508 0.852519
0 0.507408 0.285525 0.172888 0.198396 0.833147
0 0.507773 0.284758 0.174221 0.199159 0.824438
0 0.507046 0.285685 0.167438 0.195482 0.781493
0 0.509696 0.284513 0.17264 0.199509 0.857769
0 0.507199 0.283486 0.171969 0.200606 0.85384
0 0.505198 0.282563 0.172625 0.202901 0.836997
0 0.508498 0.283569 0.173364 0.200245 0.846362
0 0.50716 0.285541 0.174661 0.200201 0.847515
0 0.506786 0.284575 0.174634 0.201358 0.822681
0 0.508228 0.284591 0.173168 0.200016 0.849554
0 0.507285 0.284285 0.175061 0.201939 0.82465
0 0.50698 0.285171 0.171819 0.199372 0.833597
0 0.50678 0.283792 0.172802 0.202579 0.817546
0 0.506011 0.283833 0.17238 0.20036 0.857417
0 0.505273 0.284947 0.17118 0.199174 0.848383
0 0.507231 0.283999 0.175509 0.201279 0.85578
0 0.507409 0.284155 0.171651 0.199885 0.825707
0 0.506744 0.28394 0.171163 0.200237 0.851851
0 0.507211 0.285836 0.171202 0.197781 0.851733
0 0.506957 0.284825 0.171517 0.198349 0.846475
0 0.507151 0.284094 0.173556 0.201654 0.857551
0 0.508963 0.284384 0.172691 0.198568 0.820304
0 0.507893 0.28469 0.172262 0.197369 0.85358
0 0.508548 0.284813 0.171801 0.197128 0.84511
0 0.508325 0.284864 0.172953 0.19792 0.857731
0 0.508141 0.285164 0.172203 0.197809 0.840681
0 0.508743 0.284932 0.172677 0.198394 0.848868
0 0.508324 0.284857 0.17294 0.197922 0.857471
