0 0.810643 0.303722 0.19507 0.231491 0.787447
0 0.823398 0.310033 0.203415 0.22934 0.665539
0 0.814074 0.306362 0.200419 0.239247 0.776624
0 0.817439 0.313097 0.209671 0.252747 0.665819
0 0.822188 0.308875 0.215892 0.248241 0.648896
0 0.81804 0.314913 0.211429 0.251189 0.666378
0 0.817366 0.308019 0.213817 0.2521 0.696942
0 0.816456 0.312135 0.203242 0.235228 0.807259
0 0.3102 0.17453 0.198984 0.241986 0.659301
0 0.171906 0.146731 0.251919 0.291667 0.748732
0 0.818771 0.307299 0.209112 0.248353 0.742475
0 0.313488 0.168889 0.210927 0.24301 0.609463
0 0.818906 0.314178 0.20071 0.233172 0.692084
0 0.311308 0.176535 0.195617 0.230015 0.631584
0 0.817556 0.309685 0.207767 0.24168 0.733155
0 0.317638 0.173795 0.213497 0.244892 0.706013
0 0.818856 0.309888 0.202932 0.236993 0.707713
0 0.319079 0.171875 0.20423 0.238737 0.632301
0 0.826519 0.30853 0.206211 0.245785 0.797025
0 0.322049 0.174642 0.204218 0.238195 0.721055
0 0.817931 0.31053 0.191883 0.226904 0.857643
0 0.318651 0.177356 0.207818 0.244862 0.800098
0 0.424833 0.273276 0.203438 0.23979 0.654515
0 0.316352 0.175578 0.203786 0.243374 0.769108
0 0.817504 0.309181 0.195048 0.231314 0.734322
0 0.81646 0.308071 0.208817 0.237159 0.7666
0 0.318944 0.177688 0.198796 0.23033 0.756029
0 0.157884 0.159792 0.235367 0.294919 0.737074
0 0.199347 0.210331 0.176392 0.210235 0.63826
0 0.817681 0.31619 0.197936 0.234759 0.781056
0 0.818659 0.305408 0.200517 0.235328 0.729503
0 0.309874 0.172966 0.192983 0.230305 0.710371
0 0.819516 0.301511 0.210079 0.24425 0.754814
0 0.312717 0.175111 0.20349 0.240863 0.679833
0 0.81847 0.309411 0.194739 0.227914 0.802764
0 0.312028 0.173361 0.18585 0.218618 0.737193
0 0.422758 0.270073 0.199124 0.229118 0.703384
0 0.20029 0.214718 0.167995 0.196603 0.628888
0 0.31804 0.179655 0.206415 0.24918 0.768984
0 0.820354 0.313804 0.207033 0.246709 0.755835
0 0.148939 0.163435 0.240998 0.295309 0.666275
0 0.81514 0.304694 0.193917 0.230269 0.773229
0 0.308831 0.170761 0.191752 0.228259 0.731222
0 0.14928 0.163361 0.236997 0.271771 0.691211
0 0.425804 0.26434 0.203916 0.23281 0.660933
0 0.313783 0.17464 0.197738 0.23827 0.83708
0 0.826224 0.30652 0.194437 0.231425 0.827075
0 0.157394 0.157333 0.206721 0.239389 0.748936
0 0.428086 0.268386 0.197453 0.236646 0.665397
0 0.814802 0.305233 0.209909 0.246266 0.798001
0 0.313702 0.176897 0.217646 0.249344 0.763256
0 0.315491 0.176905 0.207821 0.240524 0.769307
0 0.821564 0.309243 0.20136 0.232217 0.74492
0 0.434016 0.26661 0.212881 0.240971 0.70517
0 0.151825 0.168834 0.243985 0.286085 0.664701
0 0.316656 0.174966 0.203466 0.243801 0.728581
0 0.826235 0.311478 0.201388 0.243476 0.718653
0 0.820366 0.307709 0.193996 0.22866 0.680005
0 0.319321 0.175243 0.201445 0.236208 0.611699
0 0.818902 0.306253 0.198049 0.233402 0.780558
0 0.313619 0.173777 0.193899 0.225024 0.744287
0 0.822397 0.308218 0.199404 0.240559 0.820991
0 0.313577 0.172975 0.196441 0.232675 0.802957
0 0.426451 0.268194 0.193589 0.228125 0.687907
0 0.147033 0.164471 0.213214 0.248393 0.680722
0 0.196692 0.208117 0.176142 0.205901 0.663757
0 0.81759 0.306771 0.201555 0.237407 0.774385
0 0.314773 0.174275 0.195139 0.228475 0.763014
0 0.127749 0.158936 0.191753 0.22967 0.605678
0 0.820532 0.30863 0.203737 0.24394 0.799788
0 0.318037 0.177297 0.198533 0.238994 0.77515
0 0.144774 0.166611 0.218547 0.259426 0.64022
0 0.200414 0.210413 0.172926 0.205216 0.614769
0 0.424011 0.267719 0.198388 0.239458 0.606413
0 0.815866 0.307702 0.212061 0.250873 0.794027
0 0.31326 0.177381 0.207886 0.244493 0.743847
0 0.818944 0.309217 0.206621 0.242701 0.72648
0 0.311224 0.170838 0.197066 0.228466 0.685646
0 0.41855 0.269736 0.205128 0.243534 0.664913
0 0.816284 0.305371 0.204339 0.240034 0.72647
0 0.315577 0.172212 0.204781 0.240618 0.63478
0 0.814594 0.305086 0.197765 0.235416 0.802722
0 0.313413 0.175397 0.198829 0.236756 0.768644
0 0.319487 0.173299 0.201703 0.23996 0.847357
0 0.823885 0.307121 0.204521 0.240744 0.811467
0 0.421065 0.264845 0.197049 0.238789 0.764746
0 0.19674 0.209989 0.182523 0.212277 0.700125
0 0.161248 0.151547 0.243914 0.301364 0.693685
0 0.815765 0.304841 0.201483 0.235442 0.781947
0 0.316025 0.176037 0.201456 0.231886 0.759861
0 0.81553 0.304 0.203121 0.243292 0.78628
0 0.315128 0.17561 0.202246 0.237215 0.714787
0 0.423608 0.266177 0.210337 0.246062 0.653968
0 0.155727 0.161455 0.256296 0.299611 0.63531
0 0.314945 0.173233 0.193518 0.228874 0.841214
0 0.813421 0.301441 0.206718 0.244667 0.771932
0 0.148653 0.156626 0.251409 0.298353 0.752867
0 0.425091 0.263489 0.200559 0.238789 0.706845
0 0.195526 0.207535 0.182495 0.214213 0.669159
0 0.31415 0.172746 0.201441 0.242108 0.797421
0 0.816628 0.304636 0.201128 0.239739 0.786919
0 0.423729 0.2634 0.202315 0.239389 0.686896
0 0.140527 0.16094 0.232553 0.276291 0.639927
0 0.81477 0.304154 0.200844 0.236825 0.796227
0 0.312231 0.1736 0.1946 0.228795 0.736125
0 0.143534 0.162441 0.219181 0.250044 0.705064
0 0.421403 0.266447 0.188766 0.224171 0.626196
0 0.819718 0.307213 0.198545 0.238409 0.825793
0 0.320346 0.175914 0.198591 0.236799 0.784408
0 0.158341 0.171582 0.236378 0.275812 0.657356
0 0.197784 0.208506 0.176085 0.20867 0.616308
0 0.820239 0.303588 0.199728 0.236385 0.789298
0 0.319318 0.170614 0.193702 0.225113 0.784322
0 0.424641 0.260678 0.199384 0.233798 0.645608
0 0.144216 0.151091 0.220444 0.253332 0.606893
0 0.199809 0.211258 0.182018 0.207004 0.60293
0 0.320294 0.174022 0.198223 0.233664 0.811618
0 0.820074 0.303435 0.204666 0.239924 0.786315
0 0.431409 0.261265 0.212194 0.248963 0.686122
0 0.152656 0.158114 0.233661 0.269133 0.624247
0 0.200044 0.209752 0.18267 0.214373 0.610207
0 0.817541 0.311739 0.196288 0.231508 0.817432
0 0.317538 0.173533 0.195456 0.235203 0.794087
0 0.157031 0.167179 0.226312 0.261436 0.601558
0 0.819512 0.312427 0.203187 0.237911 0.822457
0 0.314926 0.175147 0.197884 0.231784 0.769516
0 0.418212 0.27271 0.195601 0.234267 0.692787
0 0.81933 0.310751 0.201569 0.240317 0.813614
0 0.31482 0.173675 0.197067 0.232815 0.783514
0 0.415851 0.269607 0.193866 0.23427 0.639892
0 0.81907 0.313066 0.19852 0.231422 0.776425
0 0.317299 0.177103 0.201165 0.233008 0.748525
0 0.196714 0.210008 0.184838 0.21414 0.623137
0 0.316204 0.176402 0.195755 0.234563 0.827114
0 0.818183 0.311514 0.19795 0.239123 0.791812
0 0.42262 0.268106 0.187365 0.229268 0.688694
0 0.152078 0.165982 0.232422 0.271564 0.682235
0 0.192387 0.208701 0.180257 0.218034 0.608527
0 0.818834 0.305313 0.201285 0.237165 0.811695
0 0.314938 0.176877 0.194817 0.229195 0.804555
0 0.415799 0.269285 0.193757 0.233252 0.768952
0 0.194462 0.208144 0.183263 0.212311 0.698456
0 0.154451 0.166201 0.25005 0.297757 0.68507
0 0.822029 0.304842 0.198097 0.234306 0.807479
0 0.313406 0.172296 0.20034 0.231684 0.795017
0 0.152338 0.158434 0.219597 0.247792 0.700647
0 0.412075 0.263724 0.189229 0.234504 0.690101
0 0.198788 0.206756 0.18122 0.210262 0.652344
0 0.818563 0.309425 0.19444 0.229593 0.795558
0 0.312968 0.172986 0.193534 0.23069 0.754255
0 0.4203 0.265971 0.193341 0.232852 0.640222
0 0.193624 0.209344 0.175318 0.206495 0.614215
0 0.819977 0.304652 0.196027 0.230632 0.791447
0 0.320047 0.171367 0.194843 0.228657 0.734738
0 0.197994 0.209341 0.18744 0.212836 0.664731
0 0.424418 0.265346 0.196417 0.232496 0.649045
0 0.319349 0.172948 0.203641 0.238721 0.770169
0 0.821701 0.303901 0.206939 0.246386 0.753096
0 0.153076 0.162569 0.227025 0.258274 0.661298
0 0.425631 0.261595 0.209701 0.246073 0.658354
0 0.817873 0.306182 0.196382 0.234554 0.776999
0 0.314261 0.173047 0.185432 0.220339 0.743508
0 0.420588 0.264677 0.190646 0.23193 0.60762
0 0.82037 0.308715 0.198744 0.232545 0.803568
0 0.318552 0.176694 0.201996 0.234717 0.802218
0 0.819497 0.304366 0.200959 0.236862 0.76916
0 0.312604 0.17226 0.190223 0.221745 0.747443
0 0.82133 0.302255 0.205499 0.241004 0.770231
0 0.311599 0.173384 0.194489 0.226571 0.759602
0 0.41041 0.267034 0.197027 0.241877 0.709113
0 0.193056 0.207323 0.18359 0.214867 0.618721
0 0.822597 0.308019 0.201003 0.240153 0.758069
0 0.317017 0.174846 0.197215 0.233902 0.756012
0 0.420131 0.264261 0.199336 0.243684 0.653423
0 0.194249 0.21067 0.18261 0.217034 0.638491
0 0.821427 0.305365 0.1989 0.237041 0.79751
0 0.316536 0.172314 0.188921 0.21879 0.773872
0 0.199983 0.209516 0.180989 0.210374 0.679595
0 0.420358 0.262904 0.200624 0.23938 0.664114
0 0.315523 0.172021 0.187695 0.220536 0.735085
0 0.819834 0.304723 0.199879 0.237172 0.734849
0 0.417782 0.265467 0.200827 0.241903 0.620202
0 0.82474 0.308831 0.200103 0.234978 0.799984
0 0.311532 0.173102 0.190738 0.222571 0.799973
0 0.823617 0.305939 0.202421 0.23776 0.799171
0 0.316016 0.174991 0.202782 0.2357 0.774639
0 0.43142 0.264002 0.206958 0.240267 0.677804
0 0.152437 0.165525 0.245977 0.280811 0.630334
0 0.195586 0.209203 0.1865 0.217521 0.613345
0 0.315613 0.174426 0.193 0.22382 0.807832
0 0.820112 0.306699 0.196035 0.229877 0.798708
0 0.197805 0.212 0.183777 0.21219 0.654192
0 0.426664 0.262828 0.201941 0.238651 0.62719
0 0.825689 0.306249 0.197072 0.23004 0.779155
0 0.314575 0.172353 0.189405 0.219831 0.773763
0 0.821435 0.306061 0.20027 0.236701 0.782536
0 0.313878 0.176486 0.193 0.225969 0.754732
0 0.418643 0.266266 0.200113 0.24084 0.603168
0 0.823859 0.306663 0.198715 0.232892 0.822627
0 0.31278 0.17508 0.198285 0.231292 0.779755
0 0.199627 0.211589 0.182384 0.211138 0.633026
0 0.424247 0.263836 0.206254 0.241261 0.620354
0 0.825794 0.308428 0.202948 0.237183 0.785011
0 0.313323 0.174468 0.196185 0.229195 0.767983
0 0.423207 0.264031 0.209632 0.245845 0.647654
0 0.315013 0.170941 0.19968 0.231729 0.825125
0 0.824401 0.304156 0.205256 0.238992 0.824984
0 0.414965 0.261643 0.190471 0.24097 0.707789
0 0.196792 0.208535 0.186231 0.214616 0.693471
0 0.818159 0.306132 0.197148 0.231266 0.790101
0 0.318141 0.173598 0.20717 0.23977 0.772182
0 0.82061 0.305944 0.196896 0.235403 0.788974
0 0.315768 0.17394 0.197044 0.230482 0.777067
0 0.415408 0.265172 0.198882 0.237788 0.615626
0 0.316951 0.174513 0.198595 0.227686 0.784072
0 0.823658 0.304333 0.200422 0.235858 0.770413
0 0.423951 0.263954 0.204539 0.235268 0.61277
0 0.820552 0.308809 0.20018 0.235576 0.832552
0 0.316086 0.173326 0.193483 0.226342 0.825877
0 0.422342 0.262242 0.193404 0.228736 0.616339
0 0.820743 0.30399 0.196489 0.232889 0.81962
0 0.315389 0.172062 0.194208 0.225856 0.806805
0 0.419885 0.264725 0.196018 0.236374 0.642447
0 0.821206 0.304013 0.199626 0.23541 0.807528
0 0.314213 0.170695 0.196634 0.22651 0.804382
0 0.82231 0.303891 0.195596 0.231698 0.786112
0 0.315355 0.171114 0.189211 0.222917 0.763232
0 0.82201 0.303448 0.199497 0.236086 0.812456
0 0.311482 0.173515 0.194891 0.226926 0.800756
0 0.409908 0.265162 0.192964 0.238155 0.666989
0 0.311995 0.173344 0.193492 0.223125 0.791075
0 0.820633 0.304114 0.198706 0.234564 0.77979
0 0.820257 0.308251 0.205122 0.241043 0.817292
0 0.312282 0.174908 0.194385 0.229624 0.798749
0 0.4107 0.266867 0.191766 0.238974 0.608994
0 0.31453 0.174895 0.195276 0.228886 0.802249
0 0.823589 0.305572 0.198813 0.235882 0.779641
0 0.313565 0.174647 0.194004 0.22766 0.772782
0 0.823376 0.30697 0.1998 0.235153 0.771452
0 0.824651 0.305578 0.199769 0.235088 0.768324
0 0.315191 0.173395 0.196708 0.229238 0.757331
0 0.313466 0.173759 0.194037 0.227493 0.818008
0 0.822715 0.304447 0.197158 0.234002 0.814716
0 0.416768 0.263556 0.195351 0.232068 0.600479
0 0.313282 0.173902 0.193674 0.226864 0.819395
0 0.820758 0.304305 0.197385 0.232788 0.809141
0 0.191112 0.207891 0.184787 0.21571 0.622951
0 0.820789 0.308691 0.204565 0.240797 0.831035
0 0.315141 0.17329 0.197983 0.229246 0.828425
0 0.413448 0.265267 0.194651 0.236055 0.6872
0 0.823174 0.307105 0.19683 0.235032 0.771758
0 0.311938 0.174369 0.192027 0.226507 0.766857
0 0.314208 0.173677 0.19768 0.230524 0.800972
0 0.822735 0.305301 0.199908 0.236426 0.795237
0 0.819821 0.306104 0.196018 0.232215 0.79734
0 0.312653 0.174897 0.19214 0.22616 0.795149
0 0.822043 0.305039 0.198428 0.233368 0.811937
0 0.310642 0.174067 0.194444 0.22946 0.79987
0 0.820773 0.304762 0.197986 0.232996 0.823803
0 0.314931 0.172832 0.19669 0.227835 0.820259
0 0.419131 0.265675 0.200681 0.234792 0.606256
0 0.313268 0.173043 0.192484 0.225643 0.774075
0 0.824061 0.304159 0.199648 0.235282 0.773092
0 0.312212 0.174454 0.193292 0.227526 0.811941
0 0.822378 0.305168 0.199087 0.233926 0.80686
0 0.82281 0.305191 0.197751 0.233523 0.806431
0 0.312923 0.174002 0.192228 0.225712 0.804635
0 0.312946 0.174167 0.19317 0.226635 0.825008
0 0.823048 0.304512 0.199447 0.234502 0.819964
0 0.415299 0.264402 0.197289 0.233015 0.636485
0 0.312936 0.17404 0.193612 0.226928 0.805613
0 0.822695 0.305161 0.19843 0.233857 0.802293
0 0.823259 0.304805 0.19857 0.234628 0.809999
0 0.313328 0.173989 0.193653 0.227127 0.805093
0 0.312946 0.17416 0.193159 0.22664 0.824672
0 0.823022 0.304502 0.199414 0.234463 0.819683
0 0.415297 0.264397 0.197267 0.233014 0.636085
