0 0.557524 0.439291 0.379367 0.414293 0.69089
0 0.477511 0.436132 0.357745 0.40438 0.632406
0 0.494125 0.438173 0.370864 0.42734 0.939722
0 0.553038 0.420107 0.334949 0.384889 0.678905
0 0.51131 0.429955 0.372934 0.440676 0.711411
0 0.518157 0.433022 0.404069 0.468332 0.80153
0 0.510004 0.427884 0.414774 0.488501 0.778556
0 0.507653 0.432134 0.416954 0.45331 0.820816
0 0.488963 0.439845 0.392129 0.442195 0.771779
0 0.485807 0.423912 0.370713 0.432609 0.824257
0 0.529318 0.432196 0.402582 0.438228 0.78751
0 0.505755 0.427339 0.393095 0.455685 0.665794
0 0.521664 0.421635 0.41676 0.453752 0.798042
0 0.523827 0.424749 0.411566 0.455608 0.800934
0 0.508799 0.428009 0.414999 0.491749 0.846975
0 0.507793 0.423232 0.356383 0.452731 0.720616
0 0.506112 0.426481 0.390073 0.437368 0.764515
0 0.516727 0.419493 0.437035 0.507602 0.655836
0 0.516141 0.434616 0.39664 0.479136 0.804172
0 0.505565 0.423505 0.397266 0.461998 0.866525
0 0.508947 0.428856 0.371979 0.452544 0.838115
0 0.507957 0.429621 0.427681 0.519078 0.807517
0 0.49478 0.430699 0.387246 0.443768 0.810482
0 0.507812 0.434325 0.365821 0.439945 0.835975
0 0.518089 0.427702 0.408719 0.466302 0.86251
0 0.518163 0.423743 0.4038 0.456897 0.881337
0 0.509571 0.424317 0.396018 0.457936 0.713052
0 0.50269 0.43059 0.381599 0.447901 0.851008
0 0.516823 0.431171 0.376489 0.442808 0.781174
0 0.518781 0.424995 0.407071 0.460284 0.855223
0 0.512777 0.4329 0.40329 0.462104 0.821177
0 0.504749 0.428117 0.386413 0.45079 0.933449
0 0.509194 0.431534 0.376195 0.455187 0.823537
0 0.509999 0.426928 0.383751 0.465358 0.798912
0 0.520152 0.426829 0.400639 0.452777 0.840296
0 0.505795 0.424617 0.377506 0.440683 0.822932
0 0.521378 0.428557 0.392562 0.456133 0.908754
0 0.501234 0.428297 0.379716 0.435154 0.796386
0 0.516745 0.426788 0.383324 0.456055 0.913427
0 0.506898 0.43014 0.377196 0.446959 0.879901
0 0.511844 0.431806 0.370856 0.432488 0.865359
0 0.510676 0.433262 0.375401 0.436929 0.836401
0 0.501891 0.432138 0.374595 0.446795 0.917139
0 0.515533 0.42773 0.396167 0.458175 0.881704
0 0.507992 0.434281 0.35709 0.433932 0.781165
0 0.505117 0.435874 0.379247 0.450607 0.836076
0 0.509764 0.433434 0.359103 0.430368 0.822288
0 0.514215 0.424081 0.371912 0.443358 0.852852
0 0.516111 0.433231 0.382635 0.446235 0.854486
0 0.50747 0.433314 0.391592 0.459199 0.866616
0 0.519513 0.425345 0.40629 0.46538 0.822895
0 0.513116 0.426828 0.390818 0.462582 0.86441
0 0.516097 0.436938 0.374434 0.436338 0.867052
0 0.49985 0.422434 0.38789 0.456609 0.836191
0 0.515241 0.426008 0.388864 0.456431 0.8919
0 0.511696 0.429304 0.38395 0.454284 0.877228
0 0.502512 0.433638 0.387161 0.441788 0.8684
0 0.518556 0.423853 0.39544 0.45189 0.87234
0 0.504557 0.426712 0.384832 0.455532 0.866064
0 0.509767 0.431076 0.379629 0.438865 0.865962
0 0.510472 0.433258 0.37364 0.44083 0.900511
0 0.506051 0.424692 0.382595 0.445735 0.89597
0 0.508483 0.423858 0.378253 0.447817 0.901103
0 0.507025 0.427748 0.377943 0.445598 0.9407
0 0.50493 0.422474 0.368054 0.44095 0.893169
0 0.510352 0.42224 0.385865 0.446064 0.900953
0 0.512202 0.43789 0.373277 0.436746 0.890242
0 0.512458 0.425981 0.366821 0.432811 0.923117
0 0.506235 0.423629 0.363341 0.425071 0.926132
0 0.503051 0.422051 0.392448 0.452172 0.913851
0 0.508928 0.426913 0.372889 0.439971 0.887744
0 0.508095 0.423894 0.386814 0.437303 0.890983
0 0.507367 0.421787 0.379979 0.440618 0.90252
0 0.503497 0.423199 0.377589 0.428246 0.905005
0 0.508225 0.425112 0.38267 0.447251 0.896046
0 0.509506 0.424018 0.388864 0.448086 0.908511
0 0.507341 0.425235 0.3811 0.446521 0.86233
0 0.507224 0.426513 0.376035 0.441735 0.9154
0 0.509481 0.43365 0.371688 0.43442 0.897543
0 0.507553 0.424743 0.373687 0.447594 0.896365
0 0.514341 0.422384 0.375119 0.445799 0.911524
0 0.512718 0.422853 0.386536 0.449358 0.907372
0 0.508661 0.430633 0.376899 0.438952 0.905192
0 0.504765 0.425888 0.379676 0.444443 0.906761
0 0.510605 0.43015 0.375791 0.442763 0.901862
0 0.505884 0.425247 0.384467 0.444557 0.912736
0 0.506268 0.430432 0.375799 0.437925 0.909508
0 0.508334 0.426851 0.380017 0.438875 0.910938
0 0.507728 0.424273 0.383195 0.438349 0.911343
0 0.507254 0.425791 0.376437 0.43659 0.919034
0 0.510858 0.422868 0.376155 0.439746 0.92648
0 0.51047 0.424261 0.380038 0.443007 0.899568
0 0.509413 0.424883 0.38097 0.439644 0.926369
0 0.508276 0.424817 0.378059 0.435109 0.91648
0 0.506416 0.425304 0.380224 0.437851 0.923469
0 0.508044 0.424071 0.379294 0.437796 0.928261
0 0.50771 0.424213 0.379697 0.438094 0.924984
0 0.506413 0.4253 0.380214 0.437798 0.923687
